20.0001	1097.0000
20.0206	1036.0000
20.0411	1058.0000
20.0615	1052.0000
20.0820	1062.0000
20.1025	1067.0000
20.1230	1166.0000
20.1435	1113.0000
20.1639	1064.0000
20.1844	1067.0000
20.2049	1117.0000
20.2254	1049.0000
20.2459	1195.0000
20.2663	1108.0000
20.2868	1126.0000
20.3073	1189.0000
20.3278	1101.0000
20.3483	1108.0000
20.3688	1067.0000
20.3892	1126.0000
20.4097	1100.0000
20.4302	1076.0000
20.4507	1161.0000
20.4712	1095.0000
20.4916	1068.0000
20.5121	1089.0000
20.5326	1125.0000
20.5531	1171.0000
20.5736	1116.0000
20.5940	1088.0000
20.6145	1162.0000
20.6350	1123.0000
20.6555	1211.0000
20.6760	1233.0000
20.6964	1133.0000
20.7169	1083.0000
20.7374	1210.0000
20.7579	1169.0000
20.7784	1112.0000
20.7988	1154.0000
20.8193	1125.0000
20.8398	1174.0000
20.8603	1148.0000
20.8808	1135.0000
20.9012	1108.0000
20.9217	1134.0000
20.9422	1206.0000
20.9627	1189.0000
20.9832	1237.0000
21.0037	1176.0000
21.0241	1254.0000
21.0446	1103.0000
21.0651	1204.0000
21.0856	1265.0000
21.1061	1207.0000
21.1265	1212.0000
21.1470	1178.0000
21.1675	1183.0000
21.1880	1208.0000
21.2085	1181.0000
21.2289	1174.0000
21.2494	1229.0000
21.2699	1237.0000
21.2904	1216.0000
21.3109	1273.0000
21.3313	1259.0000
21.3518	1319.0000
21.3723	1254.0000
21.3928	1296.0000
21.4133	1217.0000
21.4337	1259.0000
21.4542	1212.0000
21.4747	1239.0000
21.4952	1286.0000
21.5157	1296.0000
21.5362	1322.0000
21.5566	1344.0000
21.5771	1253.0000
21.5976	1259.0000
21.6181	1279.0000
21.6386	1270.0000
21.6590	1348.0000
21.6795	1300.0000
21.7000	1246.0000
21.7205	1287.0000
21.7410	1275.0000
21.7614	1279.0000
21.7819	1308.0000
21.8024	1301.0000
21.8229	1320.0000
21.8434	1311.0000
21.8638	1293.0000
21.8843	1277.0000
21.9048	1350.0000
21.9253	1348.0000
21.9458	1319.0000
21.9662	1292.0000
21.9867	1348.0000
22.0072	1313.0000
22.0277	1265.0000
22.0482	1307.0000
22.0686	1366.0000
22.0891	1368.0000
22.1096	1345.0000
22.1301	1385.0000
22.1506	1345.0000
22.1711	1326.0000
22.1915	1300.0000
22.2120	1318.0000
22.2325	1370.0000
22.2530	1325.0000
22.2735	1325.0000
22.2939	1375.0000
22.3144	1380.0000
22.3349	1310.0000
22.3554	1424.0000
22.3759	1345.0000
22.3963	1405.0000
22.4168	1359.0000
22.4373	1361.0000
22.4578	1364.0000
22.4783	1377.0000
22.4987	1384.0000
22.5192	1354.0000
22.5397	1291.0000
22.5602	1355.0000
22.5807	1385.0000
22.6011	1408.0000
22.6216	1336.0000
22.6421	1354.0000
22.6626	1414.0000
22.6831	1424.0000
22.7035	1343.0000
22.7240	1421.0000
22.7445	1362.0000
22.7650	1382.0000
22.7855	1406.0000
22.8060	1413.0000
22.8264	1387.0000
22.8469	1319.0000
22.8674	1349.0000
22.8879	1396.0000
22.9084	1389.0000
22.9288	1418.0000
22.9493	1392.0000
22.9698	1445.0000
22.9903	1375.0000
23.0108	1411.0000
23.0312	1417.0000
23.0517	1348.0000
23.0722	1329.0000
23.0927	1363.0000
23.1132	1384.0000
23.1336	1334.0000
23.1541	1396.0000
23.1746	1369.0000
23.1951	1408.0000
23.2156	1396.0000
23.2360	1400.0000
23.2565	1359.0000
23.2770	1345.0000
23.2975	1340.0000
23.3180	1380.0000
23.3385	1317.0000
23.3589	1331.0000
23.3794	1398.0000
23.3999	1394.0000
23.4204	1417.0000
23.4409	1392.0000
23.4613	1311.0000
23.4818	1296.0000
23.5023	1384.0000
23.5228	1302.0000
23.5433	1320.0000
23.5637	1374.0000
23.5842	1285.0000
23.6047	1339.0000
23.6252	1325.0000
23.6457	1309.0000
23.6661	1327.0000
23.6866	1348.0000
23.7071	1370.0000
23.7276	1330.0000
23.7481	1284.0000
23.7685	1296.0000
23.7890	1316.0000
23.8095	1291.0000
23.8300	1297.0000
23.8505	1230.0000
23.8709	1331.0000
23.8914	1247.0000
23.9119	1271.0000
23.9324	1283.0000
23.9529	1322.0000
23.9734	1323.0000
23.9938	1271.0000
24.0143	1250.0000
24.0348	1303.0000
24.0553	1233.0000
24.0758	1280.0000
24.0962	1219.0000
24.1167	1331.0000
24.1372	1275.0000
24.1577	1345.0000
24.1782	1287.0000
24.1986	1273.0000
24.2191	1239.0000
24.2396	1308.0000
24.2601	1280.0000
24.2806	1278.0000
24.3010	1291.0000
24.3215	1255.0000
24.3420	1218.0000
24.3625	1240.0000
24.3830	1343.0000
24.4034	1298.0000
24.4239	1358.0000
24.4444	1356.0000
24.4649	1352.0000
24.4854	1363.0000
24.5059	1300.0000
24.5263	1367.0000
24.5468	1319.0000
24.5673	1357.0000
24.5878	1393.0000
24.6083	1392.0000
24.6287	1391.0000
24.6492	1398.0000
24.6697	1473.0000
24.6902	1428.0000
24.7107	1392.0000
24.7311	1409.0000
24.7516	1537.0000
24.7721	1439.0000
24.7926	1305.0000
24.8131	1371.0000
24.8335	1383.0000
24.8540	1330.0000
24.8745	1271.0000
24.8950	1255.0000
24.9155	1206.0000
24.9359	1202.0000
24.9564	1281.0000
24.9769	1185.0000
24.9974	1139.0000
25.0179	1171.0000
25.0383	1180.0000
25.0588	1196.0000
25.0793	1214.0000
25.0998	1170.0000
25.1203	1080.0000
25.1408	1133.0000
25.1612	1224.0000
25.1817	1164.0000
25.2022	1119.0000
25.2227	1164.0000
25.2432	1247.0000
25.2636	1121.0000
25.2841	1165.0000
25.3046	1201.0000
25.3251	1202.0000
25.3456	1167.0000
25.3660	1204.0000
25.3865	1157.0000
25.4070	1196.0000
25.4275	1147.0000
25.4480	1263.0000
25.4684	1217.0000
25.4889	1282.0000
25.5094	1202.0000
25.5299	1212.0000
25.5504	1250.0000
25.5708	1258.0000
25.5913	1269.0000
25.6118	1277.0000
25.6323	1289.0000
25.6528	1254.0000
25.6732	1188.0000
25.6937	1188.0000
25.7142	1149.0000
25.7347	1174.0000
25.7552	1177.0000
25.7757	1177.0000
25.7961	1145.0000
25.8166	1073.0000
25.8371	1104.0000
25.8576	1095.0000
25.8781	1120.0000
25.8985	1130.0000
25.9190	1112.0000
25.9395	1087.0000
25.9600	1118.0000
25.9805	1075.0000
26.0009	1131.0000
26.0214	1130.0000
26.0419	1069.0000
26.0624	1071.0000
26.0829	1101.0000
26.1033	1077.0000
26.1238	1080.0000
26.1443	1100.0000
26.1648	1097.0000
26.1853	1137.0000
26.2057	1084.0000
26.2262	1071.0000
26.2467	1026.0000
26.2672	1048.0000
26.2877	1041.0000
26.3082	1041.0000
26.3286	1024.0000
26.3491	1035.0000
26.3696	1099.0000
26.3901	1020.0000
26.4106	1080.0000
26.4310	1040.0000
26.4515	1061.0000
26.4720	1057.0000
26.4925	1055.0000
26.5130	1031.0000
26.5334	1068.0000
26.5539	1036.0000
26.5744	1061.0000
26.5949	1075.0000
26.6154	1004.0000
26.6358	1021.0000
26.6563	1024.0000
26.6768	991.0000
26.6973	1033.0000
26.7178	996.0000
26.7382	1063.0000
26.7587	976.0000
26.7792	1027.0000
26.7997	1004.0000
26.8202	1011.0000
26.8406	1000.0000
26.8611	994.0000
26.8816	986.0000
26.9021	983.0000
26.9226	994.0000
26.9431	1008.0000
26.9635	1014.0000
26.9840	1005.0000
27.0045	1013.0000
27.0250	1043.0000
27.0455	967.0000
27.0659	989.0000
27.0864	1042.0000
27.1069	966.0000
27.1274	1067.0000
27.1479	1006.0000
27.1683	1015.0000
27.1888	973.0000
27.2093	1010.0000
27.2298	944.0000
27.2503	983.0000
27.2707	1014.0000
27.2912	1000.0000
27.3117	928.0000
27.3322	996.0000
27.3527	961.0000
27.3731	1034.0000
27.3936	980.0000
27.4141	945.0000
27.4346	949.0000
27.4551	998.0000
27.4755	955.0000
27.4960	977.0000
27.5165	1034.0000
27.5370	986.0000
27.5575	984.0000
27.5780	972.0000
27.5984	979.0000
27.6189	1007.0000
27.6394	1041.0000
27.6599	938.0000
27.6804	935.0000
27.7008	913.0000
27.7213	955.0000
27.7418	974.0000
27.7623	990.0000
27.7828	1003.0000
27.8032	945.0000
27.8237	979.0000
27.8442	956.0000
27.8647	983.0000
27.8852	993.0000
27.9056	990.0000
27.9261	994.0000
27.9466	1004.0000
27.9671	954.0000
27.9876	974.0000
28.0080	969.0000
28.0285	967.0000
28.0490	968.0000
28.0695	995.0000
28.0900	950.0000
28.1105	939.0000
28.1309	963.0000
28.1514	1005.0000
28.1719	986.0000
28.1924	965.0000
28.2129	980.0000
28.2333	937.0000
28.2538	982.0000
28.2743	898.0000
28.2948	929.0000
28.3153	938.0000
28.3357	957.0000
28.3562	1000.0000
28.3767	955.0000
28.3972	1013.0000
28.4177	1054.0000
28.4381	1047.0000
28.4586	1031.0000
28.4791	1003.0000
28.4996	1003.0000
28.5201	1028.0000
28.5405	1007.0000
28.5610	998.0000
28.5815	967.0000
28.6020	1033.0000
28.6225	983.0000
28.6429	1013.0000
28.6634	987.0000
28.6839	1013.0000
28.7044	956.0000
28.7249	898.0000
28.7454	946.0000
28.7658	981.0000
28.7863	981.0000
28.8068	993.0000
28.8273	956.0000
28.8478	946.0000
28.8682	936.0000
28.8887	943.0000
28.9092	966.0000
28.9297	949.0000
28.9502	988.0000
28.9706	960.0000
28.9911	965.0000
29.0116	939.0000
29.0321	893.0000
29.0526	959.0000
29.0730	936.0000
29.0935	972.0000
29.1140	967.0000
29.1345	952.0000
29.1550	961.0000
29.1754	925.0000
29.1959	929.0000
29.2164	933.0000
29.2369	900.0000
29.2574	990.0000
29.2779	982.0000
29.2983	939.0000
29.3188	914.0000
29.3393	980.0000
29.3598	921.0000
29.3803	942.0000
29.4007	918.0000
29.4212	976.0000
29.4417	921.0000
29.4622	950.0000
29.4827	992.0000
29.5031	958.0000
29.5236	973.0000
29.5441	961.0000
29.5646	954.0000
29.5851	996.0000
29.6055	991.0000
29.6260	973.0000
29.6465	968.0000
29.6670	999.0000
29.6875	980.0000
29.7079	1001.0000
29.7284	951.0000
29.7489	999.0000
29.7694	1015.0000
29.7899	983.0000
29.8103	1065.0000
29.8308	1017.0000
29.8513	1062.0000
29.8718	1023.0000
29.8923	996.0000
29.9128	988.0000
29.9332	1049.0000
29.9537	1000.0000
29.9742	972.0000
29.9947	943.0000
30.0152	910.0000
30.0356	953.0000
30.0561	920.0000
30.0766	946.0000
30.0971	936.0000
30.1176	942.0000
30.1380	945.0000
30.1585	910.0000
30.1790	933.0000
30.1995	891.0000
30.2200	909.0000
30.2404	919.0000
30.2609	895.0000
30.2814	926.0000
30.3019	953.0000
30.3224	903.0000
30.3428	953.0000
30.3633	952.0000
30.3838	906.0000
30.4043	942.0000
30.4248	950.0000
30.4452	964.0000
30.4657	925.0000
30.4862	913.0000
30.5067	928.0000
30.5272	892.0000
30.5477	873.0000
30.5681	900.0000
30.5886	942.0000
30.6091	880.0000
30.6296	907.0000
30.6501	854.0000
30.6705	893.0000
30.6910	899.0000
30.7115	914.0000
30.7320	912.0000
30.7525	932.0000
30.7729	929.0000
30.7934	931.0000
30.8139	907.0000
30.8344	890.0000
30.8549	925.0000
30.8753	910.0000
30.8958	960.0000
30.9163	865.0000
30.9368	879.0000
30.9573	962.0000
30.9777	915.0000
30.9982	943.0000
31.0187	930.0000
31.0392	848.0000
31.0597	897.0000
31.0802	896.0000
31.1006	879.0000
31.1211	882.0000
31.1416	921.0000
31.1621	868.0000
31.1826	921.0000
31.2030	887.0000
31.2235	893.0000
31.2440	857.0000
31.2645	906.0000
31.2850	944.0000
31.3054	883.0000
31.3259	921.0000
31.3464	887.0000
31.3669	806.0000
31.3874	884.0000
31.4078	980.0000
31.4283	853.0000
31.4488	897.0000
31.4693	841.0000
31.4898	848.0000
31.5102	881.0000
31.5307	888.0000
31.5512	872.0000
31.5717	924.0000
31.5922	904.0000
31.6126	873.0000
31.6331	912.0000
31.6536	872.0000
31.6741	971.0000
31.6946	867.0000
31.7151	902.0000
31.7355	889.0000
31.7560	903.0000
31.7765	865.0000
31.7970	840.0000
31.8175	928.0000
31.8379	878.0000
31.8584	858.0000
31.8789	905.0000
31.8994	938.0000
31.9199	855.0000
31.9403	918.0000
31.9608	908.0000
31.9813	902.0000
32.0018	888.0000
32.0223	891.0000
32.0427	878.0000
32.0632	837.0000
32.0837	844.0000
32.1042	896.0000
32.1247	903.0000
32.1451	891.0000
32.1656	884.0000
32.1861	846.0000
32.2066	882.0000
32.2271	876.0000
32.2475	857.0000
32.2680	871.0000
32.2885	886.0000
32.3090	844.0000
32.3295	888.0000
32.3500	899.0000
32.3704	872.0000
32.3909	855.0000
32.4114	885.0000
32.4319	885.0000
32.4524	876.0000
32.4728	810.0000
32.4933	894.0000
32.5138	809.0000
32.5343	912.0000
32.5548	865.0000
32.5752	905.0000
32.5957	838.0000
32.6162	898.0000
32.6367	821.0000
32.6572	873.0000
32.6776	881.0000
32.6981	864.0000
32.7186	853.0000
32.7391	881.0000
32.7596	924.0000
32.7800	859.0000
32.8005	855.0000
32.8210	842.0000
32.8415	833.0000
32.8620	889.0000
32.8825	891.0000
32.9029	905.0000
32.9234	859.0000
32.9439	896.0000
32.9644	883.0000
32.9849	794.0000
33.0053	860.0000
33.0258	876.0000
33.0463	898.0000
33.0668	872.0000
33.0873	840.0000
33.1077	907.0000
33.1282	903.0000
33.1487	870.0000
33.1692	881.0000
33.1897	911.0000
33.2101	860.0000
33.2306	842.0000
33.2511	913.0000
33.2716	872.0000
33.2921	835.0000
33.3125	883.0000
33.3330	940.0000
33.3535	907.0000
33.3740	855.0000
33.3945	915.0000
33.4149	833.0000
33.4354	887.0000
33.4559	890.0000
33.4764	841.0000
33.4969	865.0000
33.5174	913.0000
33.5378	851.0000
33.5583	882.0000
33.5788	888.0000
33.5993	851.0000
33.6198	813.0000
33.6402	844.0000
33.6607	847.0000
33.6812	899.0000
33.7017	858.0000
33.7222	851.0000
33.7426	811.0000
33.7631	866.0000
33.7836	843.0000
33.8041	824.0000
33.8246	814.0000
33.8450	861.0000
33.8655	815.0000
33.8860	858.0000
33.9065	884.0000
33.9270	889.0000
33.9474	869.0000
33.9679	858.0000
33.9884	885.0000
34.0089	852.0000
34.0294	874.0000
34.0499	859.0000
34.0703	817.0000
34.0908	835.0000
34.1113	840.0000
34.1318	824.0000
34.1523	892.0000
34.1727	853.0000
34.1932	870.0000
34.2137	890.0000
34.2342	804.0000
34.2547	841.0000
34.2751	844.0000
34.2956	836.0000
34.3161	822.0000
34.3366	835.0000
34.3571	889.0000
34.3775	821.0000
34.3980	848.0000
34.4185	846.0000
34.4390	847.0000
34.4595	871.0000
34.4799	895.0000
34.5004	816.0000
34.5209	912.0000
34.5414	891.0000
34.5619	885.0000
34.5823	866.0000
34.6028	843.0000
34.6233	878.0000
34.6438	886.0000
34.6643	839.0000
34.6848	907.0000
34.7052	837.0000
34.7257	868.0000
34.7462	912.0000
34.7667	920.0000
34.7872	913.0000
34.8076	940.0000
34.8281	941.0000
34.8486	941.0000
34.8691	968.0000
34.8896	993.0000
34.9100	924.0000
34.9305	936.0000
34.9510	960.0000
34.9715	964.0000
34.9920	940.0000
35.0124	877.0000
35.0329	918.0000
35.0534	887.0000
35.0739	927.0000
35.0944	909.0000
35.1148	929.0000
35.1353	891.0000
35.1558	881.0000
35.1763	878.0000
35.1968	906.0000
35.2172	852.0000
35.2377	881.0000
35.2582	913.0000
35.2787	962.0000
35.2992	969.0000
35.3197	909.0000
35.3401	845.0000
35.3606	891.0000
35.3811	876.0000
35.4016	893.0000
35.4221	871.0000
35.4425	833.0000
35.4630	856.0000
35.4835	861.0000
35.5040	780.0000
35.5245	837.0000
35.5449	895.0000
35.5654	873.0000
35.5859	834.0000
35.6064	878.0000
35.6269	874.0000
35.6473	810.0000
35.6678	799.0000
35.6883	807.0000
35.7088	800.0000
35.7293	838.0000
35.7497	879.0000
35.7702	913.0000
35.7907	863.0000
35.8112	860.0000
35.8317	873.0000
35.8522	933.0000
35.8726	875.0000
35.8931	935.0000
35.9136	937.0000
35.9341	952.0000
35.9546	966.0000
35.9750	858.0000
35.9955	963.0000
36.0160	948.0000
36.0365	920.0000
36.0570	868.0000
36.0774	959.0000
36.0979	897.0000
36.1184	905.0000
36.1389	903.0000
36.1594	839.0000
36.1798	821.0000
36.2003	883.0000
36.2208	931.0000
36.2413	888.0000
36.2618	862.0000
36.2822	801.0000
36.3027	843.0000
36.3232	894.0000
36.3437	892.0000
36.3642	861.0000
36.3846	856.0000
36.4051	794.0000
36.4256	843.0000
36.4461	844.0000
36.4666	889.0000
36.4871	908.0000
36.5075	864.0000
36.5280	905.0000
36.5485	932.0000
36.5690	822.0000
36.5895	835.0000
36.6099	876.0000
36.6304	880.0000
36.6509	867.0000
36.6714	845.0000
36.6919	904.0000
36.7123	864.0000
36.7328	826.0000
36.7533	897.0000
36.7738	814.0000
36.7943	875.0000
36.8147	857.0000
36.8352	845.0000
36.8557	834.0000
36.8762	934.0000
36.8967	898.0000
36.9171	843.0000
36.9376	839.0000
36.9581	922.0000
36.9786	881.0000
36.9991	887.0000
37.0195	935.0000
37.0400	855.0000
37.0605	857.0000
37.0810	879.0000
37.1015	900.0000
37.1220	841.0000
37.1424	878.0000
37.1629	898.0000
37.1834	941.0000
37.2039	929.0000
37.2244	908.0000
37.2448	909.0000
37.2653	951.0000
37.2858	921.0000
37.3063	913.0000
37.3268	935.0000
37.3472	917.0000
37.3677	905.0000
37.3882	949.0000
37.4087	940.0000
37.4292	939.0000
37.4496	953.0000
37.4701	946.0000
37.4906	1006.0000
37.5111	1047.0000
37.5316	1023.0000
37.5520	1009.0000
37.5725	985.0000
37.5930	1010.0000
37.6135	1060.0000
37.6340	1099.0000
37.6545	1004.0000
37.6749	1079.0000
37.6954	1065.0000
37.7159	1152.0000
37.7364	1137.0000
37.7569	1204.0000
37.7773	1162.0000
37.7978	1205.0000
37.8183	1290.0000
37.8388	1250.0000
37.8593	1268.0000
37.8797	1313.0000
37.9002	1358.0000
37.9207	1405.0000
37.9412	1365.0000
37.9617	1459.0000
37.9821	1447.0000
38.0026	1409.0000
38.0231	1517.0000
38.0436	1476.0000
38.0641	1532.0000
38.0845	1543.0000
38.1050	1638.0000
38.1255	1635.0000
38.1460	1672.0000
38.1665	1698.0000
38.1869	1816.0000
38.2074	1693.0000
38.2279	1722.0000
38.2484	1774.0000
38.2689	1777.0000
38.2894	1813.0000
38.3098	1760.0000
38.3303	1740.0000
38.3508	1800.0000
38.3713	1749.0000
38.3918	1739.0000
38.4122	1729.0000
38.4327	1850.0000
38.4532	1823.0000
38.4737	1879.0000
38.4942	1922.0000
38.5146	1974.0000
38.5351	1890.0000
38.5556	1955.0000
38.5761	2018.0000
38.5966	2036.0000
38.6170	2017.0000
38.6375	2019.0000
38.6580	2050.0000
38.6785	1915.0000
38.6990	1964.0000
38.7194	1768.0000
38.7399	1749.0000
38.7604	1697.0000
38.7809	1476.0000
38.8014	1515.0000
38.8219	1416.0000
38.8423	1438.0000
38.8628	1317.0000
38.8833	1301.0000
38.9038	1262.0000
38.9243	1171.0000
38.9447	1170.0000
38.9652	1188.0000
38.9857	1184.0000
39.0062	1095.0000
39.0267	1121.0000
39.0471	1100.0000
39.0676	1074.0000
39.0881	1096.0000
39.1086	1039.0000
39.1291	1031.0000
39.1495	1025.0000
39.1700	1003.0000
39.1905	1036.0000
39.2110	1049.0000
39.2315	1047.0000
39.2519	969.0000
39.2724	997.0000
39.2929	980.0000
39.3134	955.0000
39.3339	1004.0000
39.3543	1030.0000
39.3748	972.0000
39.3953	934.0000
39.4158	979.0000
39.4363	953.0000
39.4568	949.0000
39.4772	906.0000
39.4977	937.0000
39.5182	914.0000
39.5387	949.0000
39.5592	941.0000
39.5796	918.0000
39.6001	908.0000
39.6206	1016.0000
39.6411	880.0000
39.6616	920.0000
39.6820	974.0000
39.7025	912.0000
39.7230	979.0000
39.7435	990.0000
39.7640	956.0000
39.7844	975.0000
39.8049	919.0000
39.8254	869.0000
39.8459	940.0000
39.8664	950.0000
39.8868	956.0000
39.9073	954.0000
39.9278	889.0000
39.9483	940.0000
39.9688	932.0000
39.9892	912.0000
40.0097	933.0000
40.0302	903.0000
40.0507	966.0000
40.0712	915.0000
40.0917	925.0000
40.1121	949.0000
40.1326	927.0000
40.1531	975.0000
40.1736	942.0000
40.1941	889.0000
40.2145	945.0000
40.2350	901.0000
40.2555	950.0000
40.2760	929.0000
40.2965	998.0000
40.3169	940.0000
40.3374	900.0000
40.3579	915.0000
40.3784	865.0000
40.3989	996.0000
40.4193	898.0000
40.4398	928.0000
40.4603	904.0000
40.4808	938.0000
40.5013	927.0000
40.5217	889.0000
40.5422	929.0000
40.5627	917.0000
40.5832	921.0000
40.6037	919.0000
40.6242	935.0000
40.6446	917.0000
40.6651	957.0000
40.6856	889.0000
40.7061	922.0000
40.7266	938.0000
40.7470	949.0000
40.7675	946.0000
40.7880	913.0000
40.8085	937.0000
40.8290	1000.0000
40.8494	969.0000
40.8699	944.0000
40.8904	937.0000
40.9109	959.0000
40.9314	941.0000
40.9518	970.0000
40.9723	945.0000
40.9928	949.0000
41.0133	932.0000
41.0338	934.0000
41.0542	1031.0000
41.0747	995.0000
41.0952	1050.0000
41.1157	1052.0000
41.1362	1009.0000
41.1566	1099.0000
41.1771	1152.0000
41.1976	1142.0000
41.2181	1189.0000
41.2386	1248.0000
41.2591	1283.0000
41.2795	1370.0000
41.3000	1317.0000
41.3205	1364.0000
41.3410	1293.0000
41.3615	1338.0000
41.3819	1329.0000
41.4024	1251.0000
41.4229	1269.0000
41.4434	1177.0000
41.4639	1212.0000
41.4843	1168.0000
41.5048	1113.0000
41.5253	1095.0000
41.5458	1116.0000
41.5663	1038.0000
41.5867	1010.0000
41.6072	1002.0000
41.6277	914.0000
41.6482	1019.0000
41.6687	980.0000
41.6891	970.0000
41.7096	950.0000
41.7301	935.0000
41.7506	961.0000
41.7711	981.0000
41.7915	987.0000
41.8120	970.0000
41.8325	954.0000
41.8530	964.0000
41.8735	923.0000
41.8940	1010.0000
41.9144	953.0000
41.9349	930.0000
41.9554	971.0000
41.9759	962.0000
41.9964	907.0000
42.0168	966.0000
42.0373	951.0000
42.0578	990.0000
42.0783	967.0000
42.0988	956.0000
42.1192	979.0000
42.1397	964.0000
42.1602	948.0000
42.1807	943.0000
42.2012	984.0000
42.2216	966.0000
42.2421	1023.0000
42.2626	1046.0000
42.2831	1022.0000
42.3036	989.0000
42.3240	1023.0000
42.3445	1047.0000
42.3650	1009.0000
42.3855	1021.0000
42.4060	1049.0000
42.4265	1008.0000
42.4469	1002.0000
42.4674	959.0000
42.4879	983.0000
42.5084	1011.0000
42.5289	987.0000
42.5493	1029.0000
42.5698	940.0000
42.5903	1024.0000
42.6108	942.0000
42.6313	973.0000
42.6517	997.0000
42.6722	946.0000
42.6927	937.0000
42.7132	992.0000
42.7337	1012.0000
42.7541	964.0000
42.7746	970.0000
42.7951	969.0000
42.8156	975.0000
42.8361	944.0000
42.8565	984.0000
42.8770	983.0000
42.8975	963.0000
42.9180	983.0000
42.9385	984.0000
42.9589	926.0000
42.9794	960.0000
42.9999	998.0000
43.0204	1028.0000
43.0409	1045.0000
43.0614	983.0000
43.0818	1008.0000
43.1023	1009.0000
43.1228	1011.0000
43.1433	992.0000
43.1638	1004.0000
43.1842	959.0000
43.2047	1042.0000
43.2252	998.0000
43.2457	1056.0000
43.2662	1031.0000
43.2866	964.0000
43.3071	980.0000
43.3276	959.0000
43.3481	993.0000
43.3686	1028.0000
43.3890	1029.0000
43.4095	962.0000
43.4300	1093.0000
43.4505	1046.0000
43.4710	1090.0000
43.4914	1071.0000
43.5119	1127.0000
43.5324	1138.0000
43.5529	1145.0000
43.5734	1158.0000
43.5939	1146.0000
43.6143	1153.0000
43.6348	1169.0000
43.6553	1181.0000
43.6758	1234.0000
43.6963	1174.0000
43.7167	1188.0000
43.7372	1174.0000
43.7577	1256.0000
43.7782	1197.0000
43.7987	1281.0000
43.8191	1239.0000
43.8396	1279.0000
43.8601	1308.0000
43.8806	1355.0000
43.9011	1375.0000
43.9215	1481.0000
43.9420	1439.0000
43.9625	1595.0000
43.9830	1592.0000
44.0035	1662.0000
44.0239	1730.0000
44.0444	1562.0000
44.0649	1700.0000
44.0854	1595.0000
44.1059	1553.0000
44.1263	1499.0000
44.1468	1455.0000
44.1673	1524.0000
44.1878	1376.0000
44.2083	1341.0000
44.2288	1364.0000
44.2492	1202.0000
44.2697	1230.0000
44.2902	1197.0000
44.3107	1211.0000
44.3312	1206.0000
44.3516	1049.0000
44.3721	1130.0000
44.3926	1152.0000
44.4131	1048.0000
44.4336	1058.0000
44.4540	1089.0000
44.4745	1079.0000
44.4950	1118.0000
44.5155	1078.0000
44.5360	1091.0000
44.5564	1024.0000
44.5769	1082.0000
44.5974	1080.0000
44.6179	1022.0000
44.6384	1081.0000
44.6588	1042.0000
44.6793	1005.0000
44.6998	1018.0000
44.7203	1046.0000
44.7408	1105.0000
44.7612	1067.0000
44.7817	1094.0000
44.8022	1002.0000
44.8227	1028.0000
44.8432	1018.0000
44.8637	990.0000
44.8841	1019.0000
44.9046	1050.0000
44.9251	1047.0000
44.9456	1036.0000
44.9661	1020.0000
44.9865	1049.0000
45.0070	1091.0000
45.0275	1016.0000
45.0480	1030.0000
45.0685	1028.0000
45.0889	1025.0000
45.1094	1022.0000
45.1299	1009.0000
45.1504	1052.0000
45.1709	1008.0000
45.1913	1051.0000
45.2118	1040.0000
45.2323	990.0000
45.2528	1019.0000
45.2733	1023.0000
45.2937	1057.0000
45.3142	1028.0000
45.3347	1043.0000
45.3552	1051.0000
45.3757	1078.0000
45.3962	1051.0000
45.4166	1114.0000
45.4371	1164.0000
45.4576	1105.0000
45.4781	1184.0000
45.4986	1176.0000
45.5190	1206.0000
45.5395	1217.0000
45.5600	1292.0000
45.5805	1324.0000
45.6010	1398.0000
45.6214	1481.0000
45.6419	1579.0000
45.6624	1813.0000
45.6829	2012.0000
45.7034	2531.0000
45.7238	3234.0000
45.7443	4172.0000
45.7648	5911.0000
45.7853	8029.0000
45.8058	10439.0000
45.8262	12045.0000
45.8467	12672.0000
45.8672	12507.0000
45.8877	11615.0000
45.9082	10106.0000
45.9286	9221.0000
45.9491	8243.0000
45.9696	7552.0000
45.9901	6680.0000
46.0106	5566.0000
46.0311	4191.0000
46.0515	3118.0000
46.0720	2272.0000
46.0925	1728.0000
46.1130	1531.0000
46.1335	1417.0000
46.1539	1242.0000
46.1744	1158.0000
46.1949	1126.0000
46.2154	1106.0000
46.2359	1052.0000
46.2563	1054.0000
46.2768	1004.0000
46.2973	950.0000
46.3178	1045.0000
46.3383	955.0000
46.3587	1031.0000
46.3792	983.0000
46.3997	947.0000
46.4202	899.0000
46.4407	969.0000
46.4611	923.0000
46.4816	933.0000
46.5021	947.0000
46.5226	947.0000
46.5431	948.0000
46.5635	928.0000
46.5840	930.0000
46.6045	914.0000
46.6250	894.0000
46.6455	946.0000
46.6660	982.0000
46.6864	892.0000
46.7069	964.0000
46.7274	931.0000
46.7479	952.0000
46.7684	941.0000
46.7888	913.0000
46.8093	892.0000
46.8298	910.0000
46.8503	958.0000
46.8708	960.0000
46.8912	896.0000
46.9117	943.0000
46.9322	997.0000
46.9527	953.0000
46.9732	971.0000
46.9936	872.0000
47.0141	941.0000
47.0346	895.0000
47.0551	859.0000
47.0756	888.0000
47.0960	892.0000
47.1165	947.0000
47.1370	859.0000
47.1575	935.0000
47.1780	888.0000
47.1985	888.0000
47.2189	882.0000
47.2394	902.0000
47.2599	876.0000
47.2804	907.0000
47.3009	892.0000
47.3213	922.0000
47.3418	956.0000
47.3623	919.0000
47.3828	917.0000
47.4033	901.0000
47.4237	969.0000
47.4442	933.0000
47.4647	899.0000
47.4852	944.0000
47.5057	913.0000
47.5261	903.0000
47.5466	896.0000
47.5671	881.0000
47.5876	912.0000
47.6081	929.0000
47.6285	938.0000
47.6490	907.0000
47.6695	931.0000
47.6900	796.0000
47.7105	895.0000
47.7309	834.0000
47.7514	850.0000
47.7719	881.0000
47.7924	838.0000
47.8129	856.0000
47.8334	847.0000
47.8538	860.0000
47.8743	845.0000
47.8948	801.0000
47.9153	819.0000
47.9358	857.0000
47.9562	884.0000
47.9767	844.0000
47.9972	856.0000
48.0177	845.0000
48.0382	816.0000
48.0586	824.0000
48.0791	821.0000
48.0996	825.0000
48.1201	884.0000
48.1406	834.0000
48.1610	851.0000
48.1815	830.0000
48.2020	837.0000
48.2225	867.0000
48.2430	810.0000
48.2634	818.0000
48.2839	833.0000
48.3044	819.0000
48.3249	847.0000
48.3454	837.0000
48.3659	815.0000
48.3863	803.0000
48.4068	826.0000
48.4273	805.0000
48.4478	847.0000
48.4683	808.0000
48.4887	807.0000
48.5092	850.0000
48.5297	777.0000
48.5502	802.0000
48.5707	798.0000
48.5911	821.0000
48.6116	821.0000
48.6321	837.0000
48.6526	769.0000
48.6731	813.0000
48.6935	769.0000
48.7140	825.0000
48.7345	770.0000
48.7550	769.0000
48.7755	782.0000
48.7959	824.0000
48.8164	775.0000
48.8369	844.0000
48.8574	789.0000
48.8779	814.0000
48.8983	781.0000
48.9188	824.0000
48.9393	763.0000
48.9598	860.0000
48.9803	870.0000
49.0008	836.0000
49.0212	835.0000
49.0417	866.0000
49.0622	866.0000
49.0827	932.0000
49.1032	955.0000
49.1236	894.0000
49.1441	902.0000
49.1646	912.0000
49.1851	933.0000
49.2056	917.0000
49.2260	870.0000
49.2465	915.0000
49.2670	918.0000
49.2875	865.0000
49.3080	877.0000
49.3284	829.0000
49.3489	906.0000
49.3694	824.0000
49.3899	841.0000
49.4104	822.0000
49.4308	844.0000
49.4513	777.0000
49.4718	862.0000
49.4923	816.0000
49.5128	816.0000
49.5332	851.0000
49.5537	807.0000
49.5742	836.0000
49.5947	832.0000
49.6152	856.0000
49.6357	843.0000
49.6561	787.0000
49.6766	815.0000
49.6971	857.0000
49.7176	863.0000
49.7381	874.0000
49.7585	886.0000
49.7790	835.0000
49.7995	887.0000
49.8200	813.0000
49.8405	878.0000
49.8609	844.0000
49.8814	929.0000
49.9019	880.0000
49.9224	891.0000
49.9429	951.0000
49.9633	931.0000
49.9838	972.0000
