20.0001	1045.0000
20.0206	1081.0000
20.0411	1104.0000
20.0615	1089.0000
20.0820	1087.0000
20.1025	1059.0000
20.1230	1098.0000
20.1435	1053.0000
20.1639	1138.0000
20.1844	1171.0000
20.2049	1067.0000
20.2254	1059.0000
20.2459	1120.0000
20.2663	1098.0000
20.2868	1145.0000
20.3073	1081.0000
20.3278	1113.0000
20.3483	1143.0000
20.3688	1095.0000
20.3892	1095.0000
20.4097	1142.0000
20.4302	1087.0000
20.4507	1101.0000
20.4712	1067.0000
20.4916	1137.0000
20.5121	1145.0000
20.5326	1130.0000
20.5531	1148.0000
20.5736	1154.0000
20.5940	1132.0000
20.6145	1144.0000
20.6350	1106.0000
20.6555	1148.0000
20.6760	1163.0000
20.6964	1144.0000
20.7169	1132.0000
20.7374	1189.0000
20.7579	1164.0000
20.7784	1207.0000
20.7988	1150.0000
20.8193	1217.0000
20.8398	1229.0000
20.8603	1211.0000
20.8808	1141.0000
20.9012	1113.0000
20.9217	1263.0000
20.9422	1167.0000
20.9627	1169.0000
20.9832	1224.0000
21.0037	1187.0000
21.0241	1202.0000
21.0446	1185.0000
21.0651	1220.0000
21.0856	1195.0000
21.1061	1180.0000
21.1265	1211.0000
21.1470	1246.0000
21.1675	1203.0000
21.1880	1218.0000
21.2085	1263.0000
21.2289	1287.0000
21.2494	1193.0000
21.2699	1264.0000
21.2904	1263.0000
21.3109	1241.0000
21.3313	1231.0000
21.3518	1215.0000
21.3723	1227.0000
21.3928	1313.0000
21.4133	1271.0000
21.4337	1242.0000
21.4542	1247.0000
21.4747	1242.0000
21.4952	1275.0000
21.5157	1317.0000
21.5362	1186.0000
21.5566	1253.0000
21.5771	1270.0000
21.5976	1281.0000
21.6181	1278.0000
21.6386	1281.0000
21.6590	1278.0000
21.6795	1251.0000
21.7000	1297.0000
21.7205	1201.0000
21.7410	1302.0000
21.7614	1301.0000
21.7819	1324.0000
21.8024	1288.0000
21.8229	1326.0000
21.8434	1288.0000
21.8638	1348.0000
21.8843	1334.0000
21.9048	1277.0000
21.9253	1363.0000
21.9458	1356.0000
21.9662	1370.0000
21.9867	1279.0000
22.0072	1320.0000
22.0277	1281.0000
22.0482	1368.0000
22.0686	1357.0000
22.0891	1326.0000
22.1096	1374.0000
22.1301	1345.0000
22.1506	1313.0000
22.1711	1404.0000
22.1915	1358.0000
22.2120	1329.0000
22.2325	1351.0000
22.2530	1379.0000
22.2735	1384.0000
22.2939	1320.0000
22.3144	1433.0000
22.3349	1378.0000
22.3554	1394.0000
22.3759	1382.0000
22.3963	1267.0000
22.4168	1304.0000
22.4373	1346.0000
22.4578	1349.0000
22.4783	1353.0000
22.4987	1369.0000
22.5192	1340.0000
22.5397	1425.0000
22.5602	1379.0000
22.5807	1381.0000
22.6011	1398.0000
22.6216	1404.0000
22.6421	1353.0000
22.6626	1426.0000
22.6831	1423.0000
22.7035	1390.0000
22.7240	1438.0000
22.7445	1421.0000
22.7650	1372.0000
22.7855	1351.0000
22.8060	1400.0000
22.8264	1405.0000
22.8469	1458.0000
22.8674	1417.0000
22.8879	1406.0000
22.9084	1366.0000
22.9288	1346.0000
22.9493	1422.0000
22.9698	1382.0000
22.9903	1338.0000
23.0108	1420.0000
23.0312	1378.0000
23.0517	1415.0000
23.0722	1389.0000
23.0927	1387.0000
23.1132	1319.0000
23.1336	1298.0000
23.1541	1404.0000
23.1746	1365.0000
23.1951	1397.0000
23.2156	1291.0000
23.2360	1336.0000
23.2565	1354.0000
23.2770	1322.0000
23.2975	1315.0000
23.3180	1411.0000
23.3385	1396.0000
23.3589	1414.0000
23.3794	1321.0000
23.3999	1334.0000
23.4204	1363.0000
23.4409	1442.0000
23.4613	1389.0000
23.4818	1332.0000
23.5023	1382.0000
23.5228	1289.0000
23.5433	1311.0000
23.5637	1282.0000
23.5842	1306.0000
23.6047	1362.0000
23.6252	1358.0000
23.6457	1311.0000
23.6661	1301.0000
23.6866	1276.0000
23.7071	1277.0000
23.7276	1260.0000
23.7481	1335.0000
23.7685	1347.0000
23.7890	1286.0000
23.8095	1308.0000
23.8300	1299.0000
23.8505	1373.0000
23.8709	1338.0000
23.8914	1289.0000
23.9119	1261.0000
23.9324	1297.0000
23.9529	1341.0000
23.9734	1312.0000
23.9938	1321.0000
24.0143	1294.0000
24.0348	1310.0000
24.0553	1320.0000
24.0758	1307.0000
24.0962	1285.0000
24.1167	1285.0000
24.1372	1252.0000
24.1577	1246.0000
24.1782	1238.0000
24.1986	1276.0000
24.2191	1264.0000
24.2396	1215.0000
24.2601	1242.0000
24.2806	1298.0000
24.3010	1213.0000
24.3215	1267.0000
24.3420	1245.0000
24.3625	1336.0000
24.3830	1293.0000
24.4034	1239.0000
24.4239	1379.0000
24.4444	1352.0000
24.4649	1333.0000
24.4854	1347.0000
24.5059	1401.0000
24.5263	1303.0000
24.5468	1344.0000
24.5673	1395.0000
24.5878	1357.0000
24.6083	1331.0000
24.6287	1357.0000
24.6492	1406.0000
24.6697	1427.0000
24.6902	1452.0000
24.7107	1399.0000
24.7311	1375.0000
24.7516	1421.0000
24.7721	1449.0000
24.7926	1390.0000
24.8131	1356.0000
24.8335	1342.0000
24.8540	1250.0000
24.8745	1213.0000
24.8950	1313.0000
24.9155	1275.0000
24.9359	1204.0000
24.9564	1202.0000
24.9769	1158.0000
24.9974	1133.0000
25.0179	1173.0000
25.0383	1194.0000
25.0588	1189.0000
25.0793	1188.0000
25.0998	1162.0000
25.1203	1206.0000
25.1408	1152.0000
25.1612	1209.0000
25.1817	1193.0000
25.2022	1148.0000
25.2227	1158.0000
25.2432	1153.0000
25.2636	1197.0000
25.2841	1188.0000
25.3046	1191.0000
25.3251	1171.0000
25.3456	1217.0000
25.3660	1203.0000
25.3865	1165.0000
25.4070	1158.0000
25.4275	1194.0000
25.4480	1175.0000
25.4684	1329.0000
25.4889	1276.0000
25.5094	1202.0000
25.5299	1253.0000
25.5504	1258.0000
25.5708	1266.0000
25.5913	1255.0000
25.6118	1205.0000
25.6323	1170.0000
25.6528	1179.0000
25.6732	1124.0000
25.6937	1180.0000
25.7142	1161.0000
25.7347	1190.0000
25.7552	1082.0000
25.7757	1089.0000
25.7961	1096.0000
25.8166	1144.0000
25.8371	1099.0000
25.8576	1067.0000
25.8781	1024.0000
25.8985	1079.0000
25.9190	1086.0000
25.9395	1153.0000
25.9600	1079.0000
25.9805	1136.0000
26.0009	1051.0000
26.0214	1104.0000
26.0419	1052.0000
26.0624	1098.0000
26.0829	1114.0000
26.1033	1100.0000
26.1238	1098.0000
26.1443	1122.0000
26.1648	1084.0000
26.1853	1023.0000
26.2057	1078.0000
26.2262	1079.0000
26.2467	1047.0000
26.2672	1133.0000
26.2877	984.0000
26.3082	1086.0000
26.3286	1075.0000
26.3491	1032.0000
26.3696	1044.0000
26.3901	1080.0000
26.4106	1034.0000
26.4310	1028.0000
26.4515	1005.0000
26.4720	1070.0000
26.4925	1031.0000
26.5130	987.0000
26.5334	995.0000
26.5539	1063.0000
26.5744	1021.0000
26.5949	997.0000
26.6154	1049.0000
26.6358	1066.0000
26.6563	1012.0000
26.6768	1086.0000
26.6973	1008.0000
26.7178	1053.0000
26.7382	1016.0000
26.7587	1007.0000
26.7792	1009.0000
26.7997	1018.0000
26.8202	980.0000
26.8406	1071.0000
26.8611	1087.0000
26.8816	958.0000
26.9021	1018.0000
26.9226	1005.0000
26.9431	1001.0000
26.9635	1013.0000
26.9840	1055.0000
27.0045	1031.0000
27.0250	984.0000
27.0455	974.0000
27.0659	984.0000
27.0864	1053.0000
27.1069	1004.0000
27.1274	983.0000
27.1479	1023.0000
27.1683	984.0000
27.1888	1006.0000
27.2093	1035.0000
27.2298	1019.0000
27.2503	1006.0000
27.2707	1003.0000
27.2912	984.0000
27.3117	990.0000
27.3322	994.0000
27.3527	1040.0000
27.3731	1006.0000
27.3936	1010.0000
27.4141	952.0000
27.4346	981.0000
27.4551	968.0000
27.4755	1011.0000
27.4960	1011.0000
27.5165	990.0000
27.5370	937.0000
27.5575	1006.0000
27.5780	992.0000
27.5984	964.0000
27.6189	1047.0000
27.6394	985.0000
27.6599	1020.0000
27.6804	940.0000
27.7008	1000.0000
27.7213	933.0000
27.7418	967.0000
27.7623	923.0000
27.7828	1022.0000
27.8032	994.0000
27.8237	975.0000
27.8442	946.0000
27.8647	939.0000
27.8852	940.0000
27.9056	1026.0000
27.9261	926.0000
27.9466	996.0000
27.9671	980.0000
27.9876	978.0000
28.0080	900.0000
28.0285	938.0000
28.0490	969.0000
28.0695	871.0000
28.0900	944.0000
28.1105	982.0000
28.1309	1000.0000
28.1514	979.0000
28.1719	938.0000
28.1924	989.0000
28.2129	983.0000
28.2333	983.0000
28.2538	978.0000
28.2743	986.0000
28.2948	1021.0000
28.3153	939.0000
28.3357	1000.0000
28.3562	1004.0000
28.3767	993.0000
28.3972	1012.0000
28.4177	985.0000
28.4381	1017.0000
28.4586	997.0000
28.4791	1040.0000
28.4996	943.0000
28.5201	952.0000
28.5405	1043.0000
28.5610	1037.0000
28.5815	944.0000
28.6020	933.0000
28.6225	1011.0000
28.6429	932.0000
28.6634	995.0000
28.6839	969.0000
28.7044	960.0000
28.7249	945.0000
28.7454	982.0000
28.7658	977.0000
28.7863	906.0000
28.8068	905.0000
28.8273	976.0000
28.8478	953.0000
28.8682	982.0000
28.8887	980.0000
28.9092	952.0000
28.9297	925.0000
28.9502	916.0000
28.9706	936.0000
28.9911	931.0000
29.0116	897.0000
29.0321	957.0000
29.0526	913.0000
29.0730	986.0000
29.0935	945.0000
29.1140	942.0000
29.1345	924.0000
29.1550	931.0000
29.1754	912.0000
29.1959	943.0000
29.2164	939.0000
29.2369	891.0000
29.2574	923.0000
29.2779	895.0000
29.2983	914.0000
29.3188	903.0000
29.3393	905.0000
29.3598	962.0000
29.3803	970.0000
29.4007	937.0000
29.4212	930.0000
29.4417	925.0000
29.4622	925.0000
29.4827	876.0000
29.5031	918.0000
29.5236	963.0000
29.5441	947.0000
29.5646	957.0000
29.5851	959.0000
29.6055	945.0000
29.6260	985.0000
29.6465	945.0000
29.6670	982.0000
29.6875	970.0000
29.7079	984.0000
29.7284	1011.0000
29.7489	1011.0000
29.7694	1021.0000
29.7899	1061.0000
29.8103	1045.0000
29.8308	1013.0000
29.8513	1027.0000
29.8718	993.0000
29.8923	1026.0000
29.9128	974.0000
29.9332	1053.0000
29.9537	971.0000
29.9742	1011.0000
29.9947	978.0000
30.0152	931.0000
30.0356	880.0000
30.0561	966.0000
30.0766	929.0000
30.0971	946.0000
30.1176	966.0000
30.1380	929.0000
30.1585	865.0000
30.1790	884.0000
30.1995	893.0000
30.2200	914.0000
30.2404	935.0000
30.2609	865.0000
30.2814	923.0000
30.3019	939.0000
30.3224	947.0000
30.3428	979.0000
30.3633	915.0000
30.3838	918.0000
30.4043	866.0000
30.4248	933.0000
30.4452	902.0000
30.4657	897.0000
30.4862	863.0000
30.5067	902.0000
30.5272	922.0000
30.5477	893.0000
30.5681	880.0000
30.5886	904.0000
30.6091	887.0000
30.6296	916.0000
30.6501	917.0000
30.6705	906.0000
30.6910	929.0000
30.7115	932.0000
30.7320	931.0000
30.7525	939.0000
30.7729	921.0000
30.7934	919.0000
30.8139	935.0000
30.8344	951.0000
30.8549	883.0000
30.8753	923.0000
30.8958	910.0000
30.9163	928.0000
30.9368	904.0000
30.9573	914.0000
30.9777	862.0000
30.9982	925.0000
31.0187	911.0000
31.0392	872.0000
31.0597	899.0000
31.0802	912.0000
31.1006	896.0000
31.1211	903.0000
31.1416	972.0000
31.1621	908.0000
31.1826	928.0000
31.2030	862.0000
31.2235	903.0000
31.2440	917.0000
31.2645	908.0000
31.2850	888.0000
31.3054	907.0000
31.3259	880.0000
31.3464	874.0000
31.3669	913.0000
31.3874	899.0000
31.4078	843.0000
31.4283	929.0000
31.4488	866.0000
31.4693	898.0000
31.4898	932.0000
31.5102	926.0000
31.5307	946.0000
31.5512	932.0000
31.5717	818.0000
31.5922	911.0000
31.6126	856.0000
31.6331	853.0000
31.6536	915.0000
31.6741	879.0000
31.6946	873.0000
31.7151	883.0000
31.7355	868.0000
31.7560	971.0000
31.7765	865.0000
31.7970	858.0000
31.8175	887.0000
31.8379	868.0000
31.8584	898.0000
31.8789	933.0000
31.8994	862.0000
31.9199	906.0000
31.9403	938.0000
31.9608	860.0000
31.9813	860.0000
32.0018	850.0000
32.0223	919.0000
32.0427	851.0000
32.0632	868.0000
32.0837	863.0000
32.1042	881.0000
32.1247	908.0000
32.1451	872.0000
32.1656	882.0000
32.1861	895.0000
32.2066	897.0000
32.2271	885.0000
32.2475	936.0000
32.2680	904.0000
32.2885	900.0000
32.3090	838.0000
32.3295	872.0000
32.3500	841.0000
32.3704	880.0000
32.3909	861.0000
32.4114	845.0000
32.4319	874.0000
32.4524	883.0000
32.4728	849.0000
32.4933	862.0000
32.5138	885.0000
32.5343	881.0000
32.5548	893.0000
32.5752	875.0000
32.5957	810.0000
32.6162	858.0000
32.6367	833.0000
32.6572	838.0000
32.6776	876.0000
32.6981	902.0000
32.7186	875.0000
32.7391	859.0000
32.7596	889.0000
32.7800	808.0000
32.8005	851.0000
32.8210	888.0000
32.8415	847.0000
32.8620	971.0000
32.8825	856.0000
32.9029	876.0000
32.9234	848.0000
32.9439	854.0000
32.9644	882.0000
32.9849	805.0000
33.0053	848.0000
33.0258	886.0000
33.0463	812.0000
33.0668	839.0000
33.0873	893.0000
33.1077	858.0000
33.1282	851.0000
33.1487	875.0000
33.1692	830.0000
33.1897	886.0000
33.2101	912.0000
33.2306	844.0000
33.2511	868.0000
33.2716	880.0000
33.2921	860.0000
33.3125	867.0000
33.3330	850.0000
33.3535	892.0000
33.3740	832.0000
33.3945	824.0000
33.4149	864.0000
33.4354	888.0000
33.4559	845.0000
33.4764	885.0000
33.4969	868.0000
33.5174	828.0000
33.5378	840.0000
33.5583	865.0000
33.5788	893.0000
33.5993	860.0000
33.6198	889.0000
33.6402	872.0000
33.6607	867.0000
33.6812	892.0000
33.7017	927.0000
33.7222	880.0000
33.7426	911.0000
33.7631	822.0000
33.7836	829.0000
33.8041	923.0000
33.8246	835.0000
33.8450	853.0000
33.8655	893.0000
33.8860	840.0000
33.9065	846.0000
33.9270	912.0000
33.9474	835.0000
33.9679	832.0000
33.9884	822.0000
34.0089	884.0000
34.0294	827.0000
34.0499	856.0000
34.0703	849.0000
34.0908	866.0000
34.1113	873.0000
34.1318	882.0000
34.1523	857.0000
34.1727	855.0000
34.1932	880.0000
34.2137	873.0000
34.2342	872.0000
34.2547	871.0000
34.2751	910.0000
34.2956	895.0000
34.3161	843.0000
34.3366	848.0000
34.3571	844.0000
34.3775	887.0000
34.3980	875.0000
34.4185	851.0000
34.4390	841.0000
34.4595	837.0000
34.4799	786.0000
34.5004	848.0000
34.5209	834.0000
34.5414	821.0000
34.5619	858.0000
34.5823	878.0000
34.6028	787.0000
34.6233	861.0000
34.6438	952.0000
34.6643	920.0000
34.6848	845.0000
34.7052	881.0000
34.7257	901.0000
34.7462	911.0000
34.7667	951.0000
34.7872	931.0000
34.8076	944.0000
34.8281	948.0000
34.8486	946.0000
34.8691	993.0000
34.8896	936.0000
34.9100	996.0000
34.9305	984.0000
34.9510	1003.0000
34.9715	912.0000
34.9920	919.0000
35.0124	927.0000
35.0329	939.0000
35.0534	871.0000
35.0739	889.0000
35.0944	866.0000
35.1148	911.0000
35.1353	865.0000
35.1558	941.0000
35.1763	912.0000
35.1968	921.0000
35.2172	983.0000
35.2377	912.0000
35.2582	915.0000
35.2787	951.0000
35.2992	851.0000
35.3197	876.0000
35.3401	908.0000
35.3606	903.0000
35.3811	824.0000
35.4016	886.0000
35.4221	829.0000
35.4425	900.0000
35.4630	886.0000
35.4835	889.0000
35.5040	894.0000
35.5245	824.0000
35.5449	889.0000
35.5654	887.0000
35.5859	866.0000
35.6064	856.0000
35.6269	848.0000
35.6473	880.0000
35.6678	841.0000
35.6883	868.0000
35.7088	790.0000
35.7293	879.0000
35.7497	907.0000
35.7702	841.0000
35.7907	918.0000
35.8112	851.0000
35.8317	831.0000
35.8522	977.0000
35.8726	906.0000
35.8931	970.0000
35.9136	884.0000
35.9341	879.0000
35.9546	910.0000
35.9750	876.0000
35.9955	927.0000
36.0160	953.0000
36.0365	886.0000
36.0570	878.0000
36.0774	875.0000
36.0979	883.0000
36.1184	894.0000
36.1389	901.0000
36.1594	869.0000
36.1798	910.0000
36.2003	831.0000
36.2208	830.0000
36.2413	860.0000
36.2618	825.0000
36.2822	877.0000
36.3027	862.0000
36.3232	817.0000
36.3437	824.0000
36.3642	843.0000
36.3846	835.0000
36.4051	808.0000
36.4256	822.0000
36.4461	895.0000
36.4666	868.0000
36.4871	854.0000
36.5075	830.0000
36.5280	908.0000
36.5485	868.0000
36.5690	855.0000
36.5895	867.0000
36.6099	906.0000
36.6304	872.0000
36.6509	899.0000
36.6714	846.0000
36.6919	870.0000
36.7123	855.0000
36.7328	882.0000
36.7533	900.0000
36.7738	887.0000
36.7943	892.0000
36.8147	815.0000
36.8352	887.0000
36.8557	850.0000
36.8762	885.0000
36.8967	851.0000
36.9171	888.0000
36.9376	843.0000
36.9581	876.0000
36.9786	866.0000
36.9991	895.0000
37.0195	894.0000
37.0400	911.0000
37.0605	917.0000
37.0810	904.0000
37.1015	883.0000
37.1220	839.0000
37.1424	930.0000
37.1629	921.0000
37.1834	908.0000
37.2039	943.0000
37.2244	891.0000
37.2448	883.0000
37.2653	879.0000
37.2858	928.0000
37.3063	944.0000
37.3268	909.0000
37.3472	954.0000
37.3677	974.0000
37.3882	923.0000
37.4087	942.0000
37.4292	943.0000
37.4496	959.0000
37.4701	1013.0000
37.4906	958.0000
37.5111	977.0000
37.5316	950.0000
37.5520	1026.0000
37.5725	1019.0000
37.5930	1079.0000
37.6135	1043.0000
37.6340	1069.0000
37.6545	1111.0000
37.6749	1105.0000
37.6954	1085.0000
37.7159	1117.0000
37.7364	1139.0000
37.7569	1182.0000
37.7773	1190.0000
37.7978	1215.0000
37.8183	1270.0000
37.8388	1261.0000
37.8593	1268.0000
37.8797	1275.0000
37.9002	1347.0000
37.9207	1344.0000
37.9412	1432.0000
37.9617	1327.0000
37.9821	1438.0000
38.0026	1457.0000
38.0231	1483.0000
38.0436	1569.0000
38.0641	1527.0000
38.0845	1605.0000
38.1050	1605.0000
38.1255	1683.0000
38.1460	1654.0000
38.1665	1684.0000
38.1869	1728.0000
38.2074	1663.0000
38.2279	1706.0000
38.2484	1790.0000
38.2689	1737.0000
38.2894	1758.0000
38.3098	1807.0000
38.3303	1856.0000
38.3508	1789.0000
38.3713	1788.0000
38.3918	1705.0000
38.4122	1764.0000
38.4327	1732.0000
38.4532	1841.0000
38.4737	1849.0000
38.4942	1842.0000
38.5146	1831.0000
38.5351	1926.0000
38.5556	1907.0000
38.5761	2049.0000
38.5966	1998.0000
38.6170	2047.0000
38.6375	2010.0000
38.6580	1960.0000
38.6785	1958.0000
38.6990	1923.0000
38.7194	1783.0000
38.7399	1773.0000
38.7604	1678.0000
38.7809	1603.0000
38.8014	1421.0000
38.8219	1428.0000
38.8423	1320.0000
38.8628	1296.0000
38.8833	1260.0000
38.9038	1200.0000
38.9243	1120.0000
38.9447	1160.0000
38.9652	1104.0000
38.9857	1101.0000
39.0062	1044.0000
39.0267	1114.0000
39.0471	1136.0000
39.0676	1072.0000
39.0881	1047.0000
39.1086	1079.0000
39.1291	1069.0000
39.1495	1038.0000
39.1700	1045.0000
39.1905	1061.0000
39.2110	999.0000
39.2315	1001.0000
39.2519	986.0000
39.2724	1000.0000
39.2929	1018.0000
39.3134	909.0000
39.3339	907.0000
39.3543	977.0000
39.3748	949.0000
39.3953	1002.0000
39.4158	932.0000
39.4363	1016.0000
39.4568	893.0000
39.4772	929.0000
39.4977	950.0000
39.5182	965.0000
39.5387	930.0000
39.5592	948.0000
39.5796	966.0000
39.6001	955.0000
39.6206	976.0000
39.6411	952.0000
39.6616	900.0000
39.6820	930.0000
39.7025	899.0000
39.7230	916.0000
39.7435	867.0000
39.7640	906.0000
39.7844	947.0000
39.8049	933.0000
39.8254	940.0000
39.8459	920.0000
39.8664	918.0000
39.8868	948.0000
39.9073	915.0000
39.9278	924.0000
39.9483	864.0000
39.9688	926.0000
39.9892	927.0000
40.0097	881.0000
40.0302	880.0000
40.0507	938.0000
40.0712	955.0000
40.0917	918.0000
40.1121	893.0000
40.1326	902.0000
40.1531	852.0000
40.1736	947.0000
40.1941	877.0000
40.2145	926.0000
40.2350	948.0000
40.2555	965.0000
40.2760	919.0000
40.2965	982.0000
40.3169	921.0000
40.3374	898.0000
40.3579	937.0000
40.3784	909.0000
40.3989	955.0000
40.4193	929.0000
40.4398	941.0000
40.4603	894.0000
40.4808	896.0000
40.5013	968.0000
40.5217	955.0000
40.5422	943.0000
40.5627	941.0000
40.5832	938.0000
40.6037	979.0000
40.6242	980.0000
40.6446	890.0000
40.6651	946.0000
40.6856	945.0000
40.7061	954.0000
40.7266	857.0000
40.7470	940.0000
40.7675	953.0000
40.7880	920.0000
40.8085	935.0000
40.8290	981.0000
40.8494	940.0000
40.8699	951.0000
40.8904	961.0000
40.9109	915.0000
40.9314	928.0000
40.9518	1000.0000
40.9723	964.0000
40.9928	980.0000
41.0133	952.0000
41.0338	960.0000
41.0542	958.0000
41.0747	1004.0000
41.0952	1036.0000
41.1157	1077.0000
41.1362	1058.0000
41.1566	1034.0000
41.1771	1113.0000
41.1976	1198.0000
41.2181	1211.0000
41.2386	1264.0000
41.2591	1318.0000
41.2795	1338.0000
41.3000	1334.0000
41.3205	1340.0000
41.3410	1334.0000
41.3615	1361.0000
41.3819	1342.0000
41.4024	1321.0000
41.4229	1272.0000
41.4434	1269.0000
41.4639	1221.0000
41.4843	1199.0000
41.5048	1107.0000
41.5253	1122.0000
41.5458	1071.0000
41.5663	1010.0000
41.5867	1060.0000
41.6072	951.0000
41.6277	971.0000
41.6482	977.0000
41.6687	1010.0000
41.6891	989.0000
41.7096	925.0000
41.7301	960.0000
41.7506	959.0000
41.7711	991.0000
41.7915	942.0000
41.8120	993.0000
41.8325	979.0000
41.8530	938.0000
41.8735	984.0000
41.8940	919.0000
41.9144	959.0000
41.9349	962.0000
41.9554	941.0000
41.9759	941.0000
41.9964	972.0000
42.0168	917.0000
42.0373	921.0000
42.0578	936.0000
42.0783	1010.0000
42.0988	1062.0000
42.1192	987.0000
42.1397	968.0000
42.1602	1028.0000
42.1807	983.0000
42.2012	988.0000
42.2216	1026.0000
42.2421	1040.0000
42.2626	1026.0000
42.2831	1012.0000
42.3036	1057.0000
42.3240	1038.0000
42.3445	1092.0000
42.3650	1081.0000
42.3855	1048.0000
42.4060	1090.0000
42.4265	1005.0000
42.4469	1003.0000
42.4674	1009.0000
42.4879	981.0000
42.5084	981.0000
42.5289	991.0000
42.5493	993.0000
42.5698	1060.0000
42.5903	932.0000
42.6108	1003.0000
42.6313	936.0000
42.6517	956.0000
42.6722	960.0000
42.6927	957.0000
42.7132	985.0000
42.7337	998.0000
42.7541	898.0000
42.7746	935.0000
42.7951	996.0000
42.8156	937.0000
42.8361	989.0000
42.8565	1003.0000
42.8770	923.0000
42.8975	968.0000
42.9180	949.0000
42.9385	988.0000
42.9589	991.0000
42.9794	922.0000
42.9999	1014.0000
43.0204	929.0000
43.0409	1023.0000
43.0614	1025.0000
43.0818	1021.0000
43.1023	994.0000
43.1228	1015.0000
43.1433	989.0000
43.1638	994.0000
43.1842	1010.0000
43.2047	1038.0000
43.2252	983.0000
43.2457	1073.0000
43.2662	1021.0000
43.2866	1025.0000
43.3071	1002.0000
43.3276	942.0000
43.3481	1052.0000
43.3686	1035.0000
43.3890	1058.0000
43.4095	1025.0000
43.4300	1028.0000
43.4505	1067.0000
43.4710	1133.0000
43.4914	1122.0000
43.5119	1098.0000
43.5324	1204.0000
43.5529	1128.0000
43.5734	1146.0000
43.5939	1174.0000
43.6143	1155.0000
43.6348	1168.0000
43.6553	1197.0000
43.6758	1260.0000
43.6963	1227.0000
43.7167	1214.0000
43.7372	1204.0000
43.7577	1250.0000
43.7782	1303.0000
43.7987	1327.0000
43.8191	1276.0000
43.8396	1353.0000
43.8601	1382.0000
43.8806	1384.0000
43.9011	1338.0000
43.9215	1407.0000
43.9420	1501.0000
43.9625	1580.0000
43.9830	1634.0000
44.0035	1644.0000
44.0239	1662.0000
44.0444	1641.0000
44.0649	1669.0000
44.0854	1623.0000
44.1059	1601.0000
44.1263	1560.0000
44.1468	1477.0000
44.1673	1452.0000
44.1878	1311.0000
44.2083	1392.0000
44.2288	1329.0000
44.2492	1274.0000
44.2697	1261.0000
44.2902	1190.0000
44.3107	1141.0000
44.3312	1191.0000
44.3516	1096.0000
44.3721	1067.0000
44.3926	1159.0000
44.4131	1052.0000
44.4336	1106.0000
44.4540	1086.0000
44.4745	1055.0000
44.4950	1056.0000
44.5155	1092.0000
44.5360	1062.0000
44.5564	1051.0000
44.5769	1022.0000
44.5974	982.0000
44.6179	1054.0000
44.6384	1040.0000
44.6588	1004.0000
44.6793	1052.0000
44.6998	1039.0000
44.7203	1108.0000
44.7408	1114.0000
44.7612	1034.0000
44.7817	1067.0000
44.8022	1045.0000
44.8227	1038.0000
44.8432	1048.0000
44.8637	1043.0000
44.8841	1050.0000
44.9046	1009.0000
44.9251	1066.0000
44.9456	1036.0000
44.9661	1061.0000
44.9865	1083.0000
45.0070	1038.0000
45.0275	1005.0000
45.0480	1001.0000
45.0685	1001.0000
45.0889	963.0000
45.1094	1006.0000
45.1299	1021.0000
45.1504	1005.0000
45.1709	1046.0000
45.1913	982.0000
45.2118	1000.0000
45.2323	994.0000
45.2528	1022.0000
45.2733	986.0000
45.2937	1055.0000
45.3142	1020.0000
45.3347	1036.0000
45.3552	984.0000
45.3757	1081.0000
45.3962	1093.0000
45.4166	1053.0000
45.4371	1150.0000
45.4576	1072.0000
45.4781	1126.0000
45.4986	1192.0000
45.5190	1181.0000
45.5395	1282.0000
45.5600	1299.0000
45.5805	1314.0000
45.6010	1424.0000
45.6214	1484.0000
45.6419	1634.0000
45.6624	1614.0000
45.6829	2036.0000
45.7034	2456.0000
45.7238	3175.0000
45.7443	4335.0000
45.7648	5795.0000
45.7853	7944.0000
45.8058	10344.0000
45.8262	11890.0000
45.8467	12933.0000
45.8672	12518.0000
45.8877	11635.0000
45.9082	10108.0000
45.9286	9153.0000
45.9491	8199.0000
45.9696	7714.0000
45.9901	6703.0000
46.0106	5531.0000
46.0311	4181.0000
46.0515	3163.0000
46.0720	2359.0000
46.0925	1809.0000
46.1130	1594.0000
46.1335	1386.0000
46.1539	1261.0000
46.1744	1203.0000
46.1949	1114.0000
46.2154	1126.0000
46.2359	1070.0000
46.2563	1092.0000
46.2768	986.0000
46.2973	1007.0000
46.3178	1032.0000
46.3383	1008.0000
46.3587	982.0000
46.3792	935.0000
46.3997	949.0000
46.4202	961.0000
46.4407	956.0000
46.4611	989.0000
46.4816	969.0000
46.5021	935.0000
46.5226	988.0000
46.5431	907.0000
46.5635	913.0000
46.5840	937.0000
46.6045	912.0000
46.6250	961.0000
46.6455	930.0000
46.6660	966.0000
46.6864	892.0000
46.7069	915.0000
46.7274	968.0000
46.7479	885.0000
46.7684	986.0000
46.7888	946.0000
46.8093	913.0000
46.8298	946.0000
46.8503	920.0000
46.8708	915.0000
46.8912	936.0000
46.9117	900.0000
46.9322	942.0000
46.9527	901.0000
46.9732	842.0000
46.9936	855.0000
47.0141	910.0000
47.0346	912.0000
47.0551	882.0000
47.0756	914.0000
47.0960	954.0000
47.1165	838.0000
47.1370	863.0000
47.1575	901.0000
47.1780	910.0000
47.1985	902.0000
47.2189	907.0000
47.2394	928.0000
47.2599	901.0000
47.2804	958.0000
47.3009	917.0000
47.3213	903.0000
47.3418	897.0000
47.3623	901.0000
47.3828	948.0000
47.4033	851.0000
47.4237	934.0000
47.4442	919.0000
47.4647	889.0000
47.4852	900.0000
47.5057	912.0000
47.5261	826.0000
47.5466	889.0000
47.5671	841.0000
47.5876	859.0000
47.6081	865.0000
47.6285	850.0000
47.6490	855.0000
47.6695	816.0000
47.6900	826.0000
47.7105	921.0000
47.7309	815.0000
47.7514	857.0000
47.7719	836.0000
47.7924	836.0000
47.8129	863.0000
47.8334	857.0000
47.8538	849.0000
47.8743	872.0000
47.8948	824.0000
47.9153	855.0000
47.9358	827.0000
47.9562	940.0000
47.9767	797.0000
47.9972	786.0000
48.0177	772.0000
48.0382	822.0000
48.0586	825.0000
48.0791	890.0000
48.0996	786.0000
48.1201	818.0000
48.1406	804.0000
48.1610	819.0000
48.1815	760.0000
48.2020	855.0000
48.2225	854.0000
48.2430	790.0000
48.2634	851.0000
48.2839	834.0000
48.3044	817.0000
48.3249	768.0000
48.3454	819.0000
48.3659	814.0000
48.3863	844.0000
48.4068	772.0000
48.4273	817.0000
48.4478	795.0000
48.4683	821.0000
48.4887	797.0000
48.5092	837.0000
48.5297	820.0000
48.5502	852.0000
48.5707	756.0000
48.5911	766.0000
48.6116	760.0000
48.6321	822.0000
48.6526	785.0000
48.6731	804.0000
48.6935	826.0000
48.7140	763.0000
48.7345	741.0000
48.7550	805.0000
48.7755	803.0000
48.7959	816.0000
48.8164	822.0000
48.8369	802.0000
48.8574	795.0000
48.8779	822.0000
48.8983	794.0000
48.9188	833.0000
48.9393	792.0000
48.9598	871.0000
48.9803	792.0000
49.0008	837.0000
49.0212	795.0000
49.0417	854.0000
49.0622	900.0000
49.0827	918.0000
49.1032	865.0000
49.1236	863.0000
49.1441	898.0000
49.1646	876.0000
49.1851	943.0000
49.2056	936.0000
49.2260	909.0000
49.2465	827.0000
49.2670	858.0000
49.2875	801.0000
49.3080	867.0000
49.3284	848.0000
49.3489	853.0000
49.3694	836.0000
49.3899	870.0000
49.4104	796.0000
49.4308	794.0000
49.4513	831.0000
49.4718	805.0000
49.4923	785.0000
49.5128	848.0000
49.5332	825.0000
49.5537	873.0000
49.5742	801.0000
49.5947	857.0000
49.6152	878.0000
49.6357	795.0000
49.6561	873.0000
49.6766	808.0000
49.6971	869.0000
49.7176	830.0000
49.7381	816.0000
49.7585	837.0000
49.7790	891.0000
49.7995	850.0000
49.8200	871.0000
49.8405	838.0000
49.8609	923.0000
49.8814	943.0000
49.9019	886.0000
49.9224	928.0000
49.9429	915.0000
49.9633	918.0000
49.9838	941.0000
