20.0001	1098.0000
20.0206	1092.0000
20.0411	1116.0000
20.0615	1072.0000
20.0820	1155.0000
20.1025	1055.0000
20.1230	1154.0000
20.1435	1070.0000
20.1639	1092.0000
20.1844	1188.0000
20.2049	1098.0000
20.2254	1085.0000
20.2459	1104.0000
20.2663	1093.0000
20.2868	1040.0000
20.3073	1132.0000
20.3278	1132.0000
20.3483	1090.0000
20.3688	1170.0000
20.3892	1130.0000
20.4097	1084.0000
20.4302	1107.0000
20.4507	1194.0000
20.4712	1126.0000
20.4916	1119.0000
20.5121	1115.0000
20.5326	1131.0000
20.5531	1193.0000
20.5736	1162.0000
20.5940	1161.0000
20.6145	1195.0000
20.6350	1090.0000
20.6555	1181.0000
20.6760	1211.0000
20.6964	1126.0000
20.7169	1121.0000
20.7374	1207.0000
20.7579	1202.0000
20.7784	1164.0000
20.7988	1098.0000
20.8193	1178.0000
20.8398	1164.0000
20.8603	1196.0000
20.8808	1143.0000
20.9012	1197.0000
20.9217	1167.0000
20.9422	1182.0000
20.9627	1200.0000
20.9832	1208.0000
21.0037	1273.0000
21.0241	1201.0000
21.0446	1228.0000
21.0651	1244.0000
21.0856	1160.0000
21.1061	1173.0000
21.1265	1220.0000
21.1470	1254.0000
21.1675	1245.0000
21.1880	1178.0000
21.2085	1233.0000
21.2289	1247.0000
21.2494	1227.0000
21.2699	1269.0000
21.2904	1245.0000
21.3109	1209.0000
21.3313	1282.0000
21.3518	1319.0000
21.3723	1305.0000
21.3928	1198.0000
21.4133	1256.0000
21.4337	1259.0000
21.4542	1242.0000
21.4747	1213.0000
21.4952	1268.0000
21.5157	1235.0000
21.5362	1356.0000
21.5566	1335.0000
21.5771	1299.0000
21.5976	1256.0000
21.6181	1286.0000
21.6386	1288.0000
21.6590	1237.0000
21.6795	1284.0000
21.7000	1291.0000
21.7205	1400.0000
21.7410	1317.0000
21.7614	1341.0000
21.7819	1259.0000
21.8024	1295.0000
21.8229	1332.0000
21.8434	1307.0000
21.8638	1296.0000
21.8843	1292.0000
21.9048	1366.0000
21.9253	1275.0000
21.9458	1325.0000
21.9662	1290.0000
21.9867	1378.0000
22.0072	1347.0000
22.0277	1288.0000
22.0482	1301.0000
22.0686	1341.0000
22.0891	1322.0000
22.1096	1336.0000
22.1301	1318.0000
22.1506	1363.0000
22.1711	1370.0000
22.1915	1341.0000
22.2120	1308.0000
22.2325	1299.0000
22.2530	1351.0000
22.2735	1351.0000
22.2939	1417.0000
22.3144	1333.0000
22.3349	1413.0000
22.3554	1355.0000
22.3759	1394.0000
22.3963	1357.0000
22.4168	1340.0000
22.4373	1359.0000
22.4578	1366.0000
22.4783	1366.0000
22.4987	1373.0000
22.5192	1422.0000
22.5397	1345.0000
22.5602	1389.0000
22.5807	1432.0000
22.6011	1374.0000
22.6216	1384.0000
22.6421	1450.0000
22.6626	1385.0000
22.6831	1387.0000
22.7035	1396.0000
22.7240	1414.0000
22.7445	1384.0000
22.7650	1401.0000
22.7855	1327.0000
22.8060	1431.0000
22.8264	1395.0000
22.8469	1426.0000
22.8674	1396.0000
22.8879	1351.0000
22.9084	1370.0000
22.9288	1394.0000
22.9493	1386.0000
22.9698	1422.0000
22.9903	1408.0000
23.0108	1324.0000
23.0312	1427.0000
23.0517	1397.0000
23.0722	1361.0000
23.0927	1422.0000
23.1132	1374.0000
23.1336	1356.0000
23.1541	1323.0000
23.1746	1402.0000
23.1951	1387.0000
23.2156	1396.0000
23.2360	1392.0000
23.2565	1403.0000
23.2770	1383.0000
23.2975	1436.0000
23.3180	1445.0000
23.3385	1341.0000
23.3589	1391.0000
23.3794	1459.0000
23.3999	1341.0000
23.4204	1309.0000
23.4409	1340.0000
23.4613	1387.0000
23.4818	1265.0000
23.5023	1365.0000
23.5228	1351.0000
23.5433	1328.0000
23.5637	1347.0000
23.5842	1312.0000
23.6047	1319.0000
23.6252	1337.0000
23.6457	1359.0000
23.6661	1367.0000
23.6866	1320.0000
23.7071	1352.0000
23.7276	1356.0000
23.7481	1343.0000
23.7685	1314.0000
23.7890	1287.0000
23.8095	1260.0000
23.8300	1296.0000
23.8505	1227.0000
23.8709	1313.0000
23.8914	1325.0000
23.9119	1315.0000
23.9324	1272.0000
23.9529	1385.0000
23.9734	1201.0000
23.9938	1326.0000
24.0143	1164.0000
24.0348	1281.0000
24.0553	1338.0000
24.0758	1282.0000
24.0962	1326.0000
24.1167	1277.0000
24.1372	1273.0000
24.1577	1338.0000
24.1782	1282.0000
24.1986	1296.0000
24.2191	1291.0000
24.2396	1249.0000
24.2601	1262.0000
24.2806	1311.0000
24.3010	1242.0000
24.3215	1271.0000
24.3420	1302.0000
24.3625	1317.0000
24.3830	1284.0000
24.4034	1253.0000
24.4239	1349.0000
24.4444	1369.0000
24.4649	1297.0000
24.4854	1327.0000
24.5059	1339.0000
24.5263	1409.0000
24.5468	1278.0000
24.5673	1370.0000
24.5878	1360.0000
24.6083	1313.0000
24.6287	1463.0000
24.6492	1389.0000
24.6697	1401.0000
24.6902	1442.0000
24.7107	1450.0000
24.7311	1391.0000
24.7516	1435.0000
24.7721	1456.0000
24.7926	1442.0000
24.8131	1361.0000
24.8335	1324.0000
24.8540	1278.0000
24.8745	1236.0000
24.8950	1298.0000
24.9155	1164.0000
24.9359	1254.0000
24.9564	1199.0000
24.9769	1160.0000
24.9974	1071.0000
25.0179	1203.0000
25.0383	1180.0000
25.0588	1198.0000
25.0793	1161.0000
25.0998	1119.0000
25.1203	1220.0000
25.1408	1190.0000
25.1612	1149.0000
25.1817	1206.0000
25.2022	1241.0000
25.2227	1178.0000
25.2432	1216.0000
25.2636	1162.0000
25.2841	1135.0000
25.3046	1170.0000
25.3251	1169.0000
25.3456	1201.0000
25.3660	1221.0000
25.3865	1240.0000
25.4070	1185.0000
25.4275	1195.0000
25.4480	1204.0000
25.4684	1260.0000
25.4889	1187.0000
25.5094	1265.0000
25.5299	1216.0000
25.5504	1257.0000
25.5708	1263.0000
25.5913	1239.0000
25.6118	1310.0000
25.6323	1173.0000
25.6528	1218.0000
25.6732	1230.0000
25.6937	1133.0000
25.7142	1080.0000
25.7347	1106.0000
25.7552	1095.0000
25.7757	1111.0000
25.7961	1184.0000
25.8166	1118.0000
25.8371	1168.0000
25.8576	1165.0000
25.8781	1096.0000
25.8985	1087.0000
25.9190	1093.0000
25.9395	1054.0000
25.9600	1079.0000
25.9805	1073.0000
26.0009	1032.0000
26.0214	1120.0000
26.0419	1080.0000
26.0624	1037.0000
26.0829	1082.0000
26.1033	1080.0000
26.1238	1043.0000
26.1443	1099.0000
26.1648	1076.0000
26.1853	1129.0000
26.2057	1134.0000
26.2262	1096.0000
26.2467	1079.0000
26.2672	1050.0000
26.2877	1074.0000
26.3082	1079.0000
26.3286	1035.0000
26.3491	999.0000
26.3696	1051.0000
26.3901	1047.0000
26.4106	1002.0000
26.4310	1042.0000
26.4515	1027.0000
26.4720	1036.0000
26.4925	1006.0000
26.5130	1031.0000
26.5334	1020.0000
26.5539	1028.0000
26.5744	1021.0000
26.5949	1040.0000
26.6154	1065.0000
26.6358	1056.0000
26.6563	988.0000
26.6768	952.0000
26.6973	1011.0000
26.7178	1034.0000
26.7382	1022.0000
26.7587	1007.0000
26.7792	1006.0000
26.7997	992.0000
26.8202	1069.0000
26.8406	1037.0000
26.8611	1011.0000
26.8816	938.0000
26.9021	1041.0000
26.9226	957.0000
26.9431	997.0000
26.9635	1008.0000
26.9840	1014.0000
27.0045	964.0000
27.0250	1028.0000
27.0455	1037.0000
27.0659	1005.0000
27.0864	996.0000
27.1069	1014.0000
27.1274	1007.0000
27.1479	1007.0000
27.1683	977.0000
27.1888	997.0000
27.2093	1004.0000
27.2298	1025.0000
27.2503	915.0000
27.2707	957.0000
27.2912	993.0000
27.3117	929.0000
27.3322	990.0000
27.3527	964.0000
27.3731	1022.0000
27.3936	988.0000
27.4141	1050.0000
27.4346	947.0000
27.4551	993.0000
27.4755	946.0000
27.4960	954.0000
27.5165	999.0000
27.5370	959.0000
27.5575	975.0000
27.5780	956.0000
27.5984	1000.0000
27.6189	971.0000
27.6394	939.0000
27.6599	926.0000
27.6804	954.0000
27.7008	991.0000
27.7213	992.0000
27.7418	984.0000
27.7623	965.0000
27.7828	964.0000
27.8032	934.0000
27.8237	965.0000
27.8442	965.0000
27.8647	968.0000
27.8852	905.0000
27.9056	985.0000
27.9261	958.0000
27.9466	943.0000
27.9671	928.0000
27.9876	999.0000
28.0080	978.0000
28.0285	973.0000
28.0490	975.0000
28.0695	984.0000
28.0900	979.0000
28.1105	936.0000
28.1309	1003.0000
28.1514	890.0000
28.1719	939.0000
28.1924	923.0000
28.2129	992.0000
28.2333	946.0000
28.2538	971.0000
28.2743	919.0000
28.2948	914.0000
28.3153	957.0000
28.3357	960.0000
28.3562	958.0000
28.3767	1019.0000
28.3972	975.0000
28.4177	975.0000
28.4381	962.0000
28.4586	998.0000
28.4791	977.0000
28.4996	987.0000
28.5201	946.0000
28.5405	1000.0000
28.5610	993.0000
28.5815	1038.0000
28.6020	933.0000
28.6225	1002.0000
28.6429	972.0000
28.6634	986.0000
28.6839	979.0000
28.7044	1007.0000
28.7249	971.0000
28.7454	929.0000
28.7658	971.0000
28.7863	943.0000
28.8068	1011.0000
28.8273	946.0000
28.8478	996.0000
28.8682	932.0000
28.8887	943.0000
28.9092	913.0000
28.9297	943.0000
28.9502	926.0000
28.9706	1009.0000
28.9911	874.0000
29.0116	920.0000
29.0321	962.0000
29.0526	888.0000
29.0730	891.0000
29.0935	928.0000
29.1140	945.0000
29.1345	936.0000
29.1550	885.0000
29.1754	930.0000
29.1959	928.0000
29.2164	953.0000
29.2369	917.0000
29.2574	917.0000
29.2779	996.0000
29.2983	913.0000
29.3188	941.0000
29.3393	922.0000
29.3598	939.0000
29.3803	1010.0000
29.4007	928.0000
29.4212	923.0000
29.4417	997.0000
29.4622	968.0000
29.4827	979.0000
29.5031	938.0000
29.5236	931.0000
29.5441	969.0000
29.5646	935.0000
29.5851	938.0000
29.6055	962.0000
29.6260	928.0000
29.6465	917.0000
29.6670	961.0000
29.6875	988.0000
29.7079	971.0000
29.7284	1009.0000
29.7489	1013.0000
29.7694	1041.0000
29.7899	965.0000
29.8103	1039.0000
29.8308	1072.0000
29.8513	1012.0000
29.8718	1022.0000
29.8923	1040.0000
29.9128	1055.0000
29.9332	984.0000
29.9537	992.0000
29.9742	941.0000
29.9947	943.0000
30.0152	978.0000
30.0356	952.0000
30.0561	896.0000
30.0766	938.0000
30.0971	942.0000
30.1176	914.0000
30.1380	890.0000
30.1585	958.0000
30.1790	927.0000
30.1995	945.0000
30.2200	949.0000
30.2404	929.0000
30.2609	876.0000
30.2814	895.0000
30.3019	956.0000
30.3224	960.0000
30.3428	924.0000
30.3633	918.0000
30.3838	887.0000
30.4043	935.0000
30.4248	937.0000
30.4452	902.0000
30.4657	916.0000
30.4862	900.0000
30.5067	943.0000
30.5272	943.0000
30.5477	913.0000
30.5681	928.0000
30.5886	924.0000
30.6091	928.0000
30.6296	881.0000
30.6501	943.0000
30.6705	886.0000
30.6910	893.0000
30.7115	905.0000
30.7320	909.0000
30.7525	910.0000
30.7729	915.0000
30.7934	907.0000
30.8139	870.0000
30.8344	902.0000
30.8549	857.0000
30.8753	953.0000
30.8958	873.0000
30.9163	891.0000
30.9368	892.0000
30.9573	833.0000
30.9777	879.0000
30.9982	915.0000
31.0187	901.0000
31.0392	908.0000
31.0597	947.0000
31.0802	898.0000
31.1006	879.0000
31.1211	916.0000
31.1416	878.0000
31.1621	868.0000
31.1826	873.0000
31.2030	894.0000
31.2235	895.0000
31.2440	918.0000
31.2645	915.0000
31.2850	925.0000
31.3054	882.0000
31.3259	833.0000
31.3464	865.0000
31.3669	908.0000
31.3874	918.0000
31.4078	887.0000
31.4283	936.0000
31.4488	860.0000
31.4693	874.0000
31.4898	854.0000
31.5102	892.0000
31.5307	891.0000
31.5512	888.0000
31.5717	963.0000
31.5922	952.0000
31.6126	854.0000
31.6331	869.0000
31.6536	914.0000
31.6741	923.0000
31.6946	910.0000
31.7151	917.0000
31.7355	913.0000
31.7560	928.0000
31.7765	892.0000
31.7970	842.0000
31.8175	903.0000
31.8379	929.0000
31.8584	907.0000
31.8789	913.0000
31.8994	877.0000
31.9199	877.0000
31.9403	857.0000
31.9608	900.0000
31.9813	895.0000
32.0018	872.0000
32.0223	873.0000
32.0427	875.0000
32.0632	845.0000
32.0837	930.0000
32.1042	916.0000
32.1247	869.0000
32.1451	883.0000
32.1656	826.0000
32.1861	856.0000
32.2066	888.0000
32.2271	864.0000
32.2475	898.0000
32.2680	841.0000
32.2885	897.0000
32.3090	848.0000
32.3295	871.0000
32.3500	898.0000
32.3704	901.0000
32.3909	889.0000
32.4114	881.0000
32.4319	849.0000
32.4524	845.0000
32.4728	880.0000
32.4933	854.0000
32.5138	920.0000
32.5343	861.0000
32.5548	798.0000
32.5752	873.0000
32.5957	902.0000
32.6162	856.0000
32.6367	871.0000
32.6572	924.0000
32.6776	903.0000
32.6981	879.0000
32.7186	863.0000
32.7391	929.0000
32.7596	932.0000
32.7800	871.0000
32.8005	919.0000
32.8210	896.0000
32.8415	904.0000
32.8620	857.0000
32.8825	824.0000
32.9029	849.0000
32.9234	813.0000
32.9439	877.0000
32.9644	810.0000
32.9849	916.0000
33.0053	894.0000
33.0258	880.0000
33.0463	855.0000
33.0668	800.0000
33.0873	912.0000
33.1077	890.0000
33.1282	876.0000
33.1487	846.0000
33.1692	838.0000
33.1897	886.0000
33.2101	912.0000
33.2306	924.0000
33.2511	891.0000
33.2716	866.0000
33.2921	874.0000
33.3125	911.0000
33.3330	876.0000
33.3535	884.0000
33.3740	819.0000
33.3945	875.0000
33.4149	839.0000
33.4354	910.0000
33.4559	861.0000
33.4764	891.0000
33.4969	887.0000
33.5174	886.0000
33.5378	833.0000
33.5583	868.0000
33.5788	875.0000
33.5993	872.0000
33.6198	859.0000
33.6402	855.0000
33.6607	821.0000
33.6812	880.0000
33.7017	835.0000
33.7222	927.0000
33.7426	858.0000
33.7631	902.0000
33.7836	873.0000
33.8041	858.0000
33.8246	871.0000
33.8450	886.0000
33.8655	861.0000
33.8860	848.0000
33.9065	795.0000
33.9270	851.0000
33.9474	878.0000
33.9679	871.0000
33.9884	833.0000
34.0089	798.0000
34.0294	882.0000
34.0499	828.0000
34.0703	820.0000
34.0908	802.0000
34.1113	797.0000
34.1318	885.0000
34.1523	882.0000
34.1727	888.0000
34.1932	876.0000
34.2137	813.0000
34.2342	851.0000
34.2547	824.0000
34.2751	886.0000
34.2956	863.0000
34.3161	829.0000
34.3366	820.0000
34.3571	859.0000
34.3775	862.0000
34.3980	913.0000
34.4185	869.0000
34.4390	874.0000
34.4595	849.0000
34.4799	857.0000
34.5004	836.0000
34.5209	900.0000
34.5414	795.0000
34.5619	848.0000
34.5823	843.0000
34.6028	824.0000
34.6233	849.0000
34.6438	854.0000
34.6643	848.0000
34.6848	893.0000
34.7052	856.0000
34.7257	869.0000
34.7462	924.0000
34.7667	930.0000
34.7872	907.0000
34.8076	940.0000
34.8281	950.0000
34.8486	945.0000
34.8691	963.0000
34.8896	957.0000
34.9100	940.0000
34.9305	973.0000
34.9510	932.0000
34.9715	904.0000
34.9920	1005.0000
35.0124	959.0000
35.0329	914.0000
35.0534	907.0000
35.0739	885.0000
35.0944	931.0000
35.1148	893.0000
35.1353	909.0000
35.1558	890.0000
35.1763	885.0000
35.1968	919.0000
35.2172	952.0000
35.2377	933.0000
35.2582	884.0000
35.2787	866.0000
35.2992	988.0000
35.3197	913.0000
35.3401	886.0000
35.3606	897.0000
35.3811	901.0000
35.4016	883.0000
35.4221	872.0000
35.4425	840.0000
35.4630	831.0000
35.4835	885.0000
35.5040	866.0000
35.5245	804.0000
35.5449	888.0000
35.5654	908.0000
35.5859	802.0000
35.6064	823.0000
35.6269	820.0000
35.6473	857.0000
35.6678	812.0000
35.6883	850.0000
35.7088	860.0000
35.7293	887.0000
35.7497	852.0000
35.7702	875.0000
35.7907	892.0000
35.8112	926.0000
35.8317	896.0000
35.8522	891.0000
35.8726	944.0000
35.8931	906.0000
35.9136	948.0000
35.9341	898.0000
35.9546	899.0000
35.9750	909.0000
35.9955	946.0000
36.0160	919.0000
36.0365	936.0000
36.0570	949.0000
36.0774	874.0000
36.0979	881.0000
36.1184	861.0000
36.1389	879.0000
36.1594	884.0000
36.1798	843.0000
36.2003	932.0000
36.2208	868.0000
36.2413	848.0000
36.2618	870.0000
36.2822	902.0000
36.3027	860.0000
36.3232	873.0000
36.3437	865.0000
36.3642	840.0000
36.3846	894.0000
36.4051	881.0000
36.4256	877.0000
36.4461	895.0000
36.4666	840.0000
36.4871	854.0000
36.5075	873.0000
36.5280	899.0000
36.5485	870.0000
36.5690	862.0000
36.5895	853.0000
36.6099	916.0000
36.6304	804.0000
36.6509	874.0000
36.6714	846.0000
36.6919	880.0000
36.7123	860.0000
36.7328	827.0000
36.7533	844.0000
36.7738	921.0000
36.7943	899.0000
36.8147	886.0000
36.8352	874.0000
36.8557	851.0000
36.8762	847.0000
36.8967	897.0000
36.9171	879.0000
36.9376	860.0000
36.9581	843.0000
36.9786	888.0000
36.9991	860.0000
37.0195	895.0000
37.0400	927.0000
37.0605	933.0000
37.0810	913.0000
37.1015	939.0000
37.1220	823.0000
37.1424	875.0000
37.1629	905.0000
37.1834	887.0000
37.2039	869.0000
37.2244	900.0000
37.2448	868.0000
37.2653	915.0000
37.2858	906.0000
37.3063	928.0000
37.3268	907.0000
37.3472	901.0000
37.3677	911.0000
37.3882	957.0000
37.4087	943.0000
37.4292	939.0000
37.4496	896.0000
37.4701	942.0000
37.4906	923.0000
37.5111	980.0000
37.5316	947.0000
37.5520	914.0000
37.5725	999.0000
37.5930	1008.0000
37.6135	974.0000
37.6340	1027.0000
37.6545	1035.0000
37.6749	1054.0000
37.6954	1093.0000
37.7159	1046.0000
37.7364	1107.0000
37.7569	1080.0000
37.7773	1078.0000
37.7978	1128.0000
37.8183	1215.0000
37.8388	1175.0000
37.8593	1247.0000
37.8797	1264.0000
37.9002	1288.0000
37.9207	1340.0000
37.9412	1330.0000
37.9617	1425.0000
37.9821	1421.0000
38.0026	1461.0000
38.0231	1533.0000
38.0436	1484.0000
38.0641	1500.0000
38.0845	1585.0000
38.1050	1569.0000
38.1255	1615.0000
38.1460	1634.0000
38.1665	1711.0000
38.1869	1705.0000
38.2074	1701.0000
38.2279	1722.0000
38.2484	1704.0000
38.2689	1730.0000
38.2894	1735.0000
38.3098	1746.0000
38.3303	1766.0000
38.3508	1812.0000
38.3713	1779.0000
38.3918	1816.0000
38.4122	1753.0000
38.4327	1821.0000
38.4532	1825.0000
38.4737	1801.0000
38.4942	1876.0000
38.5146	1819.0000
38.5351	2032.0000
38.5556	1925.0000
38.5761	2070.0000
38.5966	2000.0000
38.6170	2049.0000
38.6375	2110.0000
38.6580	2074.0000
38.6785	1928.0000
38.6990	1967.0000
38.7194	1831.0000
38.7399	1751.0000
38.7604	1593.0000
38.7809	1637.0000
38.8014	1499.0000
38.8219	1491.0000
38.8423	1363.0000
38.8628	1302.0000
38.8833	1193.0000
38.9038	1244.0000
38.9243	1231.0000
38.9447	1135.0000
38.9652	1100.0000
38.9857	1147.0000
39.0062	1104.0000
39.0267	1116.0000
39.0471	1131.0000
39.0676	1117.0000
39.0881	1069.0000
39.1086	1056.0000
39.1291	1056.0000
39.1495	1042.0000
39.1700	1036.0000
39.1905	981.0000
39.2110	989.0000
39.2315	1008.0000
39.2519	1026.0000
39.2724	1028.0000
39.2929	968.0000
39.3134	1063.0000
39.3339	948.0000
39.3543	1007.0000
39.3748	982.0000
39.3953	955.0000
39.4158	982.0000
39.4363	977.0000
39.4568	1002.0000
39.4772	980.0000
39.4977	973.0000
39.5182	945.0000
39.5387	902.0000
39.5592	939.0000
39.5796	957.0000
39.6001	956.0000
39.6206	946.0000
39.6411	999.0000
39.6616	963.0000
39.6820	957.0000
39.7025	906.0000
39.7230	953.0000
39.7435	937.0000
39.7640	914.0000
39.7844	919.0000
39.8049	905.0000
39.8254	949.0000
39.8459	941.0000
39.8664	880.0000
39.8868	956.0000
39.9073	929.0000
39.9278	867.0000
39.9483	891.0000
39.9688	921.0000
39.9892	870.0000
40.0097	872.0000
40.0302	916.0000
40.0507	917.0000
40.0712	896.0000
40.0917	995.0000
40.1121	925.0000
40.1326	935.0000
40.1531	945.0000
40.1736	900.0000
40.1941	908.0000
40.2145	961.0000
40.2350	934.0000
40.2555	937.0000
40.2760	876.0000
40.2965	881.0000
40.3169	892.0000
40.3374	956.0000
40.3579	948.0000
40.3784	940.0000
40.3989	880.0000
40.4193	963.0000
40.4398	935.0000
40.4603	905.0000
40.4808	952.0000
40.5013	937.0000
40.5217	899.0000
40.5422	859.0000
40.5627	962.0000
40.5832	915.0000
40.6037	894.0000
40.6242	961.0000
40.6446	919.0000
40.6651	916.0000
40.6856	915.0000
40.7061	956.0000
40.7266	992.0000
40.7470	966.0000
40.7675	931.0000
40.7880	964.0000
40.8085	962.0000
40.8290	904.0000
40.8494	958.0000
40.8699	973.0000
40.8904	886.0000
40.9109	881.0000
40.9314	976.0000
40.9518	988.0000
40.9723	956.0000
40.9928	991.0000
41.0133	1010.0000
41.0338	956.0000
41.0542	1045.0000
41.0747	1047.0000
41.0952	1070.0000
41.1157	1011.0000
41.1362	1056.0000
41.1566	1135.0000
41.1771	1129.0000
41.1976	1215.0000
41.2181	1281.0000
41.2386	1316.0000
41.2591	1252.0000
41.2795	1313.0000
41.3000	1369.0000
41.3205	1332.0000
41.3410	1368.0000
41.3615	1351.0000
41.3819	1347.0000
41.4024	1295.0000
41.4229	1296.0000
41.4434	1240.0000
41.4639	1238.0000
41.4843	1089.0000
41.5048	1152.0000
41.5253	1074.0000
41.5458	1067.0000
41.5663	1025.0000
41.5867	969.0000
41.6072	1034.0000
41.6277	989.0000
41.6482	981.0000
41.6687	975.0000
41.6891	968.0000
41.7096	995.0000
41.7301	1001.0000
41.7506	976.0000
41.7711	968.0000
41.7915	1030.0000
41.8120	937.0000
41.8325	1049.0000
41.8530	957.0000
41.8735	981.0000
41.8940	930.0000
41.9144	955.0000
41.9349	916.0000
41.9554	946.0000
41.9759	913.0000
41.9964	929.0000
42.0168	959.0000
42.0373	924.0000
42.0578	943.0000
42.0783	976.0000
42.0988	1008.0000
42.1192	993.0000
42.1397	1021.0000
42.1602	962.0000
42.1807	1036.0000
42.2012	1010.0000
42.2216	964.0000
42.2421	1057.0000
42.2626	1032.0000
42.2831	1010.0000
42.3036	1036.0000
42.3240	1058.0000
42.3445	1019.0000
42.3650	1021.0000
42.3855	1059.0000
42.4060	1022.0000
42.4265	1035.0000
42.4469	973.0000
42.4674	1051.0000
42.4879	1017.0000
42.5084	961.0000
42.5289	1004.0000
42.5493	987.0000
42.5698	934.0000
42.5903	972.0000
42.6108	920.0000
42.6313	1027.0000
42.6517	1010.0000
42.6722	925.0000
42.6927	1019.0000
42.7132	987.0000
42.7337	950.0000
42.7541	972.0000
42.7746	956.0000
42.7951	1023.0000
42.8156	935.0000
42.8361	955.0000
42.8565	929.0000
42.8770	1005.0000
42.8975	999.0000
42.9180	974.0000
42.9385	1023.0000
42.9589	977.0000
42.9794	996.0000
42.9999	955.0000
43.0204	1000.0000
43.0409	1062.0000
43.0614	1052.0000
43.0818	1004.0000
43.1023	1014.0000
43.1228	970.0000
43.1433	985.0000
43.1638	1019.0000
43.1842	1004.0000
43.2047	972.0000
43.2252	987.0000
43.2457	1004.0000
43.2662	1010.0000
43.2866	975.0000
43.3071	1008.0000
43.3276	1009.0000
43.3481	1004.0000
43.3686	996.0000
43.3890	1039.0000
43.4095	1021.0000
43.4300	998.0000
43.4505	1041.0000
43.4710	1067.0000
43.4914	1103.0000
43.5119	1093.0000
43.5324	1117.0000
43.5529	1112.0000
43.5734	1155.0000
43.5939	1118.0000
43.6143	1142.0000
43.6348	1188.0000
43.6553	1204.0000
43.6758	1184.0000
43.6963	1211.0000
43.7167	1170.0000
43.7372	1263.0000
43.7577	1216.0000
43.7782	1265.0000
43.7987	1258.0000
43.8191	1268.0000
43.8396	1352.0000
43.8601	1360.0000
43.8806	1323.0000
43.9011	1320.0000
43.9215	1483.0000
43.9420	1458.0000
43.9625	1567.0000
43.9830	1566.0000
44.0035	1711.0000
44.0239	1601.0000
44.0444	1651.0000
44.0649	1599.0000
44.0854	1670.0000
44.1059	1585.0000
44.1263	1587.0000
44.1468	1427.0000
44.1673	1447.0000
44.1878	1384.0000
44.2083	1386.0000
44.2288	1364.0000
44.2492	1219.0000
44.2697	1246.0000
44.2902	1150.0000
44.3107	1108.0000
44.3312	1167.0000
44.3516	1196.0000
44.3721	1132.0000
44.3926	1099.0000
44.4131	1104.0000
44.4336	1121.0000
44.4540	1092.0000
44.4745	1096.0000
44.4950	1056.0000
44.5155	1043.0000
44.5360	1034.0000
44.5564	1010.0000
44.5769	1015.0000
44.5974	1050.0000
44.6179	1074.0000
44.6384	1038.0000
44.6588	1072.0000
44.6793	1036.0000
44.6998	1052.0000
44.7203	1098.0000
44.7408	1023.0000
44.7612	1024.0000
44.7817	1074.0000
44.8022	1014.0000
44.8227	1008.0000
44.8432	1091.0000
44.8637	1096.0000
44.8841	1025.0000
44.9046	998.0000
44.9251	1034.0000
44.9456	1043.0000
44.9661	1067.0000
44.9865	1048.0000
45.0070	996.0000
45.0275	1046.0000
45.0480	1039.0000
45.0685	1087.0000
45.0889	1032.0000
45.1094	1002.0000
45.1299	1004.0000
45.1504	1012.0000
45.1709	915.0000
45.1913	1018.0000
45.2118	1060.0000
45.2323	1020.0000
45.2528	1055.0000
45.2733	1042.0000
45.2937	1037.0000
45.3142	1011.0000
45.3347	1080.0000
45.3552	1106.0000
45.3757	1036.0000
45.3962	1084.0000
45.4166	1112.0000
45.4371	1140.0000
45.4576	1160.0000
45.4781	1187.0000
45.4986	1154.0000
45.5190	1200.0000
45.5395	1256.0000
45.5600	1243.0000
45.5805	1268.0000
45.6010	1354.0000
45.6214	1494.0000
45.6419	1526.0000
45.6624	1758.0000
45.6829	2024.0000
45.7034	2455.0000
45.7238	3176.0000
45.7443	4203.0000
45.7648	5858.0000
45.7853	7841.0000
45.8058	10095.0000
45.8262	11962.0000
45.8467	12696.0000
45.8672	12726.0000
45.8877	11522.0000
45.9082	10084.0000
45.9286	8862.0000
45.9491	8129.0000
45.9696	7660.0000
45.9901	6716.0000
46.0106	5575.0000
46.0311	4267.0000
46.0515	3127.0000
46.0720	2351.0000
46.0925	1850.0000
46.1130	1568.0000
46.1335	1351.0000
46.1539	1316.0000
46.1744	1180.0000
46.1949	1121.0000
46.2154	1135.0000
46.2359	1064.0000
46.2563	1083.0000
46.2768	973.0000
46.2973	971.0000
46.3178	1031.0000
46.3383	987.0000
46.3587	979.0000
46.3792	985.0000
46.3997	970.0000
46.4202	965.0000
46.4407	978.0000
46.4611	886.0000
46.4816	918.0000
46.5021	979.0000
46.5226	881.0000
46.5431	925.0000
46.5635	991.0000
46.5840	881.0000
46.6045	913.0000
46.6250	896.0000
46.6455	933.0000
46.6660	959.0000
46.6864	955.0000
46.7069	984.0000
46.7274	900.0000
46.7479	988.0000
46.7684	919.0000
46.7888	915.0000
46.8093	931.0000
46.8298	958.0000
46.8503	879.0000
46.8708	871.0000
46.8912	984.0000
46.9117	868.0000
46.9322	902.0000
46.9527	900.0000
46.9732	956.0000
46.9936	864.0000
47.0141	881.0000
47.0346	868.0000
47.0551	904.0000
47.0756	877.0000
47.0960	930.0000
47.1165	877.0000
47.1370	899.0000
47.1575	884.0000
47.1780	889.0000
47.1985	880.0000
47.2189	871.0000
47.2394	885.0000
47.2599	862.0000
47.2804	881.0000
47.3009	824.0000
47.3213	887.0000
47.3418	951.0000
47.3623	899.0000
47.3828	918.0000
47.4033	928.0000
47.4237	841.0000
47.4442	880.0000
47.4647	891.0000
47.4852	874.0000
47.5057	867.0000
47.5261	842.0000
47.5466	875.0000
47.5671	847.0000
47.5876	862.0000
47.6081	846.0000
47.6285	834.0000
47.6490	883.0000
47.6695	818.0000
47.6900	816.0000
47.7105	878.0000
47.7309	830.0000
47.7514	870.0000
47.7719	857.0000
47.7924	795.0000
47.8129	851.0000
47.8334	806.0000
47.8538	866.0000
47.8743	827.0000
47.8948	840.0000
47.9153	838.0000
47.9358	758.0000
47.9562	826.0000
47.9767	844.0000
47.9972	831.0000
48.0177	828.0000
48.0382	839.0000
48.0586	875.0000
48.0791	830.0000
48.0996	801.0000
48.1201	804.0000
48.1406	817.0000
48.1610	836.0000
48.1815	836.0000
48.2020	802.0000
48.2225	800.0000
48.2430	849.0000
48.2634	762.0000
48.2839	779.0000
48.3044	842.0000
48.3249	800.0000
48.3454	808.0000
48.3659	841.0000
48.3863	802.0000
48.4068	852.0000
48.4273	805.0000
48.4478	783.0000
48.4683	783.0000
48.4887	840.0000
48.5092	792.0000
48.5297	852.0000
48.5502	809.0000
48.5707	815.0000
48.5911	770.0000
48.6116	736.0000
48.6321	800.0000
48.6526	818.0000
48.6731	829.0000
48.6935	797.0000
48.7140	818.0000
48.7345	821.0000
48.7550	759.0000
48.7755	726.0000
48.7959	820.0000
48.8164	792.0000
48.8369	806.0000
48.8574	814.0000
48.8779	764.0000
48.8983	804.0000
48.9188	793.0000
48.9393	828.0000
48.9598	763.0000
48.9803	856.0000
49.0008	869.0000
49.0212	859.0000
49.0417	884.0000
49.0622	930.0000
49.0827	888.0000
49.1032	925.0000
49.1236	881.0000
49.1441	895.0000
49.1646	890.0000
49.1851	963.0000
49.2056	926.0000
49.2260	881.0000
49.2465	882.0000
49.2670	851.0000
49.2875	812.0000
49.3080	900.0000
49.3284	823.0000
49.3489	825.0000
49.3694	877.0000
49.3899	876.0000
49.4104	752.0000
49.4308	861.0000
49.4513	849.0000
49.4718	847.0000
49.4923	847.0000
49.5128	901.0000
49.5332	888.0000
49.5537	818.0000
49.5742	894.0000
49.5947	767.0000
49.6152	815.0000
49.6357	854.0000
49.6561	879.0000
49.6766	833.0000
49.6971	843.0000
49.7176	833.0000
49.7381	870.0000
49.7585	855.0000
49.7790	869.0000
49.7995	838.0000
49.8200	876.0000
49.8405	863.0000
49.8609	907.0000
49.8814	926.0000
49.9019	883.0000
49.9224	919.0000
49.9429	961.0000
49.9633	952.0000
49.9838	936.0000
