20.0001	1042.0000
20.0206	1015.0000
20.0411	1048.0000
20.0615	1096.0000
20.0820	1069.0000
20.1025	1103.0000
20.1230	1123.0000
20.1435	1071.0000
20.1639	986.0000
20.1844	1115.0000
20.2049	1072.0000
20.2254	1113.0000
20.2459	1107.0000
20.2663	1102.0000
20.2868	1061.0000
20.3073	1120.0000
20.3278	1013.0000
20.3483	1109.0000
20.3688	1035.0000
20.3892	1154.0000
20.4097	1134.0000
20.4302	1099.0000
20.4507	1089.0000
20.4712	1136.0000
20.4916	1125.0000
20.5121	1135.0000
20.5326	1152.0000
20.5531	1156.0000
20.5736	1117.0000
20.5940	1065.0000
20.6145	1074.0000
20.6350	1138.0000
20.6555	1089.0000
20.6760	1097.0000
20.6964	1120.0000
20.7169	1175.0000
20.7374	1187.0000
20.7579	1113.0000
20.7784	1147.0000
20.7988	1211.0000
20.8193	1159.0000
20.8398	1119.0000
20.8603	1175.0000
20.8808	1220.0000
20.9012	1158.0000
20.9217	1228.0000
20.9422	1144.0000
20.9627	1140.0000
20.9832	1175.0000
21.0037	1236.0000
21.0241	1128.0000
21.0446	1178.0000
21.0651	1152.0000
21.0856	1156.0000
21.1061	1191.0000
21.1265	1180.0000
21.1470	1145.0000
21.1675	1182.0000
21.1880	1127.0000
21.2085	1199.0000
21.2289	1191.0000
21.2494	1226.0000
21.2699	1241.0000
21.2904	1198.0000
21.3109	1259.0000
21.3313	1248.0000
21.3518	1194.0000
21.3723	1230.0000
21.3928	1264.0000
21.4133	1270.0000
21.4337	1297.0000
21.4542	1257.0000
21.4747	1229.0000
21.4952	1214.0000
21.5157	1263.0000
21.5362	1304.0000
21.5566	1187.0000
21.5771	1208.0000
21.5976	1260.0000
21.6181	1237.0000
21.6386	1286.0000
21.6590	1190.0000
21.6795	1278.0000
21.7000	1281.0000
21.7205	1299.0000
21.7410	1226.0000
21.7614	1300.0000
21.7819	1271.0000
21.8024	1297.0000
21.8229	1284.0000
21.8434	1335.0000
21.8638	1249.0000
21.8843	1264.0000
21.9048	1323.0000
21.9253	1325.0000
21.9458	1335.0000
21.9662	1311.0000
21.9867	1338.0000
22.0072	1303.0000
22.0277	1271.0000
22.0482	1276.0000
22.0686	1292.0000
22.0891	1292.0000
22.1096	1388.0000
22.1301	1324.0000
22.1506	1380.0000
22.1711	1309.0000
22.1915	1347.0000
22.2120	1260.0000
22.2325	1273.0000
22.2530	1350.0000
22.2735	1298.0000
22.2939	1371.0000
22.3144	1392.0000
22.3349	1309.0000
22.3554	1335.0000
22.3759	1306.0000
22.3963	1319.0000
22.4168	1302.0000
22.4373	1386.0000
22.4578	1355.0000
22.4783	1302.0000
22.4987	1327.0000
22.5192	1305.0000
22.5397	1323.0000
22.5602	1340.0000
22.5807	1380.0000
22.6011	1375.0000
22.6216	1373.0000
22.6421	1390.0000
22.6626	1379.0000
22.6831	1342.0000
22.7035	1364.0000
22.7240	1350.0000
22.7445	1308.0000
22.7650	1365.0000
22.7855	1379.0000
22.8060	1375.0000
22.8264	1432.0000
22.8469	1382.0000
22.8674	1355.0000
22.8879	1399.0000
22.9084	1363.0000
22.9288	1379.0000
22.9493	1315.0000
22.9698	1411.0000
22.9903	1397.0000
23.0108	1440.0000
23.0312	1406.0000
23.0517	1332.0000
23.0722	1352.0000
23.0927	1362.0000
23.1132	1368.0000
23.1336	1328.0000
23.1541	1369.0000
23.1746	1324.0000
23.1951	1396.0000
23.2156	1309.0000
23.2360	1298.0000
23.2565	1422.0000
23.2770	1314.0000
23.2975	1374.0000
23.3180	1293.0000
23.3385	1321.0000
23.3589	1398.0000
23.3794	1292.0000
23.3999	1359.0000
23.4204	1434.0000
23.4409	1327.0000
23.4613	1374.0000
23.4818	1287.0000
23.5023	1371.0000
23.5228	1326.0000
23.5433	1373.0000
23.5637	1313.0000
23.5842	1305.0000
23.6047	1340.0000
23.6252	1325.0000
23.6457	1249.0000
23.6661	1296.0000
23.6866	1344.0000
23.7071	1375.0000
23.7276	1302.0000
23.7481	1280.0000
23.7685	1317.0000
23.7890	1314.0000
23.8095	1350.0000
23.8300	1291.0000
23.8505	1283.0000
23.8709	1292.0000
23.8914	1316.0000
23.9119	1229.0000
23.9324	1338.0000
23.9529	1248.0000
23.9734	1259.0000
23.9938	1298.0000
24.0143	1296.0000
24.0348	1260.0000
24.0553	1284.0000
24.0758	1348.0000
24.0962	1304.0000
24.1167	1264.0000
24.1372	1261.0000
24.1577	1292.0000
24.1782	1219.0000
24.1986	1258.0000
24.2191	1234.0000
24.2396	1261.0000
24.2601	1229.0000
24.2806	1248.0000
24.3010	1163.0000
24.3215	1252.0000
24.3420	1276.0000
24.3625	1247.0000
24.3830	1268.0000
24.4034	1280.0000
24.4239	1304.0000
24.4444	1336.0000
24.4649	1340.0000
24.4854	1334.0000
24.5059	1311.0000
24.5263	1363.0000
24.5468	1352.0000
24.5673	1399.0000
24.5878	1325.0000
24.6083	1374.0000
24.6287	1405.0000
24.6492	1431.0000
24.6697	1408.0000
24.6902	1456.0000
24.7107	1421.0000
24.7311	1445.0000
24.7516	1524.0000
24.7721	1436.0000
24.7926	1384.0000
24.8131	1422.0000
24.8335	1334.0000
24.8540	1283.0000
24.8745	1253.0000
24.8950	1275.0000
24.9155	1256.0000
24.9359	1225.0000
24.9564	1154.0000
24.9769	1146.0000
24.9974	1206.0000
25.0179	1126.0000
25.0383	1153.0000
25.0588	1183.0000
25.0793	1138.0000
25.0998	1162.0000
25.1203	1185.0000
25.1408	1148.0000
25.1612	1134.0000
25.1817	1096.0000
25.2022	1181.0000
25.2227	1139.0000
25.2432	1175.0000
25.2636	1188.0000
25.2841	1166.0000
25.3046	1114.0000
25.3251	1160.0000
25.3456	1175.0000
25.3660	1169.0000
25.3865	1216.0000
25.4070	1205.0000
25.4275	1302.0000
25.4480	1200.0000
25.4684	1236.0000
25.4889	1208.0000
25.5094	1202.0000
25.5299	1272.0000
25.5504	1282.0000
25.5708	1222.0000
25.5913	1212.0000
25.6118	1163.0000
25.6323	1174.0000
25.6528	1217.0000
25.6732	1193.0000
25.6937	1183.0000
25.7142	1162.0000
25.7347	1151.0000
25.7552	1155.0000
25.7757	1102.0000
25.7961	1067.0000
25.8166	1120.0000
25.8371	1070.0000
25.8576	1215.0000
25.8781	1099.0000
25.8985	1057.0000
25.9190	1032.0000
25.9395	1044.0000
25.9600	1047.0000
25.9805	1045.0000
26.0009	1124.0000
26.0214	1069.0000
26.0419	1077.0000
26.0624	1102.0000
26.0829	1094.0000
26.1033	1114.0000
26.1238	1108.0000
26.1443	1152.0000
26.1648	1095.0000
26.1853	1111.0000
26.2057	1051.0000
26.2262	1002.0000
26.2467	1007.0000
26.2672	1022.0000
26.2877	1077.0000
26.3082	1063.0000
26.3286	1037.0000
26.3491	1058.0000
26.3696	1026.0000
26.3901	1036.0000
26.4106	1044.0000
26.4310	1060.0000
26.4515	1070.0000
26.4720	1011.0000
26.4925	984.0000
26.5130	965.0000
26.5334	979.0000
26.5539	1088.0000
26.5744	987.0000
26.5949	967.0000
26.6154	1039.0000
26.6358	1037.0000
26.6563	985.0000
26.6768	1019.0000
26.6973	1014.0000
26.7178	950.0000
26.7382	1067.0000
26.7587	1036.0000
26.7792	1011.0000
26.7997	1002.0000
26.8202	972.0000
26.8406	999.0000
26.8611	1025.0000
26.8816	1044.0000
26.9021	997.0000
26.9226	1032.0000
26.9431	995.0000
26.9635	986.0000
26.9840	1019.0000
27.0045	989.0000
27.0250	981.0000
27.0455	999.0000
27.0659	976.0000
27.0864	965.0000
27.1069	999.0000
27.1274	926.0000
27.1479	1028.0000
27.1683	940.0000
27.1888	1015.0000
27.2093	944.0000
27.2298	1038.0000
27.2503	1003.0000
27.2707	958.0000
27.2912	961.0000
27.3117	957.0000
27.3322	967.0000
27.3527	984.0000
27.3731	1049.0000
27.3936	960.0000
27.4141	1024.0000
27.4346	1020.0000
27.4551	962.0000
27.4755	988.0000
27.4960	980.0000
27.5165	965.0000
27.5370	1025.0000
27.5575	941.0000
27.5780	980.0000
27.5984	944.0000
27.6189	974.0000
27.6394	948.0000
27.6599	975.0000
27.6804	934.0000
27.7008	931.0000
27.7213	940.0000
27.7418	987.0000
27.7623	995.0000
27.7828	947.0000
27.8032	978.0000
27.8237	946.0000
27.8442	989.0000
27.8647	978.0000
27.8852	919.0000
27.9056	960.0000
27.9261	897.0000
27.9466	1013.0000
27.9671	961.0000
27.9876	947.0000
28.0080	934.0000
28.0285	915.0000
28.0490	952.0000
28.0695	963.0000
28.0900	976.0000
28.1105	950.0000
28.1309	953.0000
28.1514	929.0000
28.1719	1012.0000
28.1924	996.0000
28.2129	962.0000
28.2333	966.0000
28.2538	961.0000
28.2743	931.0000
28.2948	980.0000
28.3153	944.0000
28.3357	957.0000
28.3562	986.0000
28.3767	1006.0000
28.3972	926.0000
28.4177	1018.0000
28.4381	921.0000
28.4586	934.0000
28.4791	930.0000
28.4996	1008.0000
28.5201	947.0000
28.5405	943.0000
28.5610	992.0000
28.5815	957.0000
28.6020	1008.0000
28.6225	945.0000
28.6429	1005.0000
28.6634	897.0000
28.6839	948.0000
28.7044	946.0000
28.7249	954.0000
28.7454	940.0000
28.7658	906.0000
28.7863	903.0000
28.8068	901.0000
28.8273	924.0000
28.8478	944.0000
28.8682	925.0000
28.8887	979.0000
28.9092	917.0000
28.9297	897.0000
28.9502	1012.0000
28.9706	967.0000
28.9911	905.0000
29.0116	943.0000
29.0321	901.0000
29.0526	917.0000
29.0730	916.0000
29.0935	886.0000
29.1140	932.0000
29.1345	868.0000
29.1550	902.0000
29.1754	915.0000
29.1959	957.0000
29.2164	903.0000
29.2369	960.0000
29.2574	905.0000
29.2779	927.0000
29.2983	897.0000
29.3188	919.0000
29.3393	886.0000
29.3598	936.0000
29.3803	937.0000
29.4007	898.0000
29.4212	937.0000
29.4417	921.0000
29.4622	903.0000
29.4827	976.0000
29.5031	937.0000
29.5236	939.0000
29.5441	976.0000
29.5646	871.0000
29.5851	923.0000
29.6055	927.0000
29.6260	969.0000
29.6465	905.0000
29.6670	977.0000
29.6875	963.0000
29.7079	935.0000
29.7284	957.0000
29.7489	1004.0000
29.7694	1012.0000
29.7899	1052.0000
29.8103	1012.0000
29.8308	1004.0000
29.8513	1028.0000
29.8718	1050.0000
29.8923	985.0000
29.9128	974.0000
29.9332	989.0000
29.9537	986.0000
29.9742	954.0000
29.9947	995.0000
30.0152	886.0000
30.0356	930.0000
30.0561	928.0000
30.0766	847.0000
30.0971	934.0000
30.1176	878.0000
30.1380	925.0000
30.1585	964.0000
30.1790	854.0000
30.1995	922.0000
30.2200	900.0000
30.2404	876.0000
30.2609	868.0000
30.2814	936.0000
30.3019	880.0000
30.3224	932.0000
30.3428	880.0000
30.3633	950.0000
30.3838	908.0000
30.4043	929.0000
30.4248	895.0000
30.4452	901.0000
30.4657	824.0000
30.4862	879.0000
30.5067	889.0000
30.5272	873.0000
30.5477	877.0000
30.5681	884.0000
30.5886	900.0000
30.6091	921.0000
30.6296	916.0000
30.6501	917.0000
30.6705	925.0000
30.6910	899.0000
30.7115	911.0000
30.7320	879.0000
30.7525	873.0000
30.7729	901.0000
30.7934	846.0000
30.8139	884.0000
30.8344	941.0000
30.8549	883.0000
30.8753	831.0000
30.8958	861.0000
30.9163	852.0000
30.9368	935.0000
30.9573	886.0000
30.9777	893.0000
30.9982	943.0000
31.0187	910.0000
31.0392	908.0000
31.0597	928.0000
31.0802	898.0000
31.1006	919.0000
31.1211	877.0000
31.1416	859.0000
31.1621	936.0000
31.1826	912.0000
31.2030	939.0000
31.2235	863.0000
31.2440	839.0000
31.2645	916.0000
31.2850	845.0000
31.3054	887.0000
31.3259	832.0000
31.3464	831.0000
31.3669	834.0000
31.3874	910.0000
31.4078	916.0000
31.4283	900.0000
31.4488	963.0000
31.4693	863.0000
31.4898	900.0000
31.5102	850.0000
31.5307	875.0000
31.5512	889.0000
31.5717	893.0000
31.5922	885.0000
31.6126	824.0000
31.6331	897.0000
31.6536	874.0000
31.6741	876.0000
31.6946	867.0000
31.7151	827.0000
31.7355	857.0000
31.7560	853.0000
31.7765	899.0000
31.7970	841.0000
31.8175	882.0000
31.8379	875.0000
31.8584	891.0000
31.8789	848.0000
31.8994	856.0000
31.9199	896.0000
31.9403	875.0000
31.9608	829.0000
31.9813	924.0000
32.0018	884.0000
32.0223	847.0000
32.0427	877.0000
32.0632	871.0000
32.0837	827.0000
32.1042	856.0000
32.1247	891.0000
32.1451	832.0000
32.1656	870.0000
32.1861	894.0000
32.2066	874.0000
32.2271	916.0000
32.2475	890.0000
32.2680	811.0000
32.2885	899.0000
32.3090	814.0000
32.3295	859.0000
32.3500	838.0000
32.3704	883.0000
32.3909	853.0000
32.4114	843.0000
32.4319	832.0000
32.4524	879.0000
32.4728	919.0000
32.4933	858.0000
32.5138	849.0000
32.5343	834.0000
32.5548	851.0000
32.5752	860.0000
32.5957	843.0000
32.6162	875.0000
32.6367	845.0000
32.6572	805.0000
32.6776	882.0000
32.6981	911.0000
32.7186	878.0000
32.7391	812.0000
32.7596	830.0000
32.7800	883.0000
32.8005	858.0000
32.8210	853.0000
32.8415	855.0000
32.8620	840.0000
32.8825	877.0000
32.9029	836.0000
32.9234	853.0000
32.9439	871.0000
32.9644	855.0000
32.9849	835.0000
33.0053	860.0000
33.0258	861.0000
33.0463	886.0000
33.0668	805.0000
33.0873	853.0000
33.1077	866.0000
33.1282	871.0000
33.1487	849.0000
33.1692	865.0000
33.1897	831.0000
33.2101	847.0000
33.2306	863.0000
33.2511	910.0000
33.2716	854.0000
33.2921	834.0000
33.3125	881.0000
33.3330	850.0000
33.3535	839.0000
33.3740	793.0000
33.3945	882.0000
33.4149	808.0000
33.4354	843.0000
33.4559	820.0000
33.4764	874.0000
33.4969	832.0000
33.5174	842.0000
33.5378	866.0000
33.5583	806.0000
33.5788	870.0000
33.5993	883.0000
33.6198	818.0000
33.6402	816.0000
33.6607	893.0000
33.6812	865.0000
33.7017	870.0000
33.7222	841.0000
33.7426	854.0000
33.7631	810.0000
33.7836	855.0000
33.8041	886.0000
33.8246	875.0000
33.8450	840.0000
33.8655	814.0000
33.8860	915.0000
33.9065	896.0000
33.9270	878.0000
33.9474	853.0000
33.9679	861.0000
33.9884	816.0000
34.0089	894.0000
34.0294	810.0000
34.0499	891.0000
34.0703	811.0000
34.0908	859.0000
34.1113	880.0000
34.1318	840.0000
34.1523	848.0000
34.1727	878.0000
34.1932	768.0000
34.2137	829.0000
34.2342	866.0000
34.2547	779.0000
34.2751	856.0000
34.2956	846.0000
34.3161	898.0000
34.3366	866.0000
34.3571	854.0000
34.3775	832.0000
34.3980	851.0000
34.4185	846.0000
34.4390	890.0000
34.4595	868.0000
34.4799	868.0000
34.5004	865.0000
34.5209	842.0000
34.5414	830.0000
34.5619	807.0000
34.5823	866.0000
34.6028	838.0000
34.6233	864.0000
34.6438	842.0000
34.6643	878.0000
34.6848	808.0000
34.7052	878.0000
34.7257	837.0000
34.7462	872.0000
34.7667	875.0000
34.7872	903.0000
34.8076	931.0000
34.8281	862.0000
34.8486	925.0000
34.8691	952.0000
34.8896	987.0000
34.9100	895.0000
34.9305	964.0000
34.9510	1003.0000
34.9715	915.0000
34.9920	879.0000
35.0124	951.0000
35.0329	873.0000
35.0534	884.0000
35.0739	860.0000
35.0944	839.0000
35.1148	843.0000
35.1353	909.0000
35.1558	882.0000
35.1763	878.0000
35.1968	941.0000
35.2172	888.0000
35.2377	941.0000
35.2582	899.0000
35.2787	913.0000
35.2992	860.0000
35.3197	883.0000
35.3401	908.0000
35.3606	869.0000
35.3811	873.0000
35.4016	898.0000
35.4221	842.0000
35.4425	803.0000
35.4630	870.0000
35.4835	887.0000
35.5040	820.0000
35.5245	837.0000
35.5449	877.0000
35.5654	869.0000
35.5859	865.0000
35.6064	837.0000
35.6269	859.0000
35.6473	866.0000
35.6678	785.0000
35.6883	869.0000
35.7088	835.0000
35.7293	848.0000
35.7497	896.0000
35.7702	866.0000
35.7907	791.0000
35.8112	874.0000
35.8317	861.0000
35.8522	826.0000
35.8726	875.0000
35.8931	909.0000
35.9136	901.0000
35.9341	957.0000
35.9546	962.0000
35.9750	961.0000
35.9955	892.0000
36.0160	913.0000
36.0365	880.0000
36.0570	860.0000
36.0774	887.0000
36.0979	851.0000
36.1184	891.0000
36.1389	849.0000
36.1594	892.0000
36.1798	841.0000
36.2003	845.0000
36.2208	845.0000
36.2413	877.0000
36.2618	866.0000
36.2822	852.0000
36.3027	842.0000
36.3232	859.0000
36.3437	905.0000
36.3642	813.0000
36.3846	861.0000
36.4051	814.0000
36.4256	845.0000
36.4461	841.0000
36.4666	842.0000
36.4871	849.0000
36.5075	834.0000
36.5280	855.0000
36.5485	821.0000
36.5690	850.0000
36.5895	844.0000
36.6099	832.0000
36.6304	874.0000
36.6509	830.0000
36.6714	849.0000
36.6919	847.0000
36.7123	918.0000
36.7328	868.0000
36.7533	829.0000
36.7738	825.0000
36.7943	843.0000
36.8147	859.0000
36.8352	837.0000
36.8557	796.0000
36.8762	865.0000
36.8967	858.0000
36.9171	876.0000
36.9376	857.0000
36.9581	848.0000
36.9786	880.0000
36.9991	808.0000
37.0195	845.0000
37.0400	854.0000
37.0605	864.0000
37.0810	894.0000
37.1015	935.0000
37.1220	898.0000
37.1424	867.0000
37.1629	936.0000
37.1834	862.0000
37.2039	922.0000
37.2244	861.0000
37.2448	830.0000
37.2653	859.0000
37.2858	939.0000
37.3063	928.0000
37.3268	910.0000
37.3472	901.0000
37.3677	892.0000
37.3882	938.0000
37.4087	901.0000
37.4292	927.0000
37.4496	941.0000
37.4701	873.0000
37.4906	923.0000
37.5111	946.0000
37.5316	939.0000
37.5520	945.0000
37.5725	892.0000
37.5930	937.0000
37.6135	970.0000
37.6340	929.0000
37.6545	938.0000
37.6749	1021.0000
37.6954	1061.0000
37.7159	1018.0000
37.7364	970.0000
37.7569	1032.0000
37.7773	1044.0000
37.7978	992.0000
37.8183	1081.0000
37.8388	1087.0000
37.8593	1134.0000
37.8797	1114.0000
37.9002	1122.0000
37.9207	1135.0000
37.9412	1213.0000
37.9617	1191.0000
37.9821	1198.0000
38.0026	1290.0000
38.0231	1271.0000
38.0436	1325.0000
38.0641	1434.0000
38.0845	1449.0000
38.1050	1501.0000
38.1255	1541.0000
38.1460	1529.0000
38.1665	1634.0000
38.1869	1580.0000
38.2074	1711.0000
38.2279	1791.0000
38.2484	1759.0000
38.2689	1790.0000
38.2894	1916.0000
38.3098	1943.0000
38.3303	1889.0000
38.3508	1872.0000
38.3713	1937.0000
38.3918	1946.0000
38.4122	2093.0000
38.4327	1971.0000
38.4532	2067.0000
38.4737	2010.0000
38.4942	2154.0000
38.5146	2143.0000
38.5351	2193.0000
38.5556	2144.0000
38.5761	2212.0000
38.5966	2257.0000
38.6170	2271.0000
38.6375	2231.0000
38.6580	2079.0000
38.6785	2161.0000
38.6990	2003.0000
38.7194	1877.0000
38.7399	1784.0000
38.7604	1689.0000
38.7809	1631.0000
38.8014	1594.0000
38.8219	1465.0000
38.8423	1436.0000
38.8628	1307.0000
38.8833	1224.0000
38.9038	1196.0000
38.9243	1163.0000
38.9447	1215.0000
38.9652	1189.0000
38.9857	1067.0000
39.0062	1098.0000
39.0267	1051.0000
39.0471	1087.0000
39.0676	1078.0000
39.0881	1071.0000
39.1086	1058.0000
39.1291	1025.0000
39.1495	1011.0000
39.1700	1022.0000
39.1905	974.0000
39.2110	969.0000
39.2315	1006.0000
39.2519	1000.0000
39.2724	954.0000
39.2929	951.0000
39.3134	994.0000
39.3339	952.0000
39.3543	1017.0000
39.3748	984.0000
39.3953	983.0000
39.4158	895.0000
39.4363	961.0000
39.4568	925.0000
39.4772	981.0000
39.4977	881.0000
39.5182	964.0000
39.5387	931.0000
39.5592	924.0000
39.5796	935.0000
39.6001	953.0000
39.6206	932.0000
39.6411	1003.0000
39.6616	927.0000
39.6820	917.0000
39.7025	935.0000
39.7230	887.0000
39.7435	951.0000
39.7640	901.0000
39.7844	943.0000
39.8049	952.0000
39.8254	905.0000
39.8459	928.0000
39.8664	903.0000
39.8868	939.0000
39.9073	886.0000
39.9278	934.0000
39.9483	901.0000
39.9688	966.0000
39.9892	916.0000
40.0097	937.0000
40.0302	931.0000
40.0507	1003.0000
40.0712	919.0000
40.0917	900.0000
40.1121	903.0000
40.1326	948.0000
40.1531	904.0000
40.1736	918.0000
40.1941	932.0000
40.2145	884.0000
40.2350	912.0000
40.2555	893.0000
40.2760	863.0000
40.2965	900.0000
40.3169	878.0000
40.3374	925.0000
40.3579	937.0000
40.3784	937.0000
40.3989	856.0000
40.4193	897.0000
40.4398	904.0000
40.4603	932.0000
40.4808	836.0000
40.5013	930.0000
40.5217	950.0000
40.5422	894.0000
40.5627	909.0000
40.5832	922.0000
40.6037	912.0000
40.6242	943.0000
40.6446	914.0000
40.6651	945.0000
40.6856	914.0000
40.7061	953.0000
40.7266	963.0000
40.7470	950.0000
40.7675	910.0000
40.7880	895.0000
40.8085	938.0000
40.8290	950.0000
40.8494	959.0000
40.8699	972.0000
40.8904	899.0000
40.9109	886.0000
40.9314	1020.0000
40.9518	989.0000
40.9723	959.0000
40.9928	970.0000
41.0133	983.0000
41.0338	981.0000
41.0542	972.0000
41.0747	965.0000
41.0952	977.0000
41.1157	1070.0000
41.1362	1088.0000
41.1566	1087.0000
41.1771	1136.0000
41.1976	1200.0000
41.2181	1204.0000
41.2386	1224.0000
41.2591	1294.0000
41.2795	1289.0000
41.3000	1329.0000
41.3205	1357.0000
41.3410	1351.0000
41.3615	1336.0000
41.3819	1287.0000
41.4024	1304.0000
41.4229	1232.0000
41.4434	1285.0000
41.4639	1142.0000
41.4843	1118.0000
41.5048	1060.0000
41.5253	1045.0000
41.5458	1014.0000
41.5663	1035.0000
41.5867	988.0000
41.6072	972.0000
41.6277	1001.0000
41.6482	998.0000
41.6687	970.0000
41.6891	983.0000
41.7096	937.0000
41.7301	997.0000
41.7506	949.0000
41.7711	983.0000
41.7915	978.0000
41.8120	964.0000
41.8325	938.0000
41.8530	934.0000
41.8735	946.0000
41.8940	987.0000
41.9144	943.0000
41.9349	939.0000
41.9554	968.0000
41.9759	984.0000
41.9964	932.0000
42.0168	980.0000
42.0373	957.0000
42.0578	929.0000
42.0783	990.0000
42.0988	1003.0000
42.1192	973.0000
42.1397	933.0000
42.1602	958.0000
42.1807	976.0000
42.2012	997.0000
42.2216	1016.0000
42.2421	999.0000
42.2626	1019.0000
42.2831	1022.0000
42.3036	1014.0000
42.3240	1001.0000
42.3445	997.0000
42.3650	985.0000
42.3855	1045.0000
42.4060	970.0000
42.4265	1019.0000
42.4469	1041.0000
42.4674	1025.0000
42.4879	1032.0000
42.5084	1061.0000
42.5289	1018.0000
42.5493	929.0000
42.5698	979.0000
42.5903	997.0000
42.6108	956.0000
42.6313	983.0000
42.6517	970.0000
42.6722	985.0000
42.6927	977.0000
42.7132	912.0000
42.7337	922.0000
42.7541	963.0000
42.7746	951.0000
42.7951	993.0000
42.8156	949.0000
42.8361	951.0000
42.8565	949.0000
42.8770	948.0000
42.8975	987.0000
42.9180	919.0000
42.9385	969.0000
42.9589	977.0000
42.9794	981.0000
42.9999	1005.0000
43.0204	962.0000
43.0409	1023.0000
43.0614	949.0000
43.0818	1003.0000
43.1023	1030.0000
43.1228	991.0000
43.1433	1053.0000
43.1638	1037.0000
43.1842	977.0000
43.2047	1022.0000
43.2252	978.0000
43.2457	1009.0000
43.2662	927.0000
43.2866	1033.0000
43.3071	1022.0000
43.3276	1000.0000
43.3481	1000.0000
43.3686	1013.0000
43.3890	958.0000
43.4095	1080.0000
43.4300	1030.0000
43.4505	1062.0000
43.4710	1060.0000
43.4914	1063.0000
43.5119	1111.0000
43.5324	1139.0000
43.5529	1120.0000
43.5734	1197.0000
43.5939	1124.0000
43.6143	1188.0000
43.6348	1135.0000
43.6553	1118.0000
43.6758	1189.0000
43.6963	1198.0000
43.7167	1177.0000
43.7372	1200.0000
43.7577	1193.0000
43.7782	1246.0000
43.7987	1255.0000
43.8191	1170.0000
43.8396	1326.0000
43.8601	1373.0000
43.8806	1404.0000
43.9011	1378.0000
43.9215	1451.0000
43.9420	1445.0000
43.9625	1562.0000
43.9830	1579.0000
44.0035	1683.0000
44.0239	1648.0000
44.0444	1643.0000
44.0649	1683.0000
44.0854	1604.0000
44.1059	1557.0000
44.1263	1495.0000
44.1468	1476.0000
44.1673	1450.0000
44.1878	1431.0000
44.2083	1264.0000
44.2288	1290.0000
44.2492	1270.0000
44.2697	1259.0000
44.2902	1136.0000
44.3107	1184.0000
44.3312	1143.0000
44.3516	1107.0000
44.3721	1097.0000
44.3926	1088.0000
44.4131	1068.0000
44.4336	1096.0000
44.4540	1085.0000
44.4745	1064.0000
44.4950	1096.0000
44.5155	1061.0000
44.5360	1031.0000
44.5564	1074.0000
44.5769	1012.0000
44.5974	1027.0000
44.6179	1113.0000
44.6384	1070.0000
44.6588	1045.0000
44.6793	1003.0000
44.6998	1025.0000
44.7203	1025.0000
44.7408	1014.0000
44.7612	961.0000
44.7817	1033.0000
44.8022	989.0000
44.8227	1010.0000
44.8432	1051.0000
44.8637	1060.0000
44.8841	995.0000
44.9046	1004.0000
44.9251	1047.0000
44.9456	1048.0000
44.9661	1017.0000
44.9865	1044.0000
45.0070	1054.0000
45.0275	974.0000
45.0480	1004.0000
45.0685	1014.0000
45.0889	1018.0000
45.1094	1031.0000
45.1299	1059.0000
45.1504	1058.0000
45.1709	1019.0000
45.1913	1028.0000
45.2118	961.0000
45.2323	940.0000
45.2528	1048.0000
45.2733	994.0000
45.2937	1027.0000
45.3142	1021.0000
45.3347	1022.0000
45.3552	1055.0000
45.3757	1079.0000
45.3962	1063.0000
45.4166	1115.0000
45.4371	1074.0000
45.4576	1067.0000
45.4781	1166.0000
45.4986	1134.0000
45.5190	1178.0000
45.5395	1244.0000
45.5600	1303.0000
45.5805	1350.0000
45.6010	1390.0000
45.6214	1469.0000
45.6419	1610.0000
45.6624	1837.0000
45.6829	2061.0000
45.7034	2485.0000
45.7238	3323.0000
45.7443	4307.0000
45.7648	6096.0000
45.7853	8074.0000
45.8058	10513.0000
45.8262	12124.0000
45.8467	12998.0000
45.8672	12468.0000
45.8877	11224.0000
45.9082	9985.0000
45.9286	9007.0000
45.9491	8096.0000
45.9696	7436.0000
45.9901	6565.0000
46.0106	5397.0000
46.0311	3998.0000
46.0515	2857.0000
46.0720	2171.0000
46.0925	1740.0000
46.1130	1503.0000
46.1335	1377.0000
46.1539	1331.0000
46.1744	1198.0000
46.1949	1093.0000
46.2154	1090.0000
46.2359	1110.0000
46.2563	1054.0000
46.2768	997.0000
46.2973	1009.0000
46.3178	996.0000
46.3383	994.0000
46.3587	1008.0000
46.3792	1004.0000
46.3997	958.0000
46.4202	951.0000
46.4407	945.0000
46.4611	972.0000
46.4816	913.0000
46.5021	930.0000
46.5226	956.0000
46.5431	921.0000
46.5635	924.0000
46.5840	970.0000
46.6045	923.0000
46.6250	930.0000
46.6455	933.0000
46.6660	874.0000
46.6864	855.0000
46.7069	995.0000
46.7274	936.0000
46.7479	948.0000
46.7684	964.0000
46.7888	921.0000
46.8093	915.0000
46.8298	938.0000
46.8503	948.0000
46.8708	968.0000
46.8912	932.0000
46.9117	891.0000
46.9322	972.0000
46.9527	913.0000
46.9732	896.0000
46.9936	870.0000
47.0141	916.0000
47.0346	937.0000
47.0551	888.0000
47.0756	913.0000
47.0960	900.0000
47.1165	878.0000
47.1370	843.0000
47.1575	903.0000
47.1780	878.0000
47.1985	931.0000
47.2189	879.0000
47.2394	875.0000
47.2599	842.0000
47.2804	890.0000
47.3009	868.0000
47.3213	902.0000
47.3418	880.0000
47.3623	905.0000
47.3828	883.0000
47.4033	916.0000
47.4237	910.0000
47.4442	851.0000
47.4647	825.0000
47.4852	878.0000
47.5057	922.0000
47.5261	914.0000
47.5466	847.0000
47.5671	869.0000
47.5876	860.0000
47.6081	852.0000
47.6285	884.0000
47.6490	859.0000
47.6695	797.0000
47.6900	800.0000
47.7105	834.0000
47.7309	889.0000
47.7514	852.0000
47.7719	865.0000
47.7924	824.0000
47.8129	845.0000
47.8334	857.0000
47.8538	864.0000
47.8743	874.0000
47.8948	793.0000
47.9153	820.0000
47.9358	833.0000
47.9562	789.0000
47.9767	836.0000
47.9972	851.0000
48.0177	736.0000
48.0382	809.0000
48.0586	778.0000
48.0791	810.0000
48.0996	792.0000
48.1201	810.0000
48.1406	792.0000
48.1610	801.0000
48.1815	811.0000
48.2020	782.0000
48.2225	787.0000
48.2430	806.0000
48.2634	789.0000
48.2839	773.0000
48.3044	848.0000
48.3249	782.0000
48.3454	799.0000
48.3659	827.0000
48.3863	822.0000
48.4068	766.0000
48.4273	809.0000
48.4478	792.0000
48.4683	807.0000
48.4887	773.0000
48.5092	827.0000
48.5297	783.0000
48.5502	803.0000
48.5707	788.0000
48.5911	852.0000
48.6116	790.0000
48.6321	752.0000
48.6526	815.0000
48.6731	842.0000
48.6935	805.0000
48.7140	800.0000
48.7345	790.0000
48.7550	791.0000
48.7755	819.0000
48.7959	804.0000
48.8164	785.0000
48.8369	797.0000
48.8574	817.0000
48.8779	804.0000
48.8983	839.0000
48.9188	859.0000
48.9393	809.0000
48.9598	779.0000
48.9803	849.0000
49.0008	825.0000
49.0212	887.0000
49.0417	832.0000
49.0622	851.0000
49.0827	891.0000
49.1032	910.0000
49.1236	876.0000
49.1441	896.0000
49.1646	881.0000
49.1851	932.0000
49.2056	899.0000
49.2260	926.0000
49.2465	895.0000
49.2670	882.0000
49.2875	856.0000
49.3080	836.0000
49.3284	849.0000
49.3489	831.0000
49.3694	830.0000
49.3899	807.0000
49.4104	875.0000
49.4308	811.0000
49.4513	857.0000
49.4718	875.0000
49.4923	806.0000
49.5128	812.0000
49.5332	870.0000
49.5537	817.0000
49.5742	795.0000
49.5947	828.0000
49.6152	874.0000
49.6357	833.0000
49.6561	805.0000
49.6766	853.0000
49.6971	827.0000
49.7176	822.0000
49.7381	867.0000
49.7585	817.0000
49.7790	867.0000
49.7995	873.0000
49.8200	858.0000
49.8405	888.0000
49.8609	857.0000
49.8814	915.0000
49.9019	887.0000
49.9224	907.0000
49.9429	931.0000
49.9633	945.0000
49.9838	938.0000
