20.0001	1028.0000
20.0206	1103.0000
20.0411	998.0000
20.0615	995.0000
20.0820	1062.0000
20.1025	1086.0000
20.1230	1059.0000
20.1435	1077.0000
20.1639	1069.0000
20.1844	1027.0000
20.2049	1046.0000
20.2254	1070.0000
20.2459	1055.0000
20.2663	1031.0000
20.2868	1121.0000
20.3073	1092.0000
20.3278	1130.0000
20.3483	1079.0000
20.3688	1035.0000
20.3892	1053.0000
20.4097	1111.0000
20.4302	1118.0000
20.4507	1101.0000
20.4712	1071.0000
20.4916	1022.0000
20.5121	1126.0000
20.5326	1093.0000
20.5531	1137.0000
20.5736	1126.0000
20.5940	1137.0000
20.6145	1077.0000
20.6350	1060.0000
20.6555	1167.0000
20.6760	1067.0000
20.6964	1049.0000
20.7169	1089.0000
20.7374	1152.0000
20.7579	1109.0000
20.7784	1147.0000
20.7988	1132.0000
20.8193	1127.0000
20.8398	1153.0000
20.8603	1083.0000
20.8808	1153.0000
20.9012	1199.0000
20.9217	1128.0000
20.9422	1073.0000
20.9627	1139.0000
20.9832	1092.0000
21.0037	1149.0000
21.0241	1155.0000
21.0446	1128.0000
21.0651	1121.0000
21.0856	1166.0000
21.1061	1158.0000
21.1265	1138.0000
21.1470	1152.0000
21.1675	1108.0000
21.1880	1176.0000
21.2085	1143.0000
21.2289	1223.0000
21.2494	1180.0000
21.2699	1222.0000
21.2904	1186.0000
21.3109	1232.0000
21.3313	1175.0000
21.3518	1169.0000
21.3723	1237.0000
21.3928	1266.0000
21.4133	1199.0000
21.4337	1198.0000
21.4542	1152.0000
21.4747	1203.0000
21.4952	1276.0000
21.5157	1228.0000
21.5362	1201.0000
21.5566	1223.0000
21.5771	1270.0000
21.5976	1183.0000
21.6181	1206.0000
21.6386	1238.0000
21.6590	1230.0000
21.6795	1209.0000
21.7000	1264.0000
21.7205	1250.0000
21.7410	1216.0000
21.7614	1302.0000
21.7819	1301.0000
21.8024	1187.0000
21.8229	1249.0000
21.8434	1237.0000
21.8638	1300.0000
21.8843	1269.0000
21.9048	1221.0000
21.9253	1173.0000
21.9458	1282.0000
21.9662	1226.0000
21.9867	1314.0000
22.0072	1275.0000
22.0277	1183.0000
22.0482	1362.0000
22.0686	1224.0000
22.0891	1297.0000
22.1096	1295.0000
22.1301	1283.0000
22.1506	1306.0000
22.1711	1296.0000
22.1915	1329.0000
22.2120	1326.0000
22.2325	1337.0000
22.2530	1373.0000
22.2735	1253.0000
22.2939	1339.0000
22.3144	1337.0000
22.3349	1309.0000
22.3554	1309.0000
22.3759	1349.0000
22.3963	1384.0000
22.4168	1338.0000
22.4373	1317.0000
22.4578	1300.0000
22.4783	1300.0000
22.4987	1399.0000
22.5192	1339.0000
22.5397	1387.0000
22.5602	1354.0000
22.5807	1327.0000
22.6011	1304.0000
22.6216	1357.0000
22.6421	1288.0000
22.6626	1372.0000
22.6831	1296.0000
22.7035	1317.0000
22.7240	1310.0000
22.7445	1267.0000
22.7650	1405.0000
22.7855	1336.0000
22.8060	1326.0000
22.8264	1373.0000
22.8469	1334.0000
22.8674	1382.0000
22.8879	1362.0000
22.9084	1375.0000
22.9288	1322.0000
22.9493	1287.0000
22.9698	1359.0000
22.9903	1354.0000
23.0108	1364.0000
23.0312	1332.0000
23.0517	1402.0000
23.0722	1429.0000
23.0927	1318.0000
23.1132	1393.0000
23.1336	1379.0000
23.1541	1360.0000
23.1746	1289.0000
23.1951	1391.0000
23.2156	1315.0000
23.2360	1341.0000
23.2565	1329.0000
23.2770	1286.0000
23.2975	1335.0000
23.3180	1272.0000
23.3385	1339.0000
23.3589	1358.0000
23.3794	1343.0000
23.3999	1321.0000
23.4204	1294.0000
23.4409	1331.0000
23.4613	1298.0000
23.4818	1303.0000
23.5023	1295.0000
23.5228	1329.0000
23.5433	1265.0000
23.5637	1293.0000
23.5842	1250.0000
23.6047	1342.0000
23.6252	1381.0000
23.6457	1286.0000
23.6661	1292.0000
23.6866	1322.0000
23.7071	1258.0000
23.7276	1239.0000
23.7481	1255.0000
23.7685	1263.0000
23.7890	1292.0000
23.8095	1266.0000
23.8300	1230.0000
23.8505	1268.0000
23.8709	1261.0000
23.8914	1247.0000
23.9119	1278.0000
23.9324	1244.0000
23.9529	1241.0000
23.9734	1157.0000
23.9938	1279.0000
24.0143	1209.0000
24.0348	1200.0000
24.0553	1187.0000
24.0758	1252.0000
24.0962	1297.0000
24.1167	1218.0000
24.1372	1302.0000
24.1577	1226.0000
24.1782	1224.0000
24.1986	1217.0000
24.2191	1257.0000
24.2396	1262.0000
24.2601	1204.0000
24.2806	1294.0000
24.3010	1191.0000
24.3215	1259.0000
24.3420	1259.0000
24.3625	1210.0000
24.3830	1225.0000
24.4034	1264.0000
24.4239	1317.0000
24.4444	1241.0000
24.4649	1281.0000
24.4854	1352.0000
24.5059	1381.0000
24.5263	1261.0000
24.5468	1392.0000
24.5673	1324.0000
24.5878	1330.0000
24.6083	1348.0000
24.6287	1406.0000
24.6492	1342.0000
24.6697	1299.0000
24.6902	1409.0000
24.7107	1375.0000
24.7311	1476.0000
24.7516	1440.0000
24.7721	1312.0000
24.7926	1421.0000
24.8131	1331.0000
24.8335	1306.0000
24.8540	1231.0000
24.8745	1277.0000
24.8950	1206.0000
24.9155	1154.0000
24.9359	1163.0000
24.9564	1144.0000
24.9769	1155.0000
24.9974	1098.0000
25.0179	1132.0000
25.0383	1103.0000
25.0588	1211.0000
25.0793	1204.0000
25.0998	1154.0000
25.1203	1153.0000
25.1408	1165.0000
25.1612	1140.0000
25.1817	1121.0000
25.2022	1138.0000
25.2227	1114.0000
25.2432	1210.0000
25.2636	1171.0000
25.2841	1139.0000
25.3046	1158.0000
25.3251	1084.0000
25.3456	1163.0000
25.3660	1211.0000
25.3865	1206.0000
25.4070	1168.0000
25.4275	1200.0000
25.4480	1217.0000
25.4684	1215.0000
25.4889	1198.0000
25.5094	1213.0000
25.5299	1205.0000
25.5504	1250.0000
25.5708	1264.0000
25.5913	1219.0000
25.6118	1180.0000
25.6323	1145.0000
25.6528	1210.0000
25.6732	1114.0000
25.6937	1163.0000
25.7142	1173.0000
25.7347	1085.0000
25.7552	1186.0000
25.7757	1063.0000
25.7961	1058.0000
25.8166	1056.0000
25.8371	1073.0000
25.8576	1061.0000
25.8781	1127.0000
25.8985	1100.0000
25.9190	1085.0000
25.9395	1077.0000
25.9600	1093.0000
25.9805	1090.0000
26.0009	1062.0000
26.0214	1025.0000
26.0419	1098.0000
26.0624	1143.0000
26.0829	1125.0000
26.1033	1164.0000
26.1238	1036.0000
26.1443	1045.0000
26.1648	1090.0000
26.1853	1001.0000
26.2057	984.0000
26.2262	1074.0000
26.2467	1056.0000
26.2672	1076.0000
26.2877	1009.0000
26.3082	1025.0000
26.3286	1031.0000
26.3491	1052.0000
26.3696	1018.0000
26.3901	1069.0000
26.4106	1078.0000
26.4310	1003.0000
26.4515	1021.0000
26.4720	1031.0000
26.4925	1001.0000
26.5130	990.0000
26.5334	962.0000
26.5539	981.0000
26.5744	995.0000
26.5949	1018.0000
26.6154	1009.0000
26.6358	1062.0000
26.6563	986.0000
26.6768	1008.0000
26.6973	963.0000
26.7178	989.0000
26.7382	977.0000
26.7587	977.0000
26.7792	980.0000
26.7997	994.0000
26.8202	993.0000
26.8406	1037.0000
26.8611	1026.0000
26.8816	949.0000
26.9021	1033.0000
26.9226	994.0000
26.9431	941.0000
26.9635	944.0000
26.9840	986.0000
27.0045	979.0000
27.0250	1030.0000
27.0455	998.0000
27.0659	933.0000
27.0864	942.0000
27.1069	1019.0000
27.1274	947.0000
27.1479	962.0000
27.1683	990.0000
27.1888	972.0000
27.2093	981.0000
27.2298	897.0000
27.2503	947.0000
27.2707	917.0000
27.2912	984.0000
27.3117	987.0000
27.3322	979.0000
27.3527	955.0000
27.3731	968.0000
27.3936	988.0000
27.4141	1015.0000
27.4346	901.0000
27.4551	977.0000
27.4755	997.0000
27.4960	945.0000
27.5165	1029.0000
27.5370	979.0000
27.5575	976.0000
27.5780	966.0000
27.5984	910.0000
27.6189	935.0000
27.6394	925.0000
27.6599	944.0000
27.6804	984.0000
27.7008	894.0000
27.7213	948.0000
27.7418	963.0000
27.7623	937.0000
27.7828	927.0000
27.8032	905.0000
27.8237	954.0000
27.8442	966.0000
27.8647	982.0000
27.8852	968.0000
27.9056	962.0000
27.9261	941.0000
27.9466	924.0000
27.9671	906.0000
27.9876	928.0000
28.0080	973.0000
28.0285	866.0000
28.0490	919.0000
28.0695	960.0000
28.0900	910.0000
28.1105	881.0000
28.1309	953.0000
28.1514	965.0000
28.1719	928.0000
28.1924	899.0000
28.2129	966.0000
28.2333	919.0000
28.2538	911.0000
28.2743	957.0000
28.2948	981.0000
28.3153	973.0000
28.3357	945.0000
28.3562	904.0000
28.3767	970.0000
28.3972	966.0000
28.4177	877.0000
28.4381	970.0000
28.4586	1030.0000
28.4791	935.0000
28.4996	938.0000
28.5201	1054.0000
28.5405	964.0000
28.5610	901.0000
28.5815	994.0000
28.6020	966.0000
28.6225	917.0000
28.6429	901.0000
28.6634	914.0000
28.6839	979.0000
28.7044	946.0000
28.7249	967.0000
28.7454	954.0000
28.7658	928.0000
28.7863	961.0000
28.8068	907.0000
28.8273	946.0000
28.8478	924.0000
28.8682	891.0000
28.8887	886.0000
28.9092	941.0000
28.9297	892.0000
28.9502	872.0000
28.9706	873.0000
28.9911	924.0000
29.0116	928.0000
29.0321	910.0000
29.0526	913.0000
29.0730	930.0000
29.0935	907.0000
29.1140	912.0000
29.1345	870.0000
29.1550	858.0000
29.1754	917.0000
29.1959	907.0000
29.2164	929.0000
29.2369	902.0000
29.2574	926.0000
29.2779	879.0000
29.2983	908.0000
29.3188	896.0000
29.3393	951.0000
29.3598	904.0000
29.3803	932.0000
29.4007	919.0000
29.4212	955.0000
29.4417	980.0000
29.4622	946.0000
29.4827	911.0000
29.5031	914.0000
29.5236	935.0000
29.5441	908.0000
29.5646	921.0000
29.5851	884.0000
29.6055	952.0000
29.6260	885.0000
29.6465	919.0000
29.6670	936.0000
29.6875	896.0000
29.7079	960.0000
29.7284	1002.0000
29.7489	982.0000
29.7694	991.0000
29.7899	1022.0000
29.8103	1017.0000
29.8308	1046.0000
29.8513	1054.0000
29.8718	1077.0000
29.8923	1046.0000
29.9128	936.0000
29.9332	907.0000
29.9537	904.0000
29.9742	912.0000
29.9947	962.0000
30.0152	891.0000
30.0356	958.0000
30.0561	895.0000
30.0766	931.0000
30.0971	931.0000
30.1176	871.0000
30.1380	882.0000
30.1585	865.0000
30.1790	875.0000
30.1995	904.0000
30.2200	930.0000
30.2404	838.0000
30.2609	898.0000
30.2814	864.0000
30.3019	882.0000
30.3224	899.0000
30.3428	894.0000
30.3633	916.0000
30.3838	914.0000
30.4043	827.0000
30.4248	839.0000
30.4452	840.0000
30.4657	890.0000
30.4862	895.0000
30.5067	900.0000
30.5272	912.0000
30.5477	909.0000
30.5681	896.0000
30.5886	843.0000
30.6091	891.0000
30.6296	870.0000
30.6501	869.0000
30.6705	848.0000
30.6910	921.0000
30.7115	910.0000
30.7320	895.0000
30.7525	916.0000
30.7729	915.0000
30.7934	953.0000
30.8139	840.0000
30.8344	880.0000
30.8549	911.0000
30.8753	885.0000
30.8958	918.0000
30.9163	911.0000
30.9368	906.0000
30.9573	879.0000
30.9777	894.0000
30.9982	868.0000
31.0187	871.0000
31.0392	896.0000
31.0597	917.0000
31.0802	887.0000
31.1006	875.0000
31.1211	893.0000
31.1416	858.0000
31.1621	896.0000
31.1826	857.0000
31.2030	829.0000
31.2235	861.0000
31.2440	912.0000
31.2645	873.0000
31.2850	873.0000
31.3054	901.0000
31.3259	881.0000
31.3464	874.0000
31.3669	895.0000
31.3874	854.0000
31.4078	883.0000
31.4283	865.0000
31.4488	849.0000
31.4693	857.0000
31.4898	853.0000
31.5102	862.0000
31.5307	879.0000
31.5512	824.0000
31.5717	857.0000
31.5922	911.0000
31.6126	873.0000
31.6331	848.0000
31.6536	839.0000
31.6741	912.0000
31.6946	854.0000
31.7151	820.0000
31.7355	839.0000
31.7560	919.0000
31.7765	862.0000
31.7970	838.0000
31.8175	797.0000
31.8379	864.0000
31.8584	924.0000
31.8789	847.0000
31.8994	826.0000
31.9199	848.0000
31.9403	884.0000
31.9608	888.0000
31.9813	863.0000
32.0018	855.0000
32.0223	875.0000
32.0427	854.0000
32.0632	851.0000
32.0837	868.0000
32.1042	847.0000
32.1247	781.0000
32.1451	845.0000
32.1656	809.0000
32.1861	876.0000
32.2066	830.0000
32.2271	830.0000
32.2475	839.0000
32.2680	885.0000
32.2885	896.0000
32.3090	897.0000
32.3295	865.0000
32.3500	847.0000
32.3704	896.0000
32.3909	858.0000
32.4114	887.0000
32.4319	910.0000
32.4524	856.0000
32.4728	823.0000
32.4933	932.0000
32.5138	871.0000
32.5343	856.0000
32.5548	900.0000
32.5752	848.0000
32.5957	898.0000
32.6162	905.0000
32.6367	875.0000
32.6572	822.0000
32.6776	776.0000
32.6981	860.0000
32.7186	865.0000
32.7391	842.0000
32.7596	855.0000
32.7800	903.0000
32.8005	847.0000
32.8210	816.0000
32.8415	890.0000
32.8620	835.0000
32.8825	857.0000
32.9029	869.0000
32.9234	811.0000
32.9439	828.0000
32.9644	841.0000
32.9849	838.0000
33.0053	897.0000
33.0258	857.0000
33.0463	844.0000
33.0668	900.0000
33.0873	866.0000
33.1077	827.0000
33.1282	891.0000
33.1487	843.0000
33.1692	853.0000
33.1897	813.0000
33.2101	839.0000
33.2306	828.0000
33.2511	842.0000
33.2716	831.0000
33.2921	853.0000
33.3125	853.0000
33.3330	854.0000
33.3535	825.0000
33.3740	829.0000
33.3945	850.0000
33.4149	823.0000
33.4354	851.0000
33.4559	859.0000
33.4764	859.0000
33.4969	816.0000
33.5174	799.0000
33.5378	843.0000
33.5583	820.0000
33.5788	875.0000
33.5993	880.0000
33.6198	882.0000
33.6402	854.0000
33.6607	842.0000
33.6812	852.0000
33.7017	880.0000
33.7222	834.0000
33.7426	821.0000
33.7631	868.0000
33.7836	858.0000
33.8041	795.0000
33.8246	864.0000
33.8450	860.0000
33.8655	735.0000
33.8860	845.0000
33.9065	830.0000
33.9270	840.0000
33.9474	868.0000
33.9679	824.0000
33.9884	892.0000
34.0089	789.0000
34.0294	851.0000
34.0499	794.0000
34.0703	820.0000
34.0908	828.0000
34.1113	799.0000
34.1318	842.0000
34.1523	848.0000
34.1727	808.0000
34.1932	819.0000
34.2137	794.0000
34.2342	876.0000
34.2547	835.0000
34.2751	786.0000
34.2956	823.0000
34.3161	810.0000
34.3366	803.0000
34.3571	793.0000
34.3775	860.0000
34.3980	845.0000
34.4185	815.0000
34.4390	862.0000
34.4595	833.0000
34.4799	830.0000
34.5004	868.0000
34.5209	849.0000
34.5414	797.0000
34.5619	843.0000
34.5823	812.0000
34.6028	861.0000
34.6233	894.0000
34.6438	807.0000
34.6643	887.0000
34.6848	840.0000
34.7052	847.0000
34.7257	878.0000
34.7462	876.0000
34.7667	879.0000
34.7872	877.0000
34.8076	896.0000
34.8281	909.0000
34.8486	958.0000
34.8691	924.0000
34.8896	928.0000
34.9100	903.0000
34.9305	887.0000
34.9510	850.0000
34.9715	878.0000
34.9920	928.0000
35.0124	906.0000
35.0329	907.0000
35.0534	860.0000
35.0739	876.0000
35.0944	898.0000
35.1148	867.0000
35.1353	870.0000
35.1558	863.0000
35.1763	872.0000
35.1968	844.0000
35.2172	955.0000
35.2377	908.0000
35.2582	888.0000
35.2787	883.0000
35.2992	885.0000
35.3197	890.0000
35.3401	829.0000
35.3606	859.0000
35.3811	839.0000
35.4016	839.0000
35.4221	901.0000
35.4425	839.0000
35.4630	851.0000
35.4835	871.0000
35.5040	862.0000
35.5245	876.0000
35.5449	781.0000
35.5654	889.0000
35.5859	841.0000
35.6064	859.0000
35.6269	911.0000
35.6473	833.0000
35.6678	873.0000
35.6883	844.0000
35.7088	835.0000
35.7293	833.0000
35.7497	841.0000
35.7702	885.0000
35.7907	815.0000
35.8112	872.0000
35.8317	860.0000
35.8522	854.0000
35.8726	867.0000
35.8931	845.0000
35.9136	885.0000
35.9341	905.0000
35.9546	925.0000
35.9750	923.0000
35.9955	909.0000
36.0160	879.0000
36.0365	901.0000
36.0570	841.0000
36.0774	853.0000
36.0979	878.0000
36.1184	865.0000
36.1389	844.0000
36.1594	883.0000
36.1798	846.0000
36.2003	838.0000
36.2208	901.0000
36.2413	897.0000
36.2618	852.0000
36.2822	801.0000
36.3027	823.0000
36.3232	848.0000
36.3437	893.0000
36.3642	867.0000
36.3846	865.0000
36.4051	859.0000
36.4256	818.0000
36.4461	777.0000
36.4666	822.0000
36.4871	852.0000
36.5075	875.0000
36.5280	821.0000
36.5485	842.0000
36.5690	859.0000
36.5895	871.0000
36.6099	892.0000
36.6304	838.0000
36.6509	887.0000
36.6714	869.0000
36.6919	864.0000
36.7123	838.0000
36.7328	849.0000
36.7533	850.0000
36.7738	856.0000
36.7943	806.0000
36.8147	834.0000
36.8352	835.0000
36.8557	837.0000
36.8762	820.0000
36.8967	878.0000
36.9171	795.0000
36.9376	826.0000
36.9581	860.0000
36.9786	883.0000
36.9991	919.0000
37.0195	841.0000
37.0400	835.0000
37.0605	835.0000
37.0810	873.0000
37.1015	784.0000
37.1220	867.0000
37.1424	923.0000
37.1629	877.0000
37.1834	866.0000
37.2039	812.0000
37.2244	884.0000
37.2448	868.0000
37.2653	891.0000
37.2858	950.0000
37.3063	894.0000
37.3268	902.0000
37.3472	881.0000
37.3677	887.0000
37.3882	878.0000
37.4087	878.0000
37.4292	916.0000
37.4496	909.0000
37.4701	881.0000
37.4906	946.0000
37.5111	969.0000
37.5316	912.0000
37.5520	979.0000
37.5725	879.0000
37.5930	953.0000
37.6135	1005.0000
37.6340	947.0000
37.6545	917.0000
37.6749	1011.0000
37.6954	961.0000
37.7159	1034.0000
37.7364	955.0000
37.7569	1041.0000
37.7773	1110.0000
37.7978	1074.0000
37.8183	1098.0000
37.8388	1068.0000
37.8593	1115.0000
37.8797	1191.0000
37.9002	1231.0000
37.9207	1193.0000
37.9412	1256.0000
37.9617	1270.0000
37.9821	1359.0000
38.0026	1346.0000
38.0231	1363.0000
38.0436	1435.0000
38.0641	1495.0000
38.0845	1484.0000
38.1050	1567.0000
38.1255	1709.0000
38.1460	1669.0000
38.1665	1749.0000
38.1869	1821.0000
38.2074	1846.0000
38.2279	1891.0000
38.2484	1897.0000
38.2689	2012.0000
38.2894	2001.0000
38.3098	2025.0000
38.3303	2018.0000
38.3508	2090.0000
38.3713	2104.0000
38.3918	1993.0000
38.4122	2041.0000
38.4327	2103.0000
38.4532	2069.0000
38.4737	2064.0000
38.4942	2064.0000
38.5146	2085.0000
38.5351	2106.0000
38.5556	2055.0000
38.5761	2110.0000
38.5966	2103.0000
38.6170	2188.0000
38.6375	2113.0000
38.6580	2109.0000
38.6785	2013.0000
38.6990	1857.0000
38.7194	1871.0000
38.7399	1707.0000
38.7604	1620.0000
38.7809	1598.0000
38.8014	1414.0000
38.8219	1460.0000
38.8423	1316.0000
38.8628	1246.0000
38.8833	1267.0000
38.9038	1211.0000
38.9243	1097.0000
38.9447	1103.0000
38.9652	1078.0000
38.9857	1129.0000
39.0062	1065.0000
39.0267	1001.0000
39.0471	1090.0000
39.0676	1098.0000
39.0881	1053.0000
39.1086	1037.0000
39.1291	1066.0000
39.1495	986.0000
39.1700	973.0000
39.1905	1013.0000
39.2110	988.0000
39.2315	950.0000
39.2519	948.0000
39.2724	977.0000
39.2929	943.0000
39.3134	955.0000
39.3339	931.0000
39.3543	925.0000
39.3748	921.0000
39.3953	964.0000
39.4158	957.0000
39.4363	948.0000
39.4568	969.0000
39.4772	908.0000
39.4977	955.0000
39.5182	953.0000
39.5387	988.0000
39.5592	898.0000
39.5796	948.0000
39.6001	947.0000
39.6206	942.0000
39.6411	896.0000
39.6616	885.0000
39.6820	916.0000
39.7025	909.0000
39.7230	951.0000
39.7435	885.0000
39.7640	932.0000
39.7844	948.0000
39.8049	935.0000
39.8254	911.0000
39.8459	920.0000
39.8664	921.0000
39.8868	869.0000
39.9073	910.0000
39.9278	910.0000
39.9483	934.0000
39.9688	914.0000
39.9892	911.0000
40.0097	950.0000
40.0302	909.0000
40.0507	926.0000
40.0712	907.0000
40.0917	924.0000
40.1121	865.0000
40.1326	958.0000
40.1531	893.0000
40.1736	872.0000
40.1941	938.0000
40.2145	882.0000
40.2350	899.0000
40.2555	918.0000
40.2760	915.0000
40.2965	914.0000
40.3169	901.0000
40.3374	914.0000
40.3579	852.0000
40.3784	902.0000
40.3989	908.0000
40.4193	933.0000
40.4398	910.0000
40.4603	871.0000
40.4808	921.0000
40.5013	894.0000
40.5217	923.0000
40.5422	863.0000
40.5627	850.0000
40.5832	893.0000
40.6037	862.0000
40.6242	942.0000
40.6446	910.0000
40.6651	902.0000
40.6856	905.0000
40.7061	889.0000
40.7266	935.0000
40.7470	885.0000
40.7675	896.0000
40.7880	926.0000
40.8085	905.0000
40.8290	895.0000
40.8494	951.0000
40.8699	925.0000
40.8904	906.0000
40.9109	924.0000
40.9314	929.0000
40.9518	921.0000
40.9723	929.0000
40.9928	984.0000
41.0133	941.0000
41.0338	943.0000
41.0542	938.0000
41.0747	1018.0000
41.0952	982.0000
41.1157	1013.0000
41.1362	1011.0000
41.1566	1159.0000
41.1771	1111.0000
41.1976	1177.0000
41.2181	1162.0000
41.2386	1255.0000
41.2591	1226.0000
41.2795	1256.0000
41.3000	1379.0000
41.3205	1335.0000
41.3410	1332.0000
41.3615	1309.0000
41.3819	1316.0000
41.4024	1268.0000
41.4229	1221.0000
41.4434	1167.0000
41.4639	1159.0000
41.4843	1096.0000
41.5048	1083.0000
41.5253	1019.0000
41.5458	1024.0000
41.5663	1015.0000
41.5867	974.0000
41.6072	989.0000
41.6277	993.0000
41.6482	931.0000
41.6687	951.0000
41.6891	997.0000
41.7096	989.0000
41.7301	923.0000
41.7506	949.0000
41.7711	970.0000
41.7915	925.0000
41.8120	942.0000
41.8325	916.0000
41.8530	932.0000
41.8735	944.0000
41.8940	913.0000
41.9144	990.0000
41.9349	932.0000
41.9554	907.0000
41.9759	929.0000
41.9964	936.0000
42.0168	910.0000
42.0373	920.0000
42.0578	948.0000
42.0783	877.0000
42.0988	979.0000
42.1192	987.0000
42.1397	1007.0000
42.1602	968.0000
42.1807	960.0000
42.2012	968.0000
42.2216	1035.0000
42.2421	1009.0000
42.2626	995.0000
42.2831	968.0000
42.3036	1011.0000
42.3240	1037.0000
42.3445	1039.0000
42.3650	1087.0000
42.3855	1008.0000
42.4060	1007.0000
42.4265	1004.0000
42.4469	1023.0000
42.4674	969.0000
42.4879	950.0000
42.5084	978.0000
42.5289	1020.0000
42.5493	931.0000
42.5698	977.0000
42.5903	946.0000
42.6108	885.0000
42.6313	972.0000
42.6517	996.0000
42.6722	971.0000
42.6927	945.0000
42.7132	929.0000
42.7337	923.0000
42.7541	918.0000
42.7746	952.0000
42.7951	950.0000
42.8156	948.0000
42.8361	898.0000
42.8565	991.0000
42.8770	966.0000
42.8975	902.0000
42.9180	973.0000
42.9385	933.0000
42.9589	957.0000
42.9794	947.0000
42.9999	980.0000
43.0204	1008.0000
43.0409	962.0000
43.0614	951.0000
43.0818	985.0000
43.1023	931.0000
43.1228	1015.0000
43.1433	956.0000
43.1638	1038.0000
43.1842	1017.0000
43.2047	985.0000
43.2252	1016.0000
43.2457	977.0000
43.2662	1046.0000
43.2866	976.0000
43.3071	937.0000
43.3276	974.0000
43.3481	1000.0000
43.3686	987.0000
43.3890	973.0000
43.4095	982.0000
43.4300	1042.0000
43.4505	1041.0000
43.4710	1076.0000
43.4914	1117.0000
43.5119	1138.0000
43.5324	1103.0000
43.5529	1086.0000
43.5734	1039.0000
43.5939	1172.0000
43.6143	1083.0000
43.6348	1144.0000
43.6553	1205.0000
43.6758	1190.0000
43.6963	1206.0000
43.7167	1202.0000
43.7372	1244.0000
43.7577	1232.0000
43.7782	1218.0000
43.7987	1254.0000
43.8191	1274.0000
43.8396	1302.0000
43.8601	1343.0000
43.8806	1410.0000
43.9011	1433.0000
43.9215	1405.0000
43.9420	1504.0000
43.9625	1417.0000
43.9830	1602.0000
44.0035	1632.0000
44.0239	1638.0000
44.0444	1683.0000
44.0649	1613.0000
44.0854	1605.0000
44.1059	1624.0000
44.1263	1500.0000
44.1468	1502.0000
44.1673	1525.0000
44.1878	1375.0000
44.2083	1430.0000
44.2288	1315.0000
44.2492	1306.0000
44.2697	1243.0000
44.2902	1167.0000
44.3107	1164.0000
44.3312	1065.0000
44.3516	1106.0000
44.3721	1066.0000
44.3926	1100.0000
44.4131	1063.0000
44.4336	1055.0000
44.4540	1121.0000
44.4745	1060.0000
44.4950	1098.0000
44.5155	1092.0000
44.5360	1091.0000
44.5564	1097.0000
44.5769	1068.0000
44.5974	1054.0000
44.6179	1045.0000
44.6384	1073.0000
44.6588	1033.0000
44.6793	1027.0000
44.6998	1030.0000
44.7203	1046.0000
44.7408	1043.0000
44.7612	1053.0000
44.7817	1053.0000
44.8022	1008.0000
44.8227	1026.0000
44.8432	992.0000
44.8637	1037.0000
44.8841	1004.0000
44.9046	1068.0000
44.9251	1037.0000
44.9456	1080.0000
44.9661	1054.0000
44.9865	1052.0000
45.0070	994.0000
45.0275	1022.0000
45.0480	1041.0000
45.0685	1040.0000
45.0889	1065.0000
45.1094	990.0000
45.1299	1055.0000
45.1504	1001.0000
45.1709	1052.0000
45.1913	1038.0000
45.2118	1022.0000
45.2323	1074.0000
45.2528	1051.0000
45.2733	1036.0000
45.2937	1037.0000
45.3142	1014.0000
45.3347	1071.0000
45.3552	1027.0000
45.3757	1042.0000
45.3962	1062.0000
45.4166	1093.0000
45.4371	1131.0000
45.4576	1112.0000
45.4781	1214.0000
45.4986	1203.0000
45.5190	1258.0000
45.5395	1207.0000
45.5600	1284.0000
45.5805	1282.0000
45.6010	1417.0000
45.6214	1475.0000
45.6419	1513.0000
45.6624	1869.0000
45.6829	1991.0000
45.7034	2657.0000
45.7238	3379.0000
45.7443	4575.0000
45.7648	6302.0000
45.7853	8511.0000
45.8058	10934.0000
45.8262	12475.0000
45.8467	13049.0000
45.8672	12287.0000
45.8877	11286.0000
45.9082	9661.0000
45.9286	9013.0000
45.9491	7964.0000
45.9696	7402.0000
45.9901	6365.0000
46.0106	5156.0000
46.0311	3760.0000
46.0515	2800.0000
46.0720	2064.0000
46.0925	1759.0000
46.1130	1505.0000
46.1335	1318.0000
46.1539	1288.0000
46.1744	1223.0000
46.1949	1153.0000
46.2154	1150.0000
46.2359	1050.0000
46.2563	1035.0000
46.2768	1029.0000
46.2973	1040.0000
46.3178	982.0000
46.3383	1008.0000
46.3587	941.0000
46.3792	956.0000
46.3997	937.0000
46.4202	949.0000
46.4407	955.0000
46.4611	958.0000
46.4816	943.0000
46.5021	986.0000
46.5226	849.0000
46.5431	911.0000
46.5635	910.0000
46.5840	925.0000
46.6045	945.0000
46.6250	910.0000
46.6455	920.0000
46.6660	949.0000
46.6864	875.0000
46.7069	905.0000
46.7274	951.0000
46.7479	977.0000
46.7684	994.0000
46.7888	912.0000
46.8093	906.0000
46.8298	948.0000
46.8503	882.0000
46.8708	1020.0000
46.8912	953.0000
46.9117	911.0000
46.9322	897.0000
46.9527	916.0000
46.9732	882.0000
46.9936	902.0000
47.0141	901.0000
47.0346	887.0000
47.0551	895.0000
47.0756	915.0000
47.0960	875.0000
47.1165	827.0000
47.1370	896.0000
47.1575	865.0000
47.1780	880.0000
47.1985	863.0000
47.2189	848.0000
47.2394	915.0000
47.2599	881.0000
47.2804	898.0000
47.3009	863.0000
47.3213	827.0000
47.3418	904.0000
47.3623	862.0000
47.3828	871.0000
47.4033	905.0000
47.4237	930.0000
47.4442	862.0000
47.4647	901.0000
47.4852	906.0000
47.5057	888.0000
47.5261	853.0000
47.5466	872.0000
47.5671	812.0000
47.5876	876.0000
47.6081	878.0000
47.6285	852.0000
47.6490	921.0000
47.6695	843.0000
47.6900	843.0000
47.7105	849.0000
47.7309	786.0000
47.7514	848.0000
47.7719	872.0000
47.7924	835.0000
47.8129	843.0000
47.8334	820.0000
47.8538	811.0000
47.8743	817.0000
47.8948	786.0000
47.9153	831.0000
47.9358	911.0000
47.9562	831.0000
47.9767	820.0000
47.9972	833.0000
48.0177	822.0000
48.0382	832.0000
48.0586	828.0000
48.0791	791.0000
48.0996	824.0000
48.1201	839.0000
48.1406	763.0000
48.1610	822.0000
48.1815	838.0000
48.2020	786.0000
48.2225	859.0000
48.2430	813.0000
48.2634	820.0000
48.2839	792.0000
48.3044	824.0000
48.3249	783.0000
48.3454	841.0000
48.3659	762.0000
48.3863	812.0000
48.4068	794.0000
48.4273	793.0000
48.4478	790.0000
48.4683	827.0000
48.4887	799.0000
48.5092	827.0000
48.5297	809.0000
48.5502	755.0000
48.5707	833.0000
48.5911	851.0000
48.6116	799.0000
48.6321	805.0000
48.6526	803.0000
48.6731	798.0000
48.6935	767.0000
48.7140	755.0000
48.7345	784.0000
48.7550	825.0000
48.7755	841.0000
48.7959	752.0000
48.8164	744.0000
48.8369	827.0000
48.8574	801.0000
48.8779	819.0000
48.8983	809.0000
48.9188	781.0000
48.9393	826.0000
48.9598	815.0000
48.9803	798.0000
49.0008	827.0000
49.0212	848.0000
49.0417	877.0000
49.0622	873.0000
49.0827	938.0000
49.1032	946.0000
49.1236	916.0000
49.1441	898.0000
49.1646	854.0000
49.1851	883.0000
49.2056	880.0000
49.2260	872.0000
49.2465	861.0000
49.2670	857.0000
49.2875	923.0000
49.3080	812.0000
49.3284	835.0000
49.3489	821.0000
49.3694	803.0000
49.3899	841.0000
49.4104	801.0000
49.4308	783.0000
49.4513	854.0000
49.4718	847.0000
49.4923	794.0000
49.5128	799.0000
49.5332	774.0000
49.5537	922.0000
49.5742	804.0000
49.5947	820.0000
49.6152	840.0000
49.6357	859.0000
49.6561	860.0000
49.6766	795.0000
49.6971	757.0000
49.7176	834.0000
49.7381	798.0000
49.7585	841.0000
49.7790	858.0000
49.7995	869.0000
49.8200	896.0000
49.8405	903.0000
49.8609	860.0000
49.8814	839.0000
49.9019	902.0000
49.9224	880.0000
49.9429	883.0000
49.9633	853.0000
49.9838	896.0000
