20.0001	990.0000
20.0206	1007.0000
20.0411	971.0000
20.0615	997.0000
20.0820	1022.0000
20.1025	1051.0000
20.1230	1016.0000
20.1435	987.0000
20.1639	984.0000
20.1844	1021.0000
20.2049	957.0000
20.2254	992.0000
20.2459	987.0000
20.2663	972.0000
20.2868	1000.0000
20.3073	980.0000
20.3278	1063.0000
20.3483	1032.0000
20.3688	1022.0000
20.3892	1051.0000
20.4097	988.0000
20.4302	990.0000
20.4507	1105.0000
20.4712	1048.0000
20.4916	1000.0000
20.5121	1041.0000
20.5326	993.0000
20.5531	1017.0000
20.5736	1013.0000
20.5940	1051.0000
20.6145	1040.0000
20.6350	1074.0000
20.6555	1076.0000
20.6760	1034.0000
20.6964	984.0000
20.7169	1073.0000
20.7374	1085.0000
20.7579	1072.0000
20.7784	1112.0000
20.7988	1042.0000
20.8193	1103.0000
20.8398	1065.0000
20.8603	1077.0000
20.8808	1087.0000
20.9012	1054.0000
20.9217	1106.0000
20.9422	1059.0000
20.9627	1103.0000
20.9832	1035.0000
21.0037	1135.0000
21.0241	1097.0000
21.0446	1085.0000
21.0651	1090.0000
21.0856	1130.0000
21.1061	1066.0000
21.1265	1147.0000
21.1470	1099.0000
21.1675	1179.0000
21.1880	1071.0000
21.2085	1153.0000
21.2289	1192.0000
21.2494	1170.0000
21.2699	1162.0000
21.2904	1177.0000
21.3109	1133.0000
21.3313	1148.0000
21.3518	1204.0000
21.3723	1161.0000
21.3928	1138.0000
21.4133	1171.0000
21.4337	1201.0000
21.4542	1220.0000
21.4747	1149.0000
21.4952	1149.0000
21.5157	1185.0000
21.5362	1184.0000
21.5566	1119.0000
21.5771	1153.0000
21.5976	1186.0000
21.6181	1156.0000
21.6386	1196.0000
21.6590	1202.0000
21.6795	1282.0000
21.7000	1279.0000
21.7205	1231.0000
21.7410	1187.0000
21.7614	1221.0000
21.7819	1261.0000
21.8024	1279.0000
21.8229	1277.0000
21.8434	1189.0000
21.8638	1264.0000
21.8843	1151.0000
21.9048	1294.0000
21.9253	1189.0000
21.9458	1230.0000
21.9662	1251.0000
21.9867	1348.0000
22.0072	1263.0000
22.0277	1262.0000
22.0482	1240.0000
22.0686	1282.0000
22.0891	1385.0000
22.1096	1236.0000
22.1301	1244.0000
22.1506	1326.0000
22.1711	1358.0000
22.1915	1336.0000
22.2120	1297.0000
22.2325	1318.0000
22.2530	1296.0000
22.2735	1331.0000
22.2939	1318.0000
22.3144	1274.0000
22.3349	1256.0000
22.3554	1299.0000
22.3759	1339.0000
22.3963	1424.0000
22.4168	1296.0000
22.4373	1295.0000
22.4578	1371.0000
22.4783	1282.0000
22.4987	1337.0000
22.5192	1406.0000
22.5397	1318.0000
22.5602	1332.0000
22.5807	1346.0000
22.6011	1359.0000
22.6216	1403.0000
22.6421	1366.0000
22.6626	1439.0000
22.6831	1377.0000
22.7035	1355.0000
22.7240	1353.0000
22.7445	1359.0000
22.7650	1405.0000
22.7855	1361.0000
22.8060	1313.0000
22.8264	1330.0000
22.8469	1282.0000
22.8674	1284.0000
22.8879	1326.0000
22.9084	1318.0000
22.9288	1294.0000
22.9493	1368.0000
22.9698	1361.0000
22.9903	1332.0000
23.0108	1338.0000
23.0312	1320.0000
23.0517	1271.0000
23.0722	1210.0000
23.0927	1294.0000
23.1132	1277.0000
23.1336	1248.0000
23.1541	1340.0000
23.1746	1252.0000
23.1951	1319.0000
23.2156	1266.0000
23.2360	1351.0000
23.2565	1321.0000
23.2770	1230.0000
23.2975	1305.0000
23.3180	1300.0000
23.3385	1300.0000
23.3589	1286.0000
23.3794	1287.0000
23.3999	1232.0000
23.4204	1283.0000
23.4409	1260.0000
23.4613	1275.0000
23.4818	1269.0000
23.5023	1255.0000
23.5228	1266.0000
23.5433	1279.0000
23.5637	1222.0000
23.5842	1296.0000
23.6047	1289.0000
23.6252	1299.0000
23.6457	1267.0000
23.6661	1231.0000
23.6866	1233.0000
23.7071	1273.0000
23.7276	1241.0000
23.7481	1223.0000
23.7685	1220.0000
23.7890	1234.0000
23.8095	1216.0000
23.8300	1230.0000
23.8505	1254.0000
23.8709	1218.0000
23.8914	1263.0000
23.9119	1196.0000
23.9324	1206.0000
23.9529	1210.0000
23.9734	1190.0000
23.9938	1208.0000
24.0143	1242.0000
24.0348	1218.0000
24.0553	1270.0000
24.0758	1199.0000
24.0962	1239.0000
24.1167	1180.0000
24.1372	1210.0000
24.1577	1150.0000
24.1782	1253.0000
24.1986	1174.0000
24.2191	1202.0000
24.2396	1194.0000
24.2601	1203.0000
24.2806	1213.0000
24.3010	1189.0000
24.3215	1224.0000
24.3420	1208.0000
24.3625	1235.0000
24.3830	1281.0000
24.4034	1243.0000
24.4239	1268.0000
24.4444	1249.0000
24.4649	1291.0000
24.4854	1349.0000
24.5059	1285.0000
24.5263	1285.0000
24.5468	1295.0000
24.5673	1302.0000
24.5878	1300.0000
24.6083	1386.0000
24.6287	1309.0000
24.6492	1402.0000
24.6697	1310.0000
24.6902	1362.0000
24.7107	1404.0000
24.7311	1442.0000
24.7516	1374.0000
24.7721	1357.0000
24.7926	1320.0000
24.8131	1248.0000
24.8335	1264.0000
24.8540	1236.0000
24.8745	1222.0000
24.8950	1236.0000
24.9155	1151.0000
24.9359	1131.0000
24.9564	1173.0000
24.9769	1112.0000
24.9974	1111.0000
25.0179	1111.0000
25.0383	1133.0000
25.0588	1077.0000
25.0793	1085.0000
25.0998	1169.0000
25.1203	1134.0000
25.1408	1124.0000
25.1612	1105.0000
25.1817	1113.0000
25.2022	1135.0000
25.2227	1114.0000
25.2432	1126.0000
25.2636	1158.0000
25.2841	1137.0000
25.3046	1093.0000
25.3251	1126.0000
25.3456	1138.0000
25.3660	1138.0000
25.3865	1129.0000
25.4070	1123.0000
25.4275	1172.0000
25.4480	1187.0000
25.4684	1195.0000
25.4889	1151.0000
25.5094	1155.0000
25.5299	1211.0000
25.5504	1219.0000
25.5708	1204.0000
25.5913	1200.0000
25.6118	1172.0000
25.6323	1143.0000
25.6528	1229.0000
25.6732	1182.0000
25.6937	1076.0000
25.7142	1103.0000
25.7347	1106.0000
25.7552	1093.0000
25.7757	1058.0000
25.7961	1063.0000
25.8166	1094.0000
25.8371	1117.0000
25.8576	1070.0000
25.8781	1015.0000
25.8985	1041.0000
25.9190	1049.0000
25.9395	1025.0000
25.9600	1007.0000
25.9805	1091.0000
26.0009	1094.0000
26.0214	1056.0000
26.0419	1040.0000
26.0624	1072.0000
26.0829	1030.0000
26.1033	1096.0000
26.1238	1006.0000
26.1443	1036.0000
26.1648	1036.0000
26.1853	1022.0000
26.2057	1066.0000
26.2262	1054.0000
26.2467	1031.0000
26.2672	1035.0000
26.2877	959.0000
26.3082	1018.0000
26.3286	1121.0000
26.3491	983.0000
26.3696	1030.0000
26.3901	992.0000
26.4106	988.0000
26.4310	1021.0000
26.4515	990.0000
26.4720	1048.0000
26.4925	1020.0000
26.5130	1048.0000
26.5334	977.0000
26.5539	992.0000
26.5744	967.0000
26.5949	953.0000
26.6154	980.0000
26.6358	981.0000
26.6563	993.0000
26.6768	938.0000
26.6973	937.0000
26.7178	974.0000
26.7382	918.0000
26.7587	966.0000
26.7792	976.0000
26.7997	962.0000
26.8202	949.0000
26.8406	1003.0000
26.8611	957.0000
26.8816	958.0000
26.9021	1001.0000
26.9226	946.0000
26.9431	1064.0000
26.9635	1005.0000
26.9840	986.0000
27.0045	946.0000
27.0250	956.0000
27.0455	949.0000
27.0659	919.0000
27.0864	964.0000
27.1069	960.0000
27.1274	963.0000
27.1479	982.0000
27.1683	984.0000
27.1888	930.0000
27.2093	912.0000
27.2298	961.0000
27.2503	973.0000
27.2707	931.0000
27.2912	968.0000
27.3117	950.0000
27.3322	910.0000
27.3527	963.0000
27.3731	965.0000
27.3936	1006.0000
27.4141	972.0000
27.4346	932.0000
27.4551	970.0000
27.4755	908.0000
27.4960	948.0000
27.5165	909.0000
27.5370	944.0000
27.5575	983.0000
27.5780	948.0000
27.5984	951.0000
27.6189	938.0000
27.6394	945.0000
27.6599	963.0000
27.6804	907.0000
27.7008	912.0000
27.7213	958.0000
27.7418	936.0000
27.7623	988.0000
27.7828	960.0000
27.8032	950.0000
27.8237	969.0000
27.8442	935.0000
27.8647	916.0000
27.8852	1004.0000
27.9056	936.0000
27.9261	937.0000
27.9466	976.0000
27.9671	934.0000
27.9876	942.0000
28.0080	948.0000
28.0285	949.0000
28.0490	868.0000
28.0695	940.0000
28.0900	913.0000
28.1105	926.0000
28.1309	934.0000
28.1514	921.0000
28.1719	927.0000
28.1924	936.0000
28.2129	916.0000
28.2333	949.0000
28.2538	964.0000
28.2743	897.0000
28.2948	943.0000
28.3153	961.0000
28.3357	949.0000
28.3562	936.0000
28.3767	961.0000
28.3972	963.0000
28.4177	975.0000
28.4381	964.0000
28.4586	968.0000
28.4791	1041.0000
28.4996	950.0000
28.5201	1014.0000
28.5405	940.0000
28.5610	974.0000
28.5815	937.0000
28.6020	975.0000
28.6225	955.0000
28.6429	917.0000
28.6634	944.0000
28.6839	885.0000
28.7044	930.0000
28.7249	982.0000
28.7454	936.0000
28.7658	947.0000
28.7863	991.0000
28.8068	932.0000
28.8273	923.0000
28.8478	891.0000
28.8682	970.0000
28.8887	965.0000
28.9092	916.0000
28.9297	913.0000
28.9502	873.0000
28.9706	927.0000
28.9911	917.0000
29.0116	916.0000
29.0321	850.0000
29.0526	918.0000
29.0730	873.0000
29.0935	876.0000
29.1140	948.0000
29.1345	922.0000
29.1550	901.0000
29.1754	951.0000
29.1959	901.0000
29.2164	924.0000
29.2369	962.0000
29.2574	925.0000
29.2779	930.0000
29.2983	913.0000
29.3188	951.0000
29.3393	899.0000
29.3598	995.0000
29.3803	931.0000
29.4007	978.0000
29.4212	912.0000
29.4417	962.0000
29.4622	931.0000
29.4827	886.0000
29.5031	920.0000
29.5236	934.0000
29.5441	931.0000
29.5646	916.0000
29.5851	908.0000
29.6055	885.0000
29.6260	930.0000
29.6465	954.0000
29.6670	919.0000
29.6875	927.0000
29.7079	996.0000
29.7284	993.0000
29.7489	978.0000
29.7694	988.0000
29.7899	1015.0000
29.8103	1078.0000
29.8308	993.0000
29.8513	998.0000
29.8718	1032.0000
29.8923	981.0000
29.9128	970.0000
29.9332	969.0000
29.9537	952.0000
29.9742	909.0000
29.9947	963.0000
30.0152	945.0000
30.0356	898.0000
30.0561	911.0000
30.0766	908.0000
30.0971	883.0000
30.1176	921.0000
30.1380	900.0000
30.1585	915.0000
30.1790	878.0000
30.1995	897.0000
30.2200	913.0000
30.2404	927.0000
30.2609	873.0000
30.2814	904.0000
30.3019	905.0000
30.3224	875.0000
30.3428	929.0000
30.3633	873.0000
30.3838	889.0000
30.4043	901.0000
30.4248	866.0000
30.4452	891.0000
30.4657	866.0000
30.4862	934.0000
30.5067	834.0000
30.5272	896.0000
30.5477	901.0000
30.5681	917.0000
30.5886	842.0000
30.6091	894.0000
30.6296	871.0000
30.6501	862.0000
30.6705	887.0000
30.6910	907.0000
30.7115	935.0000
30.7320	855.0000
30.7525	857.0000
30.7729	862.0000
30.7934	815.0000
30.8139	873.0000
30.8344	925.0000
30.8549	904.0000
30.8753	916.0000
30.8958	915.0000
30.9163	850.0000
30.9368	908.0000
30.9573	860.0000
30.9777	917.0000
30.9982	876.0000
31.0187	897.0000
31.0392	858.0000
31.0597	920.0000
31.0802	937.0000
31.1006	887.0000
31.1211	865.0000
31.1416	860.0000
31.1621	844.0000
31.1826	854.0000
31.2030	864.0000
31.2235	904.0000
31.2440	844.0000
31.2645	925.0000
31.2850	865.0000
31.3054	895.0000
31.3259	869.0000
31.3464	876.0000
31.3669	864.0000
31.3874	905.0000
31.4078	843.0000
31.4283	862.0000
31.4488	904.0000
31.4693	898.0000
31.4898	855.0000
31.5102	828.0000
31.5307	869.0000
31.5512	879.0000
31.5717	834.0000
31.5922	893.0000
31.6126	883.0000
31.6331	909.0000
31.6536	878.0000
31.6741	861.0000
31.6946	892.0000
31.7151	898.0000
31.7355	877.0000
31.7560	868.0000
31.7765	901.0000
31.7970	822.0000
31.8175	887.0000
31.8379	890.0000
31.8584	855.0000
31.8789	853.0000
31.8994	843.0000
31.9199	827.0000
31.9403	879.0000
31.9608	879.0000
31.9813	845.0000
32.0018	904.0000
32.0223	873.0000
32.0427	894.0000
32.0632	873.0000
32.0837	898.0000
32.1042	855.0000
32.1247	882.0000
32.1451	873.0000
32.1656	852.0000
32.1861	843.0000
32.2066	846.0000
32.2271	812.0000
32.2475	884.0000
32.2680	810.0000
32.2885	866.0000
32.3090	894.0000
32.3295	884.0000
32.3500	872.0000
32.3704	897.0000
32.3909	868.0000
32.4114	836.0000
32.4319	823.0000
32.4524	852.0000
32.4728	871.0000
32.4933	858.0000
32.5138	814.0000
32.5343	900.0000
32.5548	854.0000
32.5752	813.0000
32.5957	861.0000
32.6162	871.0000
32.6367	833.0000
32.6572	845.0000
32.6776	854.0000
32.6981	831.0000
32.7186	866.0000
32.7391	842.0000
32.7596	859.0000
32.7800	795.0000
32.8005	868.0000
32.8210	867.0000
32.8415	873.0000
32.8620	831.0000
32.8825	883.0000
32.9029	863.0000
32.9234	839.0000
32.9439	885.0000
32.9644	824.0000
32.9849	819.0000
33.0053	869.0000
33.0258	863.0000
33.0463	885.0000
33.0668	792.0000
33.0873	840.0000
33.1077	819.0000
33.1282	897.0000
33.1487	832.0000
33.1692	860.0000
33.1897	798.0000
33.2101	817.0000
33.2306	802.0000
33.2511	910.0000
33.2716	860.0000
33.2921	878.0000
33.3125	864.0000
33.3330	871.0000
33.3535	828.0000
33.3740	809.0000
33.3945	811.0000
33.4149	829.0000
33.4354	872.0000
33.4559	887.0000
33.4764	832.0000
33.4969	794.0000
33.5174	780.0000
33.5378	837.0000
33.5583	857.0000
33.5788	902.0000
33.5993	836.0000
33.6198	866.0000
33.6402	864.0000
33.6607	834.0000
33.6812	778.0000
33.7017	873.0000
33.7222	870.0000
33.7426	860.0000
33.7631	857.0000
33.7836	876.0000
33.8041	858.0000
33.8246	835.0000
33.8450	836.0000
33.8655	801.0000
33.8860	863.0000
33.9065	871.0000
33.9270	829.0000
33.9474	848.0000
33.9679	873.0000
33.9884	867.0000
34.0089	813.0000
34.0294	801.0000
34.0499	850.0000
34.0703	833.0000
34.0908	862.0000
34.1113	824.0000
34.1318	824.0000
34.1523	802.0000
34.1727	887.0000
34.1932	839.0000
34.2137	887.0000
34.2342	860.0000
34.2547	863.0000
34.2751	836.0000
34.2956	852.0000
34.3161	841.0000
34.3366	900.0000
34.3571	828.0000
34.3775	806.0000
34.3980	811.0000
34.4185	896.0000
34.4390	845.0000
34.4595	810.0000
34.4799	840.0000
34.5004	884.0000
34.5209	815.0000
34.5414	828.0000
34.5619	815.0000
34.5823	827.0000
34.6028	799.0000
34.6233	850.0000
34.6438	849.0000
34.6643	913.0000
34.6848	890.0000
34.7052	896.0000
34.7257	879.0000
34.7462	877.0000
34.7667	836.0000
34.7872	865.0000
34.8076	900.0000
34.8281	973.0000
34.8486	875.0000
34.8691	946.0000
34.8896	908.0000
34.9100	960.0000
34.9305	941.0000
34.9510	947.0000
34.9715	887.0000
34.9920	933.0000
35.0124	972.0000
35.0329	906.0000
35.0534	871.0000
35.0739	922.0000
35.0944	882.0000
35.1148	832.0000
35.1353	846.0000
35.1558	937.0000
35.1763	862.0000
35.1968	898.0000
35.2172	856.0000
35.2377	920.0000
35.2582	884.0000
35.2787	892.0000
35.2992	808.0000
35.3197	883.0000
35.3401	865.0000
35.3606	905.0000
35.3811	834.0000
35.4016	847.0000
35.4221	831.0000
35.4425	859.0000
35.4630	834.0000
35.4835	832.0000
35.5040	860.0000
35.5245	828.0000
35.5449	840.0000
35.5654	841.0000
35.5859	806.0000
35.6064	904.0000
35.6269	865.0000
35.6473	847.0000
35.6678	861.0000
35.6883	822.0000
35.7088	829.0000
35.7293	879.0000
35.7497	892.0000
35.7702	768.0000
35.7907	857.0000
35.8112	898.0000
35.8317	814.0000
35.8522	918.0000
35.8726	859.0000
35.8931	829.0000
35.9136	870.0000
35.9341	864.0000
35.9546	931.0000
35.9750	948.0000
35.9955	893.0000
36.0160	926.0000
36.0365	882.0000
36.0570	889.0000
36.0774	841.0000
36.0979	901.0000
36.1184	851.0000
36.1389	894.0000
36.1594	811.0000
36.1798	889.0000
36.2003	812.0000
36.2208	817.0000
36.2413	855.0000
36.2618	807.0000
36.2822	872.0000
36.3027	848.0000
36.3232	836.0000
36.3437	833.0000
36.3642	860.0000
36.3846	891.0000
36.4051	816.0000
36.4256	826.0000
36.4461	863.0000
36.4666	855.0000
36.4871	820.0000
36.5075	867.0000
36.5280	883.0000
36.5485	810.0000
36.5690	841.0000
36.5895	825.0000
36.6099	835.0000
36.6304	824.0000
36.6509	840.0000
36.6714	862.0000
36.6919	829.0000
36.7123	868.0000
36.7328	847.0000
36.7533	896.0000
36.7738	842.0000
36.7943	783.0000
36.8147	864.0000
36.8352	867.0000
36.8557	879.0000
36.8762	865.0000
36.8967	852.0000
36.9171	868.0000
36.9376	848.0000
36.9581	891.0000
36.9786	834.0000
36.9991	869.0000
37.0195	872.0000
37.0400	910.0000
37.0605	919.0000
37.0810	861.0000
37.1015	796.0000
37.1220	854.0000
37.1424	901.0000
37.1629	932.0000
37.1834	895.0000
37.2039	877.0000
37.2244	880.0000
37.2448	906.0000
37.2653	893.0000
37.2858	867.0000
37.3063	926.0000
37.3268	932.0000
37.3472	888.0000
37.3677	916.0000
37.3882	957.0000
37.4087	928.0000
37.4292	926.0000
37.4496	950.0000
37.4701	982.0000
37.4906	960.0000
37.5111	999.0000
37.5316	1021.0000
37.5520	1043.0000
37.5725	1083.0000
37.5930	1072.0000
37.6135	1096.0000
37.6340	1089.0000
37.6545	1170.0000
37.6749	1076.0000
37.6954	1152.0000
37.7159	1223.0000
37.7364	1172.0000
37.7569	1256.0000
37.7773	1309.0000
37.7978	1289.0000
37.8183	1391.0000
37.8388	1365.0000
37.8593	1461.0000
37.8797	1574.0000
37.9002	1545.0000
37.9207	1581.0000
37.9412	1602.0000
37.9617	1663.0000
37.9821	1752.0000
38.0026	1885.0000
38.0231	1884.0000
38.0436	1926.0000
38.0641	2049.0000
38.0845	2039.0000
38.1050	2059.0000
38.1255	2129.0000
38.1460	2096.0000
38.1665	2084.0000
38.1869	2146.0000
38.2074	2148.0000
38.2279	2243.0000
38.2484	2153.0000
38.2689	2061.0000
38.2894	2083.0000
38.3098	2097.0000
38.3303	1982.0000
38.3508	1999.0000
38.3713	1972.0000
38.3918	1901.0000
38.4122	1834.0000
38.4327	1818.0000
38.4532	1782.0000
38.4737	1802.0000
38.4942	1711.0000
38.5146	1787.0000
38.5351	1824.0000
38.5556	1883.0000
38.5761	1837.0000
38.5966	1810.0000
38.6170	1885.0000
38.6375	1912.0000
38.6580	1755.0000
38.6785	1769.0000
38.6990	1631.0000
38.7194	1630.0000
38.7399	1539.0000
38.7604	1393.0000
38.7809	1343.0000
38.8014	1332.0000
38.8219	1237.0000
38.8423	1148.0000
38.8628	1095.0000
38.8833	1094.0000
38.9038	1053.0000
38.9243	1092.0000
38.9447	1014.0000
38.9652	993.0000
38.9857	975.0000
39.0062	961.0000
39.0267	958.0000
39.0471	975.0000
39.0676	990.0000
39.0881	889.0000
39.1086	976.0000
39.1291	923.0000
39.1495	940.0000
39.1700	900.0000
39.1905	944.0000
39.2110	941.0000
39.2315	904.0000
39.2519	889.0000
39.2724	938.0000
39.2929	853.0000
39.3134	919.0000
39.3339	887.0000
39.3543	934.0000
39.3748	925.0000
39.3953	890.0000
39.4158	886.0000
39.4363	891.0000
39.4568	858.0000
39.4772	811.0000
39.4977	853.0000
39.5182	861.0000
39.5387	858.0000
39.5592	837.0000
39.5796	884.0000
39.6001	902.0000
39.6206	814.0000
39.6411	837.0000
39.6616	858.0000
39.6820	878.0000
39.7025	878.0000
39.7230	863.0000
39.7435	865.0000
39.7640	840.0000
39.7844	825.0000
39.8049	826.0000
39.8254	843.0000
39.8459	840.0000
39.8664	821.0000
39.8868	831.0000
39.9073	824.0000
39.9278	822.0000
39.9483	895.0000
39.9688	904.0000
39.9892	845.0000
40.0097	831.0000
40.0302	853.0000
40.0507	864.0000
40.0712	836.0000
40.0917	851.0000
40.1121	867.0000
40.1326	816.0000
40.1531	856.0000
40.1736	844.0000
40.1941	886.0000
40.2145	818.0000
40.2350	848.0000
40.2555	824.0000
40.2760	833.0000
40.2965	839.0000
40.3169	818.0000
40.3374	840.0000
40.3579	836.0000
40.3784	878.0000
40.3989	859.0000
40.4193	799.0000
40.4398	861.0000
40.4603	851.0000
40.4808	819.0000
40.5013	818.0000
40.5217	803.0000
40.5422	828.0000
40.5627	888.0000
40.5832	832.0000
40.6037	806.0000
40.6242	899.0000
40.6446	805.0000
40.6651	827.0000
40.6856	844.0000
40.7061	872.0000
40.7266	857.0000
40.7470	853.0000
40.7675	823.0000
40.7880	862.0000
40.8085	908.0000
40.8290	859.0000
40.8494	865.0000
40.8699	862.0000
40.8904	892.0000
40.9109	905.0000
40.9314	828.0000
40.9518	884.0000
40.9723	892.0000
40.9928	852.0000
41.0133	858.0000
41.0338	943.0000
41.0542	921.0000
41.0747	956.0000
41.0952	980.0000
41.1157	1000.0000
41.1362	1009.0000
41.1566	1117.0000
41.1771	1125.0000
41.1976	1121.0000
41.2181	1161.0000
41.2386	1137.0000
41.2591	1228.0000
41.2795	1261.0000
41.3000	1257.0000
41.3205	1349.0000
41.3410	1242.0000
41.3615	1289.0000
41.3819	1217.0000
41.4024	1217.0000
41.4229	1214.0000
41.4434	1141.0000
41.4639	1121.0000
41.4843	1045.0000
41.5048	1108.0000
41.5253	974.0000
41.5458	978.0000
41.5663	992.0000
41.5867	990.0000
41.6072	908.0000
41.6277	900.0000
41.6482	952.0000
41.6687	894.0000
41.6891	921.0000
41.7096	901.0000
41.7301	954.0000
41.7506	867.0000
41.7711	907.0000
41.7915	918.0000
41.8120	910.0000
41.8325	921.0000
41.8530	911.0000
41.8735	917.0000
41.8940	901.0000
41.9144	883.0000
41.9349	857.0000
41.9554	861.0000
41.9759	913.0000
41.9964	901.0000
42.0168	928.0000
42.0373	931.0000
42.0578	923.0000
42.0783	937.0000
42.0988	903.0000
42.1192	968.0000
42.1397	879.0000
42.1602	891.0000
42.1807	957.0000
42.2012	973.0000
42.2216	944.0000
42.2421	917.0000
42.2626	975.0000
42.2831	945.0000
42.3036	1004.0000
42.3240	997.0000
42.3445	949.0000
42.3650	977.0000
42.3855	957.0000
42.4060	989.0000
42.4265	998.0000
42.4469	933.0000
42.4674	961.0000
42.4879	970.0000
42.5084	957.0000
42.5289	942.0000
42.5493	911.0000
42.5698	940.0000
42.5903	909.0000
42.6108	942.0000
42.6313	955.0000
42.6517	900.0000
42.6722	896.0000
42.6927	976.0000
42.7132	951.0000
42.7337	962.0000
42.7541	915.0000
42.7746	884.0000
42.7951	924.0000
42.8156	913.0000
42.8361	978.0000
42.8565	947.0000
42.8770	929.0000
42.8975	919.0000
42.9180	941.0000
42.9385	948.0000
42.9589	950.0000
42.9794	991.0000
42.9999	947.0000
43.0204	946.0000
43.0409	962.0000
43.0614	957.0000
43.0818	981.0000
43.1023	990.0000
43.1228	993.0000
43.1433	942.0000
43.1638	982.0000
43.1842	975.0000
43.2047	996.0000
43.2252	985.0000
43.2457	918.0000
43.2662	969.0000
43.2866	934.0000
43.3071	965.0000
43.3276	983.0000
43.3481	982.0000
43.3686	974.0000
43.3890	1014.0000
43.4095	1028.0000
43.4300	1041.0000
43.4505	1110.0000
43.4710	1086.0000
43.4914	1074.0000
43.5119	1093.0000
43.5324	1097.0000
43.5529	1075.0000
43.5734	1145.0000
43.5939	1202.0000
43.6143	1146.0000
43.6348	1116.0000
43.6553	1179.0000
43.6758	1205.0000
43.6963	1146.0000
43.7167	1209.0000
43.7372	1237.0000
43.7577	1241.0000
43.7782	1220.0000
43.7987	1194.0000
43.8191	1327.0000
43.8396	1299.0000
43.8601	1316.0000
43.8806	1352.0000
43.9011	1444.0000
43.9215	1501.0000
43.9420	1535.0000
43.9625	1590.0000
43.9830	1676.0000
44.0035	1687.0000
44.0239	1715.0000
44.0444	1658.0000
44.0649	1669.0000
44.0854	1639.0000
44.1059	1537.0000
44.1263	1570.0000
44.1468	1463.0000
44.1673	1437.0000
44.1878	1427.0000
44.2083	1455.0000
44.2288	1277.0000
44.2492	1268.0000
44.2697	1209.0000
44.2902	1257.0000
44.3107	1201.0000
44.3312	1165.0000
44.3516	1123.0000
44.3721	1169.0000
44.3926	1151.0000
44.4131	1112.0000
44.4336	1128.0000
44.4540	1143.0000
44.4745	1098.0000
44.4950	1128.0000
44.5155	1076.0000
44.5360	1117.0000
44.5564	1093.0000
44.5769	1095.0000
44.5974	1092.0000
44.6179	1076.0000
44.6384	1059.0000
44.6588	1065.0000
44.6793	1102.0000
44.6998	1103.0000
44.7203	1074.0000
44.7408	1107.0000
44.7612	1049.0000
44.7817	1040.0000
44.8022	1070.0000
44.8227	1092.0000
44.8432	1106.0000
44.8637	1037.0000
44.8841	1063.0000
44.9046	1106.0000
44.9251	1102.0000
44.9456	1068.0000
44.9661	1077.0000
44.9865	1057.0000
45.0070	1066.0000
45.0275	1038.0000
45.0480	1035.0000
45.0685	1021.0000
45.0889	1062.0000
45.1094	1076.0000
45.1299	1052.0000
45.1504	1037.0000
45.1709	1107.0000
45.1913	1076.0000
45.2118	1038.0000
45.2323	1064.0000
45.2528	1075.0000
45.2733	1042.0000
45.2937	995.0000
45.3142	1073.0000
45.3347	1020.0000
45.3552	1052.0000
45.3757	1065.0000
45.3962	1095.0000
45.4166	1136.0000
45.4371	1124.0000
45.4576	1182.0000
45.4781	1172.0000
45.4986	1264.0000
45.5190	1322.0000
45.5395	1319.0000
45.5600	1281.0000
45.5805	1425.0000
45.6010	1459.0000
45.6214	1503.0000
45.6419	1625.0000
45.6624	1783.0000
45.6829	2114.0000
45.7034	2578.0000
45.7238	3397.0000
45.7443	4797.0000
45.7648	6647.0000
45.7853	8970.0000
45.8058	10923.0000
45.8262	12754.0000
45.8467	13035.0000
45.8672	12175.0000
45.8877	11225.0000
45.9082	9624.0000
45.9286	8789.0000
45.9491	8092.0000
45.9696	7369.0000
45.9901	6366.0000
46.0106	5007.0000
46.0311	3727.0000
46.0515	2654.0000
46.0720	2031.0000
46.0925	1680.0000
46.1130	1448.0000
46.1335	1298.0000
46.1539	1245.0000
46.1744	1233.0000
46.1949	1132.0000
46.2154	1075.0000
46.2359	988.0000
46.2563	1042.0000
46.2768	965.0000
46.2973	992.0000
46.3178	1028.0000
46.3383	993.0000
46.3587	1027.0000
46.3792	949.0000
46.3997	991.0000
46.4202	953.0000
46.4407	913.0000
46.4611	999.0000
46.4816	963.0000
46.5021	1006.0000
46.5226	936.0000
46.5431	935.0000
46.5635	914.0000
46.5840	967.0000
46.6045	885.0000
46.6250	901.0000
46.6455	893.0000
46.6660	977.0000
46.6864	970.0000
46.7069	993.0000
46.7274	946.0000
46.7479	956.0000
46.7684	905.0000
46.7888	909.0000
46.8093	914.0000
46.8298	958.0000
46.8503	950.0000
46.8708	943.0000
46.8912	912.0000
46.9117	971.0000
46.9322	932.0000
46.9527	937.0000
46.9732	904.0000
46.9936	917.0000
47.0141	930.0000
47.0346	901.0000
47.0551	895.0000
47.0756	910.0000
47.0960	818.0000
47.1165	919.0000
47.1370	903.0000
47.1575	910.0000
47.1780	876.0000
47.1985	923.0000
47.2189	833.0000
47.2394	877.0000
47.2599	863.0000
47.2804	877.0000
47.3009	865.0000
47.3213	856.0000
47.3418	946.0000
47.3623	890.0000
47.3828	858.0000
47.4033	911.0000
47.4237	925.0000
47.4442	932.0000
47.4647	843.0000
47.4852	903.0000
47.5057	895.0000
47.5261	852.0000
47.5466	880.0000
47.5671	868.0000
47.5876	838.0000
47.6081	791.0000
47.6285	843.0000
47.6490	872.0000
47.6695	847.0000
47.6900	821.0000
47.7105	843.0000
47.7309	840.0000
47.7514	828.0000
47.7719	858.0000
47.7924	821.0000
47.8129	829.0000
47.8334	778.0000
47.8538	869.0000
47.8743	875.0000
47.8948	777.0000
47.9153	780.0000
47.9358	795.0000
47.9562	782.0000
47.9767	834.0000
47.9972	770.0000
48.0177	837.0000
48.0382	846.0000
48.0586	785.0000
48.0791	794.0000
48.0996	824.0000
48.1201	818.0000
48.1406	822.0000
48.1610	828.0000
48.1815	812.0000
48.2020	841.0000
48.2225	768.0000
48.2430	851.0000
48.2634	808.0000
48.2839	840.0000
48.3044	800.0000
48.3249	791.0000
48.3454	791.0000
48.3659	779.0000
48.3863	785.0000
48.4068	797.0000
48.4273	791.0000
48.4478	746.0000
48.4683	806.0000
48.4887	769.0000
48.5092	790.0000
48.5297	774.0000
48.5502	807.0000
48.5707	817.0000
48.5911	748.0000
48.6116	799.0000
48.6321	752.0000
48.6526	799.0000
48.6731	790.0000
48.6935	754.0000
48.7140	836.0000
48.7345	826.0000
48.7550	791.0000
48.7755	789.0000
48.7959	786.0000
48.8164	819.0000
48.8369	829.0000
48.8574	789.0000
48.8779	803.0000
48.8983	777.0000
48.9188	772.0000
48.9393	818.0000
48.9598	811.0000
48.9803	854.0000
49.0008	849.0000
49.0212	842.0000
49.0417	817.0000
49.0622	896.0000
49.0827	865.0000
49.1032	875.0000
49.1236	853.0000
49.1441	927.0000
49.1646	925.0000
49.1851	844.0000
49.2056	883.0000
49.2260	861.0000
49.2465	906.0000
49.2670	882.0000
49.2875	902.0000
49.3080	841.0000
49.3284	853.0000
49.3489	835.0000
49.3694	834.0000
49.3899	812.0000
49.4104	783.0000
49.4308	802.0000
49.4513	801.0000
49.4718	805.0000
49.4923	837.0000
49.5128	825.0000
49.5332	855.0000
49.5537	778.0000
49.5742	865.0000
49.5947	823.0000
49.6152	856.0000
49.6357	820.0000
49.6561	823.0000
49.6766	859.0000
49.6971	810.0000
49.7176	786.0000
49.7381	845.0000
49.7585	867.0000
49.7790	865.0000
49.7995	861.0000
49.8200	864.0000
49.8405	856.0000
49.8609	841.0000
49.8814	915.0000
49.9019	926.0000
49.9224	898.0000
49.9429	930.0000
49.9633	939.0000
49.9838	927.0000
