20.0001	991.0000
20.0206	997.0000
20.0411	984.0000
20.0615	974.0000
20.0820	958.0000
20.1025	946.0000
20.1230	988.0000
20.1435	947.0000
20.1639	971.0000
20.1844	964.0000
20.2049	992.0000
20.2254	964.0000
20.2459	991.0000
20.2663	1024.0000
20.2868	989.0000
20.3073	980.0000
20.3278	928.0000
20.3483	981.0000
20.3688	1017.0000
20.3892	969.0000
20.4097	963.0000
20.4302	981.0000
20.4507	976.0000
20.4712	976.0000
20.4916	980.0000
20.5121	1007.0000
20.5326	941.0000
20.5531	1026.0000
20.5736	993.0000
20.5940	947.0000
20.6145	978.0000
20.6350	974.0000
20.6555	1013.0000
20.6760	1048.0000
20.6964	1029.0000
20.7169	949.0000
20.7374	984.0000
20.7579	1073.0000
20.7784	974.0000
20.7988	1020.0000
20.8193	1005.0000
20.8398	952.0000
20.8603	971.0000
20.8808	1006.0000
20.9012	1047.0000
20.9217	1010.0000
20.9422	1029.0000
20.9627	985.0000
20.9832	988.0000
21.0037	1013.0000
21.0241	1051.0000
21.0446	1007.0000
21.0651	948.0000
21.0856	983.0000
21.1061	1018.0000
21.1265	971.0000
21.1470	993.0000
21.1675	948.0000
21.1880	1009.0000
21.2085	1032.0000
21.2289	1037.0000
21.2494	1007.0000
21.2699	1071.0000
21.2904	985.0000
21.3109	1040.0000
21.3313	977.0000
21.3518	993.0000
21.3723	1097.0000
21.3928	994.0000
21.4133	1052.0000
21.4337	942.0000
21.4542	1055.0000
21.4747	1012.0000
21.4952	1030.0000
21.5157	970.0000
21.5362	1012.0000
21.5566	1051.0000
21.5771	1029.0000
21.5976	1038.0000
21.6181	1064.0000
21.6386	983.0000
21.6590	985.0000
21.6795	1069.0000
21.7000	1002.0000
21.7205	1045.0000
21.7410	991.0000
21.7614	1030.0000
21.7819	1076.0000
21.8024	1065.0000
21.8229	1040.0000
21.8434	1072.0000
21.8638	998.0000
21.8843	1002.0000
21.9048	1137.0000
21.9253	1066.0000
21.9458	991.0000
21.9662	1030.0000
21.9867	1084.0000
22.0072	1079.0000
22.0277	1045.0000
22.0482	1023.0000
22.0686	1092.0000
22.0891	1035.0000
22.1096	1037.0000
22.1301	1062.0000
22.1506	1088.0000
22.1711	1053.0000
22.1915	1029.0000
22.2120	1065.0000
22.2325	1064.0000
22.2530	1025.0000
22.2735	1014.0000
22.2939	1069.0000
22.3144	1107.0000
22.3349	1042.0000
22.3554	1036.0000
22.3759	1052.0000
22.3963	1074.0000
22.4168	1043.0000
22.4373	1006.0000
22.4578	1106.0000
22.4783	1086.0000
22.4987	1035.0000
22.5192	1088.0000
22.5397	1061.0000
22.5602	1017.0000
22.5807	1019.0000
22.6011	1063.0000
22.6216	1060.0000
22.6421	976.0000
22.6626	1074.0000
22.6831	1048.0000
22.7035	999.0000
22.7240	1057.0000
22.7445	1068.0000
22.7650	1056.0000
22.7855	1036.0000
22.8060	1049.0000
22.8264	1070.0000
22.8469	1044.0000
22.8674	1040.0000
22.8879	1055.0000
22.9084	1042.0000
22.9288	1070.0000
22.9493	1018.0000
22.9698	1085.0000
22.9903	1048.0000
23.0108	1080.0000
23.0312	1110.0000
23.0517	1004.0000
23.0722	1052.0000
23.0927	1086.0000
23.1132	1046.0000
23.1336	1070.0000
23.1541	1031.0000
23.1746	1075.0000
23.1951	1009.0000
23.2156	1082.0000
23.2360	1087.0000
23.2565	1021.0000
23.2770	1069.0000
23.2975	1047.0000
23.3180	1017.0000
23.3385	1077.0000
23.3589	1046.0000
23.3794	1078.0000
23.3999	1052.0000
23.4204	1014.0000
23.4409	1038.0000
23.4613	1073.0000
23.4818	1085.0000
23.5023	1043.0000
23.5228	1138.0000
23.5433	1033.0000
23.5637	1115.0000
23.5842	1038.0000
23.6047	1042.0000
23.6252	1061.0000
23.6457	1091.0000
23.6661	1058.0000
23.6866	1069.0000
23.7071	1047.0000
23.7276	1080.0000
23.7481	1066.0000
23.7685	1082.0000
23.7890	1041.0000
23.8095	1092.0000
23.8300	1045.0000
23.8505	1033.0000
23.8709	1065.0000
23.8914	1074.0000
23.9119	1084.0000
23.9324	1087.0000
23.9529	1044.0000
23.9734	1071.0000
23.9938	1035.0000
24.0143	1043.0000
24.0348	1090.0000
24.0553	1023.0000
24.0758	1013.0000
24.0962	1051.0000
24.1167	1074.0000
24.1372	1062.0000
24.1577	1017.0000
24.1782	1062.0000
24.1986	1025.0000
24.2191	1063.0000
24.2396	1054.0000
24.2601	1108.0000
24.2806	1151.0000
24.3010	1082.0000
24.3215	1087.0000
24.3420	1114.0000
24.3625	1125.0000
24.3830	1167.0000
24.4034	1211.0000
24.4239	1233.0000
24.4444	1238.0000
24.4649	1278.0000
24.4854	1292.0000
24.5059	1271.0000
24.5263	1278.0000
24.5468	1275.0000
24.5673	1293.0000
24.5878	1217.0000
24.6083	1273.0000
24.6287	1200.0000
24.6492	1289.0000
24.6697	1259.0000
24.6902	1285.0000
24.7107	1220.0000
24.7311	1301.0000
24.7516	1251.0000
24.7721	1298.0000
24.7926	1253.0000
24.8131	1204.0000
24.8335	1197.0000
24.8540	1109.0000
24.8745	1071.0000
24.8950	1080.0000
24.9155	1022.0000
24.9359	1023.0000
24.9564	1026.0000
24.9769	1060.0000
24.9974	1035.0000
25.0179	1047.0000
25.0383	1073.0000
25.0588	1067.0000
25.0793	1035.0000
25.0998	935.0000
25.1203	1086.0000
25.1408	1047.0000
25.1612	1039.0000
25.1817	1042.0000
25.2022	1040.0000
25.2227	1023.0000
25.2432	1023.0000
25.2636	979.0000
25.2841	1013.0000
25.3046	1060.0000
25.3251	1050.0000
25.3456	995.0000
25.3660	1137.0000
25.3865	1056.0000
25.4070	1090.0000
25.4275	1080.0000
25.4480	1116.0000
25.4684	1147.0000
25.4889	1160.0000
25.5094	1106.0000
25.5299	1101.0000
25.5504	1208.0000
25.5708	1139.0000
25.5913	1159.0000
25.6118	1108.0000
25.6323	1040.0000
25.6528	1091.0000
25.6732	1105.0000
25.6937	1126.0000
25.7142	1043.0000
25.7347	1052.0000
25.7552	1037.0000
25.7757	1076.0000
25.7961	961.0000
25.8166	1027.0000
25.8371	1028.0000
25.8576	1017.0000
25.8781	1000.0000
25.8985	999.0000
25.9190	983.0000
25.9395	1019.0000
25.9600	980.0000
25.9805	1002.0000
26.0009	996.0000
26.0214	957.0000
26.0419	1019.0000
26.0624	948.0000
26.0829	1005.0000
26.1033	992.0000
26.1238	1000.0000
26.1443	1004.0000
26.1648	987.0000
26.1853	968.0000
26.2057	986.0000
26.2262	926.0000
26.2467	975.0000
26.2672	985.0000
26.2877	956.0000
26.3082	953.0000
26.3286	961.0000
26.3491	957.0000
26.3696	963.0000
26.3901	929.0000
26.4106	912.0000
26.4310	946.0000
26.4515	1005.0000
26.4720	921.0000
26.4925	998.0000
26.5130	994.0000
26.5334	976.0000
26.5539	944.0000
26.5744	898.0000
26.5949	983.0000
26.6154	918.0000
26.6358	962.0000
26.6563	950.0000
26.6768	925.0000
26.6973	977.0000
26.7178	973.0000
26.7382	985.0000
26.7587	992.0000
26.7792	957.0000
26.7997	1023.0000
26.8202	1006.0000
26.8406	952.0000
26.8611	940.0000
26.8816	950.0000
26.9021	1030.0000
26.9226	943.0000
26.9431	962.0000
26.9635	988.0000
26.9840	948.0000
27.0045	951.0000
27.0250	1023.0000
27.0455	1016.0000
27.0659	1057.0000
27.0864	977.0000
27.1069	1096.0000
27.1274	1124.0000
27.1479	1157.0000
27.1683	1124.0000
27.1888	1097.0000
27.2093	1153.0000
27.2298	1121.0000
27.2503	1254.0000
27.2707	1294.0000
27.2912	1289.0000
27.3117	1236.0000
27.3322	1367.0000
27.3527	1337.0000
27.3731	1323.0000
27.3936	1421.0000
27.4141	1337.0000
27.4346	1360.0000
27.4551	1333.0000
27.4755	1357.0000
27.4960	1350.0000
27.5165	1379.0000
27.5370	1288.0000
27.5575	1269.0000
27.5780	1295.0000
27.5984	1203.0000
27.6189	1274.0000
27.6394	1201.0000
27.6599	1198.0000
27.6804	1186.0000
27.7008	1133.0000
27.7213	1088.0000
27.7418	1079.0000
27.7623	1006.0000
27.7828	1101.0000
27.8032	1057.0000
27.8237	1068.0000
27.8442	1026.0000
27.8647	1043.0000
27.8852	987.0000
27.9056	984.0000
27.9261	1013.0000
27.9466	1012.0000
27.9671	1009.0000
27.9876	978.0000
28.0080	1012.0000
28.0285	1025.0000
28.0490	1018.0000
28.0695	1001.0000
28.0900	977.0000
28.1105	1053.0000
28.1309	1032.0000
28.1514	979.0000
28.1719	969.0000
28.1924	1025.0000
28.2129	1011.0000
28.2333	1014.0000
28.2538	966.0000
28.2743	972.0000
28.2948	991.0000
28.3153	1042.0000
28.3357	1008.0000
28.3562	1042.0000
28.3767	1001.0000
28.3972	1026.0000
28.4177	1025.0000
28.4381	1028.0000
28.4586	1044.0000
28.4791	1027.0000
28.4996	1065.0000
28.5201	1099.0000
28.5405	1117.0000
28.5610	1166.0000
28.5815	1218.0000
28.6020	1258.0000
28.6225	1285.0000
28.6429	1447.0000
28.6634	1465.0000
28.6839	1581.0000
28.7044	1795.0000
28.7249	1796.0000
28.7454	1928.0000
28.7658	2015.0000
28.7863	1951.0000
28.8068	1988.0000
28.8273	1960.0000
28.8478	1783.0000
28.8682	1722.0000
28.8887	1568.0000
28.9092	1482.0000
28.9297	1338.0000
28.9502	1214.0000
28.9706	1160.0000
28.9911	1115.0000
29.0116	1029.0000
29.0321	1023.0000
29.0526	1005.0000
29.0730	1099.0000
29.0935	984.0000
29.1140	989.0000
29.1345	968.0000
29.1550	939.0000
29.1754	976.0000
29.1959	1009.0000
29.2164	970.0000
29.2369	976.0000
29.2574	964.0000
29.2779	898.0000
29.2983	918.0000
29.3188	918.0000
29.3393	917.0000
29.3598	868.0000
29.3803	928.0000
29.4007	938.0000
29.4212	989.0000
29.4417	917.0000
29.4622	972.0000
29.4827	916.0000
29.5031	877.0000
29.5236	911.0000
29.5441	884.0000
29.5646	938.0000
29.5851	917.0000
29.6055	905.0000
29.6260	898.0000
29.6465	911.0000
29.6670	916.0000
29.6875	928.0000
29.7079	937.0000
29.7284	896.0000
29.7489	982.0000
29.7694	1061.0000
29.7899	1014.0000
29.8103	1021.0000
29.8308	1005.0000
29.8513	978.0000
29.8718	1064.0000
29.8923	1012.0000
29.9128	995.0000
29.9332	911.0000
29.9537	911.0000
29.9742	970.0000
29.9947	933.0000
30.0152	908.0000
30.0356	896.0000
30.0561	983.0000
30.0766	900.0000
30.0971	914.0000
30.1176	880.0000
30.1380	852.0000
30.1585	919.0000
30.1790	870.0000
30.1995	920.0000
30.2200	895.0000
30.2404	857.0000
30.2609	907.0000
30.2814	881.0000
30.3019	905.0000
30.3224	911.0000
30.3428	873.0000
30.3633	911.0000
30.3838	870.0000
30.4043	878.0000
30.4248	886.0000
30.4452	813.0000
30.4657	928.0000
30.4862	910.0000
30.5067	885.0000
30.5272	870.0000
30.5477	947.0000
30.5681	843.0000
30.5886	880.0000
30.6091	921.0000
30.6296	908.0000
30.6501	871.0000
30.6705	874.0000
30.6910	902.0000
30.7115	888.0000
30.7320	882.0000
30.7525	895.0000
30.7729	906.0000
30.7934	888.0000
30.8139	909.0000
30.8344	937.0000
30.8549	881.0000
30.8753	935.0000
30.8958	936.0000
30.9163	909.0000
30.9368	908.0000
30.9573	921.0000
30.9777	929.0000
30.9982	892.0000
31.0187	958.0000
31.0392	964.0000
31.0597	875.0000
31.0802	999.0000
31.1006	960.0000
31.1211	988.0000
31.1416	1046.0000
31.1621	986.0000
31.1826	1104.0000
31.2030	1097.0000
31.2235	1165.0000
31.2440	1148.0000
31.2645	1145.0000
31.2850	1201.0000
31.3054	1278.0000
31.3259	1284.0000
31.3464	1257.0000
31.3669	1322.0000
31.3874	1294.0000
31.4078	1224.0000
31.4283	1264.0000
31.4488	1246.0000
31.4693	1167.0000
31.4898	1212.0000
31.5102	1153.0000
31.5307	1116.0000
31.5512	1056.0000
31.5717	1039.0000
31.5922	1002.0000
31.6126	1006.0000
31.6331	955.0000
31.6536	918.0000
31.6741	997.0000
31.6946	936.0000
31.7151	956.0000
31.7355	877.0000
31.7560	892.0000
31.7765	968.0000
31.7970	936.0000
31.8175	956.0000
31.8379	904.0000
31.8584	913.0000
31.8789	802.0000
31.8994	889.0000
31.9199	932.0000
31.9403	871.0000
31.9608	837.0000
31.9813	894.0000
32.0018	888.0000
32.0223	945.0000
32.0427	880.0000
32.0632	850.0000
32.0837	892.0000
32.1042	916.0000
32.1247	827.0000
32.1451	871.0000
32.1656	837.0000
32.1861	903.0000
32.2066	863.0000
32.2271	891.0000
32.2475	910.0000
32.2680	845.0000
32.2885	867.0000
32.3090	871.0000
32.3295	831.0000
32.3500	841.0000
32.3704	898.0000
32.3909	844.0000
32.4114	880.0000
32.4319	871.0000
32.4524	876.0000
32.4728	840.0000
32.4933	889.0000
32.5138	826.0000
32.5343	846.0000
32.5548	895.0000
32.5752	789.0000
32.5957	870.0000
32.6162	868.0000
32.6367	841.0000
32.6572	845.0000
32.6776	872.0000
32.6981	900.0000
32.7186	895.0000
32.7391	851.0000
32.7596	827.0000
32.7800	881.0000
32.8005	878.0000
32.8210	875.0000
32.8415	851.0000
32.8620	884.0000
32.8825	783.0000
32.9029	850.0000
32.9234	852.0000
32.9439	837.0000
32.9644	796.0000
32.9849	816.0000
33.0053	843.0000
33.0258	783.0000
33.0463	843.0000
33.0668	832.0000
33.0873	850.0000
33.1077	863.0000
33.1282	815.0000
33.1487	884.0000
33.1692	852.0000
33.1897	823.0000
33.2101	902.0000
33.2306	905.0000
33.2511	861.0000
33.2716	823.0000
33.2921	889.0000
33.3125	882.0000
33.3330	923.0000
33.3535	810.0000
33.3740	883.0000
33.3945	865.0000
33.4149	839.0000
33.4354	887.0000
33.4559	895.0000
33.4764	855.0000
33.4969	823.0000
33.5174	836.0000
33.5378	891.0000
33.5583	911.0000
33.5788	896.0000
33.5993	919.0000
33.6198	908.0000
33.6402	869.0000
33.6607	915.0000
33.6812	898.0000
33.7017	878.0000
33.7222	954.0000
33.7426	890.0000
33.7631	887.0000
33.7836	899.0000
33.8041	922.0000
33.8246	860.0000
33.8450	910.0000
33.8655	879.0000
33.8860	928.0000
33.9065	935.0000
33.9270	868.0000
33.9474	822.0000
33.9679	865.0000
33.9884	856.0000
34.0089	839.0000
34.0294	857.0000
34.0499	799.0000
34.0703	911.0000
34.0908	821.0000
34.1113	842.0000
34.1318	883.0000
34.1523	850.0000
34.1727	885.0000
34.1932	812.0000
34.2137	872.0000
34.2342	889.0000
34.2547	867.0000
34.2751	872.0000
34.2956	874.0000
34.3161	846.0000
34.3366	876.0000
34.3571	911.0000
34.3775	857.0000
34.3980	917.0000
34.4185	930.0000
34.4390	923.0000
34.4595	898.0000
34.4799	965.0000
34.5004	898.0000
34.5209	950.0000
34.5414	923.0000
34.5619	920.0000
34.5823	929.0000
34.6028	937.0000
34.6233	932.0000
34.6438	921.0000
34.6643	921.0000
34.6848	1000.0000
34.7052	1024.0000
34.7257	1030.0000
34.7462	1004.0000
34.7667	1099.0000
34.7872	1173.0000
34.8076	1180.0000
34.8281	1213.0000
34.8486	1179.0000
34.8691	1254.0000
34.8896	1233.0000
34.9100	1218.0000
34.9305	1208.0000
34.9510	1235.0000
34.9715	1198.0000
34.9920	1143.0000
35.0124	1118.0000
35.0329	1065.0000
35.0534	1110.0000
35.0739	1049.0000
35.0944	1023.0000
35.1148	1029.0000
35.1353	1022.0000
35.1558	1038.0000
35.1763	914.0000
35.1968	1048.0000
35.2172	993.0000
35.2377	930.0000
35.2582	1023.0000
35.2787	979.0000
35.2992	960.0000
35.3197	990.0000
35.3401	970.0000
35.3606	939.0000
35.3811	958.0000
35.4016	943.0000
35.4221	930.0000
35.4425	890.0000
35.4630	970.0000
35.4835	967.0000
35.5040	940.0000
35.5245	949.0000
35.5449	948.0000
35.5654	954.0000
35.5859	979.0000
35.6064	1011.0000
35.6269	1017.0000
35.6473	1023.0000
35.6678	1029.0000
35.6883	1008.0000
35.7088	1065.0000
35.7293	1082.0000
35.7497	1033.0000
35.7702	1104.0000
35.7907	1117.0000
35.8112	1118.0000
35.8317	1161.0000
35.8522	1187.0000
35.8726	1189.0000
35.8931	1275.0000
35.9136	1275.0000
35.9341	1181.0000
35.9546	1323.0000
35.9750	1322.0000
35.9955	1287.0000
36.0160	1302.0000
36.0365	1286.0000
36.0570	1233.0000
36.0774	1222.0000
36.0979	1238.0000
36.1184	1193.0000
36.1389	1219.0000
36.1594	1164.0000
36.1798	1168.0000
36.2003	1096.0000
36.2208	1089.0000
36.2413	1146.0000
36.2618	1084.0000
36.2822	1074.0000
36.3027	1004.0000
36.3232	1091.0000
36.3437	1055.0000
36.3642	1026.0000
36.3846	995.0000
36.4051	1003.0000
36.4256	976.0000
36.4461	968.0000
36.4666	936.0000
36.4871	913.0000
36.5075	879.0000
36.5280	958.0000
36.5485	939.0000
36.5690	912.0000
36.5895	1020.0000
36.6099	883.0000
36.6304	954.0000
36.6509	900.0000
36.6714	931.0000
36.6919	847.0000
36.7123	973.0000
36.7328	923.0000
36.7533	865.0000
36.7738	907.0000
36.7943	868.0000
36.8147	862.0000
36.8352	913.0000
36.8557	886.0000
36.8762	937.0000
36.8967	932.0000
36.9171	976.0000
36.9376	918.0000
36.9581	977.0000
36.9786	962.0000
36.9991	982.0000
37.0195	971.0000
37.0400	991.0000
37.0605	1007.0000
37.0810	1013.0000
37.1015	1035.0000
37.1220	1045.0000
37.1424	1061.0000
37.1629	1025.0000
37.1834	1055.0000
37.2039	1040.0000
37.2244	1037.0000
37.2448	961.0000
37.2653	948.0000
37.2858	931.0000
37.3063	904.0000
37.3268	923.0000
37.3472	927.0000
37.3677	880.0000
37.3882	870.0000
37.4087	919.0000
37.4292	846.0000
37.4496	873.0000
37.4701	866.0000
37.4906	848.0000
37.5111	837.0000
37.5316	901.0000
37.5520	924.0000
37.5725	858.0000
37.5930	880.0000
37.6135	886.0000
37.6340	875.0000
37.6545	913.0000
37.6749	823.0000
37.6954	912.0000
37.7159	909.0000
37.7364	881.0000
37.7569	913.0000
37.7773	894.0000
37.7978	889.0000
37.8183	913.0000
37.8388	877.0000
37.8593	890.0000
37.8797	957.0000
37.9002	927.0000
37.9207	863.0000
37.9412	884.0000
37.9617	876.0000
37.9821	897.0000
38.0026	924.0000
38.0231	931.0000
38.0436	944.0000
38.0641	962.0000
38.0845	949.0000
38.1050	1004.0000
38.1255	999.0000
38.1460	1012.0000
38.1665	1008.0000
38.1869	996.0000
38.2074	1047.0000
38.2279	1045.0000
38.2484	1063.0000
38.2689	1033.0000
38.2894	1023.0000
38.3098	1076.0000
38.3303	1093.0000
38.3508	1056.0000
38.3713	1048.0000
38.3918	1084.0000
38.4122	1069.0000
38.4327	1140.0000
38.4532	1180.0000
38.4737	1156.0000
38.4942	1308.0000
38.5146	1332.0000
38.5351	1352.0000
38.5556	1397.0000
38.5761	1475.0000
38.5966	1455.0000
38.6170	1603.0000
38.6375	1530.0000
38.6580	1528.0000
38.6785	1525.0000
38.6990	1533.0000
38.7194	1407.0000
38.7399	1353.0000
38.7604	1365.0000
38.7809	1236.0000
38.8014	1163.0000
38.8219	1108.0000
38.8423	1119.0000
38.8628	1075.0000
38.8833	1017.0000
38.9038	995.0000
38.9243	992.0000
38.9447	1014.0000
38.9652	977.0000
38.9857	963.0000
39.0062	954.0000
39.0267	978.0000
39.0471	958.0000
39.0676	992.0000
39.0881	981.0000
39.1086	1046.0000
39.1291	1022.0000
39.1495	975.0000
39.1700	976.0000
39.1905	1017.0000
39.2110	1006.0000
39.2315	1003.0000
39.2519	986.0000
39.2724	1026.0000
39.2929	988.0000
39.3134	1026.0000
39.3339	978.0000
39.3543	1005.0000
39.3748	946.0000
39.3953	987.0000
39.4158	973.0000
39.4363	906.0000
39.4568	949.0000
39.4772	954.0000
39.4977	908.0000
39.5182	920.0000
39.5387	899.0000
39.5592	904.0000
39.5796	906.0000
39.6001	856.0000
39.6206	900.0000
39.6411	937.0000
39.6616	878.0000
39.6820	909.0000
39.7025	894.0000
39.7230	905.0000
39.7435	872.0000
39.7640	871.0000
39.7844	943.0000
39.8049	945.0000
39.8254	924.0000
39.8459	973.0000
39.8664	967.0000
39.8868	1024.0000
39.9073	987.0000
39.9278	1053.0000
39.9483	1040.0000
39.9688	1094.0000
39.9892	1138.0000
40.0097	1139.0000
40.0302	1218.0000
40.0507	1261.0000
40.0712	1204.0000
40.0917	1239.0000
40.1121	1319.0000
40.1326	1359.0000
40.1531	1328.0000
40.1736	1397.0000
40.1941	1460.0000
40.2145	1414.0000
40.2350	1348.0000
40.2555	1287.0000
40.2760	1317.0000
40.2965	1312.0000
40.3169	1317.0000
40.3374	1292.0000
40.3579	1245.0000
40.3784	1213.0000
40.3989	1182.0000
40.4193	1183.0000
40.4398	1142.0000
40.4603	1026.0000
40.4808	1037.0000
40.5013	978.0000
40.5217	993.0000
40.5422	993.0000
40.5627	927.0000
40.5832	928.0000
40.6037	924.0000
40.6242	920.0000
40.6446	981.0000
40.6651	913.0000
40.6856	933.0000
40.7061	831.0000
40.7266	889.0000
40.7470	888.0000
40.7675	903.0000
40.7880	854.0000
40.8085	801.0000
40.8290	870.0000
40.8494	903.0000
40.8699	874.0000
40.8904	866.0000
40.9109	863.0000
40.9314	915.0000
40.9518	903.0000
40.9723	926.0000
40.9928	921.0000
41.0133	980.0000
41.0338	886.0000
41.0542	910.0000
41.0747	988.0000
41.0952	942.0000
41.1157	1027.0000
41.1362	1001.0000
41.1566	1028.0000
41.1771	1103.0000
41.1976	1084.0000
41.2181	1130.0000
41.2386	1189.0000
41.2591	1179.0000
41.2795	1214.0000
41.3000	1223.0000
41.3205	1274.0000
41.3410	1262.0000
41.3615	1285.0000
41.3819	1277.0000
41.4024	1209.0000
41.4229	1188.0000
41.4434	1112.0000
41.4639	1071.0000
41.4843	1003.0000
41.5048	992.0000
41.5253	974.0000
41.5458	981.0000
41.5663	951.0000
41.5867	902.0000
41.6072	894.0000
41.6277	897.0000
41.6482	910.0000
41.6687	891.0000
41.6891	828.0000
41.7096	927.0000
41.7301	862.0000
41.7506	914.0000
41.7711	837.0000
41.7915	847.0000
41.8120	893.0000
41.8325	910.0000
41.8530	848.0000
41.8735	884.0000
41.8940	860.0000
41.9144	853.0000
41.9349	874.0000
41.9554	829.0000
41.9759	843.0000
41.9964	881.0000
42.0168	893.0000
42.0373	913.0000
42.0578	872.0000
42.0783	863.0000
42.0988	877.0000
42.1192	876.0000
42.1397	882.0000
42.1602	866.0000
42.1807	944.0000
42.2012	917.0000
42.2216	921.0000
42.2421	918.0000
42.2626	929.0000
42.2831	917.0000
42.3036	882.0000
42.3240	890.0000
42.3445	860.0000
42.3650	904.0000
42.3855	978.0000
42.4060	945.0000
42.4265	931.0000
42.4469	918.0000
42.4674	926.0000
42.4879	888.0000
42.5084	910.0000
42.5289	962.0000
42.5493	911.0000
42.5698	903.0000
42.5903	883.0000
42.6108	922.0000
42.6313	865.0000
42.6517	898.0000
42.6722	897.0000
42.6927	882.0000
42.7132	892.0000
42.7337	889.0000
42.7541	949.0000
42.7746	941.0000
42.7951	927.0000
42.8156	1002.0000
42.8361	942.0000
42.8565	950.0000
42.8770	1030.0000
42.8975	1053.0000
42.9180	1014.0000
42.9385	1156.0000
42.9589	1139.0000
42.9794	1191.0000
42.9999	1226.0000
43.0204	1252.0000
43.0409	1306.0000
43.0614	1289.0000
43.0818	1248.0000
43.1023	1376.0000
43.1228	1319.0000
43.1433	1326.0000
43.1638	1284.0000
43.1842	1241.0000
43.2047	1246.0000
43.2252	1245.0000
43.2457	1174.0000
43.2662	1124.0000
43.2866	1120.0000
43.3071	1067.0000
43.3276	1083.0000
43.3481	1105.0000
43.3686	1068.0000
43.3890	1026.0000
43.4095	1028.0000
43.4300	1009.0000
43.4505	1074.0000
43.4710	1078.0000
43.4914	1006.0000
43.5119	1075.0000
43.5324	1037.0000
43.5529	1104.0000
43.5734	1043.0000
43.5939	1084.0000
43.6143	1129.0000
43.6348	1063.0000
43.6553	1086.0000
43.6758	1172.0000
43.6963	1139.0000
43.7167	1127.0000
43.7372	1136.0000
43.7577	1167.0000
43.7782	1161.0000
43.7987	1189.0000
43.8191	1201.0000
43.8396	1169.0000
43.8601	1244.0000
43.8806	1286.0000
43.9011	1312.0000
43.9215	1345.0000
43.9420	1389.0000
43.9625	1442.0000
43.9830	1490.0000
44.0035	1527.0000
44.0239	1528.0000
44.0444	1486.0000
44.0649	1522.0000
44.0854	1432.0000
44.1059	1456.0000
44.1263	1432.0000
44.1468	1319.0000
44.1673	1338.0000
44.1878	1224.0000
44.2083	1167.0000
44.2288	1108.0000
44.2492	1103.0000
44.2697	1046.0000
44.2902	1032.0000
44.3107	1001.0000
44.3312	944.0000
44.3516	993.0000
44.3721	954.0000
44.3926	1000.0000
44.4131	998.0000
44.4336	947.0000
44.4540	929.0000
44.4745	904.0000
44.4950	924.0000
44.5155	898.0000
44.5360	895.0000
44.5564	861.0000
44.5769	883.0000
44.5974	901.0000
44.6179	914.0000
44.6384	888.0000
44.6588	926.0000
44.6793	879.0000
44.6998	932.0000
44.7203	890.0000
44.7408	924.0000
44.7612	895.0000
44.7817	928.0000
44.8022	918.0000
44.8227	879.0000
44.8432	864.0000
44.8637	861.0000
44.8841	912.0000
44.9046	951.0000
44.9251	868.0000
44.9456	855.0000
44.9661	927.0000
44.9865	881.0000
45.0070	842.0000
45.0275	846.0000
45.0480	839.0000
45.0685	850.0000
45.0889	895.0000
45.1094	842.0000
45.1299	914.0000
45.1504	859.0000
45.1709	839.0000
45.1913	878.0000
45.2118	860.0000
45.2323	886.0000
45.2528	878.0000
45.2733	852.0000
45.2937	876.0000
45.3142	850.0000
45.3347	942.0000
45.3552	936.0000
45.3757	931.0000
45.3962	988.0000
45.4166	956.0000
45.4371	1047.0000
45.4576	1025.0000
45.4781	1047.0000
45.4986	1101.0000
45.5190	1092.0000
45.5395	1156.0000
45.5600	1142.0000
45.5805	1203.0000
45.6010	1338.0000
45.6214	1434.0000
45.6419	1511.0000
45.6624	1669.0000
45.6829	2039.0000
45.7034	2549.0000
45.7238	3502.0000
45.7443	4742.0000
45.7648	6539.0000
45.7853	8925.0000
45.8058	11025.0000
45.8262	12696.0000
45.8467	12953.0000
45.8672	12139.0000
45.8877	11136.0000
45.9082	9640.0000
45.9286	8683.0000
45.9491	8127.0000
45.9696	7499.0000
45.9901	6318.0000
46.0106	4997.0000
46.0311	3677.0000
46.0515	2737.0000
46.0720	2011.0000
46.0925	1681.0000
46.1130	1472.0000
46.1335	1360.0000
46.1539	1237.0000
46.1744	1161.0000
46.1949	1180.0000
46.2154	1068.0000
46.2359	1033.0000
46.2563	984.0000
46.2768	1042.0000
46.2973	1044.0000
46.3178	995.0000
46.3383	1016.0000
46.3587	1021.0000
46.3792	1032.0000
46.3997	966.0000
46.4202	1053.0000
46.4407	1026.0000
46.4611	1089.0000
46.4816	996.0000
46.5021	1091.0000
46.5226	1127.0000
46.5431	1095.0000
46.5635	1107.0000
46.5840	1076.0000
46.6045	1125.0000
46.6250	1097.0000
46.6455	1127.0000
46.6660	1226.0000
46.6864	1199.0000
46.7069	1199.0000
46.7274	1148.0000
46.7479	1166.0000
46.7684	1243.0000
46.7888	1207.0000
46.8093	1219.0000
46.8298	1178.0000
46.8503	1218.0000
46.8708	1170.0000
46.8912	1182.0000
46.9117	1180.0000
46.9322	1155.0000
46.9527	1215.0000
46.9732	1096.0000
46.9936	1079.0000
47.0141	1089.0000
47.0346	1063.0000
47.0551	995.0000
47.0756	990.0000
47.0960	1023.0000
47.1165	1031.0000
47.1370	975.0000
47.1575	947.0000
47.1780	959.0000
47.1985	957.0000
47.2189	949.0000
47.2394	936.0000
47.2599	946.0000
47.2804	922.0000
47.3009	953.0000
47.3213	956.0000
47.3418	888.0000
47.3623	859.0000
47.3828	921.0000
47.4033	961.0000
47.4237	916.0000
47.4442	913.0000
47.4647	914.0000
47.4852	897.0000
47.5057	965.0000
47.5261	941.0000
47.5466	934.0000
47.5671	917.0000
47.5876	913.0000
47.6081	950.0000
47.6285	948.0000
47.6490	960.0000
47.6695	1004.0000
47.6900	912.0000
47.7105	932.0000
47.7309	941.0000
47.7514	948.0000
47.7719	917.0000
47.7924	911.0000
47.8129	855.0000
47.8334	854.0000
47.8538	920.0000
47.8743	870.0000
47.8948	807.0000
47.9153	792.0000
47.9358	864.0000
47.9562	783.0000
47.9767	840.0000
47.9972	787.0000
48.0177	762.0000
48.0382	785.0000
48.0586	814.0000
48.0791	837.0000
48.0996	792.0000
48.1201	817.0000
48.1406	761.0000
48.1610	823.0000
48.1815	865.0000
48.2020	801.0000
48.2225	767.0000
48.2430	744.0000
48.2634	783.0000
48.2839	751.0000
48.3044	761.0000
48.3249	763.0000
48.3454	799.0000
48.3659	783.0000
48.3863	771.0000
48.4068	782.0000
48.4273	767.0000
48.4478	724.0000
48.4683	750.0000
48.4887	795.0000
48.5092	833.0000
48.5297	780.0000
48.5502	807.0000
48.5707	734.0000
48.5911	817.0000
48.6116	755.0000
48.6321	745.0000
48.6526	778.0000
48.6731	776.0000
48.6935	760.0000
48.7140	765.0000
48.7345	741.0000
48.7550	779.0000
48.7755	796.0000
48.7959	759.0000
48.8164	772.0000
48.8369	832.0000
48.8574	770.0000
48.8779	779.0000
48.8983	772.0000
48.9188	796.0000
48.9393	780.0000
48.9598	822.0000
48.9803	852.0000
49.0008	824.0000
49.0212	869.0000
49.0417	956.0000
49.0622	916.0000
49.0827	864.0000
49.1032	901.0000
49.1236	894.0000
49.1441	932.0000
49.1646	989.0000
49.1851	951.0000
49.2056	1023.0000
49.2260	965.0000
49.2465	965.0000
49.2670	958.0000
49.2875	949.0000
49.3080	985.0000
49.3284	965.0000
49.3489	1021.0000
49.3694	915.0000
49.3899	922.0000
49.4104	954.0000
49.4308	983.0000
49.4513	946.0000
49.4718	946.0000
49.4923	888.0000
49.5128	897.0000
49.5332	899.0000
49.5537	930.0000
49.5742	890.0000
49.5947	898.0000
49.6152	854.0000
49.6357	884.0000
49.6561	924.0000
49.6766	866.0000
49.6971	862.0000
49.7176	934.0000
49.7381	865.0000
49.7585	868.0000
49.7790	828.0000
49.7995	843.0000
49.8200	910.0000
49.8405	889.0000
49.8609	840.0000
49.8814	912.0000
49.9019	883.0000
49.9224	863.0000
49.9429	902.0000
49.9633	926.0000
49.9838	902.0000
