20.0001	926.0000
20.0206	945.0000
20.0411	929.0000
20.0615	865.0000
20.0820	919.0000
20.1025	937.0000
20.1230	923.0000
20.1435	951.0000
20.1639	909.0000
20.1844	942.0000
20.2049	931.0000
20.2254	952.0000
20.2459	890.0000
20.2663	921.0000
20.2868	899.0000
20.3073	855.0000
20.3278	917.0000
20.3483	872.0000
20.3688	890.0000
20.3892	896.0000
20.4097	961.0000
20.4302	950.0000
20.4507	906.0000
20.4712	937.0000
20.4916	899.0000
20.5121	915.0000
20.5326	884.0000
20.5531	893.0000
20.5736	944.0000
20.5940	970.0000
20.6145	961.0000
20.6350	952.0000
20.6555	995.0000
20.6760	926.0000
20.6964	962.0000
20.7169	904.0000
20.7374	947.0000
20.7579	959.0000
20.7784	896.0000
20.7988	982.0000
20.8193	925.0000
20.8398	924.0000
20.8603	935.0000
20.8808	957.0000
20.9012	984.0000
20.9217	928.0000
20.9422	931.0000
20.9627	991.0000
20.9832	966.0000
21.0037	1006.0000
21.0241	938.0000
21.0446	932.0000
21.0651	939.0000
21.0856	947.0000
21.1061	954.0000
21.1265	961.0000
21.1470	895.0000
21.1675	925.0000
21.1880	917.0000
21.2085	964.0000
21.2289	953.0000
21.2494	973.0000
21.2699	974.0000
21.2904	976.0000
21.3109	942.0000
21.3313	1022.0000
21.3518	965.0000
21.3723	903.0000
21.3928	955.0000
21.4133	973.0000
21.4337	925.0000
21.4542	973.0000
21.4747	974.0000
21.4952	979.0000
21.5157	971.0000
21.5362	944.0000
21.5566	981.0000
21.5771	943.0000
21.5976	980.0000
21.6181	995.0000
21.6386	1026.0000
21.6590	950.0000
21.6795	948.0000
21.7000	985.0000
21.7205	1014.0000
21.7410	1001.0000
21.7614	975.0000
21.7819	1009.0000
21.8024	906.0000
21.8229	904.0000
21.8434	976.0000
21.8638	937.0000
21.8843	1054.0000
21.9048	972.0000
21.9253	1001.0000
21.9458	988.0000
21.9662	1021.0000
21.9867	950.0000
22.0072	944.0000
22.0277	971.0000
22.0482	892.0000
22.0686	985.0000
22.0891	994.0000
22.1096	1006.0000
22.1301	949.0000
22.1506	1015.0000
22.1711	937.0000
22.1915	957.0000
22.2120	986.0000
22.2325	995.0000
22.2530	982.0000
22.2735	993.0000
22.2939	954.0000
22.3144	998.0000
22.3349	973.0000
22.3554	955.0000
22.3759	985.0000
22.3963	965.0000
22.4168	965.0000
22.4373	969.0000
22.4578	994.0000
22.4783	983.0000
22.4987	1033.0000
22.5192	1057.0000
22.5397	1009.0000
22.5602	1053.0000
22.5807	981.0000
22.6011	973.0000
22.6216	968.0000
22.6421	944.0000
22.6626	983.0000
22.6831	1019.0000
22.7035	994.0000
22.7240	976.0000
22.7445	1024.0000
22.7650	994.0000
22.7855	971.0000
22.8060	1003.0000
22.8264	947.0000
22.8469	978.0000
22.8674	936.0000
22.8879	989.0000
22.9084	1035.0000
22.9288	967.0000
22.9493	982.0000
22.9698	970.0000
22.9903	973.0000
23.0108	999.0000
23.0312	1008.0000
23.0517	983.0000
23.0722	999.0000
23.0927	980.0000
23.1132	1006.0000
23.1336	965.0000
23.1541	974.0000
23.1746	1003.0000
23.1951	963.0000
23.2156	976.0000
23.2360	1028.0000
23.2565	1012.0000
23.2770	970.0000
23.2975	1017.0000
23.3180	967.0000
23.3385	1011.0000
23.3589	952.0000
23.3794	1039.0000
23.3999	1033.0000
23.4204	1033.0000
23.4409	992.0000
23.4613	1010.0000
23.4818	1013.0000
23.5023	1026.0000
23.5228	973.0000
23.5433	1024.0000
23.5637	1001.0000
23.5842	967.0000
23.6047	1020.0000
23.6252	943.0000
23.6457	976.0000
23.6661	1032.0000
23.6866	989.0000
23.7071	997.0000
23.7276	941.0000
23.7481	1059.0000
23.7685	970.0000
23.7890	978.0000
23.8095	1053.0000
23.8300	1036.0000
23.8505	945.0000
23.8709	956.0000
23.8914	998.0000
23.9119	1003.0000
23.9324	977.0000
23.9529	946.0000
23.9734	916.0000
23.9938	911.0000
24.0143	962.0000
24.0348	981.0000
24.0553	1040.0000
24.0758	967.0000
24.0962	955.0000
24.1167	920.0000
24.1372	1002.0000
24.1577	973.0000
24.1782	934.0000
24.1986	986.0000
24.2191	981.0000
24.2396	1023.0000
24.2601	977.0000
24.2806	978.0000
24.3010	1041.0000
24.3215	978.0000
24.3420	998.0000
24.3625	1021.0000
24.3830	990.0000
24.4034	1009.0000
24.4239	1053.0000
24.4444	1099.0000
24.4649	1072.0000
24.4854	1104.0000
24.5059	1064.0000
24.5263	1090.0000
24.5468	1138.0000
24.5673	1156.0000
24.5878	1083.0000
24.6083	1122.0000
24.6287	1165.0000
24.6492	1140.0000
24.6697	1174.0000
24.6902	1192.0000
24.7107	1210.0000
24.7311	1270.0000
24.7516	1162.0000
24.7721	1192.0000
24.7926	1175.0000
24.8131	1098.0000
24.8335	1080.0000
24.8540	1092.0000
24.8745	1039.0000
24.8950	1003.0000
24.9155	1047.0000
24.9359	991.0000
24.9564	983.0000
24.9769	932.0000
24.9974	951.0000
25.0179	977.0000
25.0383	1000.0000
25.0588	993.0000
25.0793	916.0000
25.0998	969.0000
25.1203	968.0000
25.1408	956.0000
25.1612	1068.0000
25.1817	993.0000
25.2022	936.0000
25.2227	994.0000
25.2432	946.0000
25.2636	974.0000
25.2841	1013.0000
25.3046	1039.0000
25.3251	1046.0000
25.3456	984.0000
25.3660	997.0000
25.3865	1012.0000
25.4070	1059.0000
25.4275	961.0000
25.4480	1041.0000
25.4684	1074.0000
25.4889	1070.0000
25.5094	1070.0000
25.5299	1078.0000
25.5504	1079.0000
25.5708	1071.0000
25.5913	1132.0000
25.6118	1058.0000
25.6323	997.0000
25.6528	969.0000
25.6732	1074.0000
25.6937	986.0000
25.7142	1001.0000
25.7347	1047.0000
25.7552	992.0000
25.7757	994.0000
25.7961	955.0000
25.8166	994.0000
25.8371	917.0000
25.8576	949.0000
25.8781	1005.0000
25.8985	911.0000
25.9190	954.0000
25.9395	960.0000
25.9600	995.0000
25.9805	1033.0000
26.0009	901.0000
26.0214	973.0000
26.0419	1007.0000
26.0624	992.0000
26.0829	911.0000
26.1033	948.0000
26.1238	998.0000
26.1443	891.0000
26.1648	931.0000
26.1853	921.0000
26.2057	977.0000
26.2262	917.0000
26.2467	925.0000
26.2672	904.0000
26.2877	842.0000
26.3082	935.0000
26.3286	934.0000
26.3491	937.0000
26.3696	939.0000
26.3901	861.0000
26.4106	922.0000
26.4310	935.0000
26.4515	885.0000
26.4720	921.0000
26.4925	889.0000
26.5130	901.0000
26.5334	856.0000
26.5539	885.0000
26.5744	950.0000
26.5949	868.0000
26.6154	919.0000
26.6358	949.0000
26.6563	937.0000
26.6768	920.0000
26.6973	869.0000
26.7178	870.0000
26.7382	931.0000
26.7587	922.0000
26.7792	916.0000
26.7997	944.0000
26.8202	912.0000
26.8406	936.0000
26.8611	916.0000
26.8816	927.0000
26.9021	912.0000
26.9226	900.0000
26.9431	918.0000
26.9635	906.0000
26.9840	861.0000
27.0045	870.0000
27.0250	858.0000
27.0455	860.0000
27.0659	860.0000
27.0864	903.0000
27.1069	929.0000
27.1274	913.0000
27.1479	919.0000
27.1683	886.0000
27.1888	858.0000
27.2093	825.0000
27.2298	912.0000
27.2503	920.0000
27.2707	910.0000
27.2912	868.0000
27.3117	891.0000
27.3322	858.0000
27.3527	873.0000
27.3731	889.0000
27.3936	875.0000
27.4141	913.0000
27.4346	869.0000
27.4551	865.0000
27.4755	900.0000
27.4960	914.0000
27.5165	909.0000
27.5370	826.0000
27.5575	860.0000
27.5780	895.0000
27.5984	894.0000
27.6189	910.0000
27.6394	912.0000
27.6599	885.0000
27.6804	890.0000
27.7008	868.0000
27.7213	845.0000
27.7418	896.0000
27.7623	917.0000
27.7828	863.0000
27.8032	944.0000
27.8237	880.0000
27.8442	784.0000
27.8647	871.0000
27.8852	849.0000
27.9056	806.0000
27.9261	877.0000
27.9466	848.0000
27.9671	896.0000
27.9876	894.0000
28.0080	863.0000
28.0285	889.0000
28.0490	869.0000
28.0695	879.0000
28.0900	863.0000
28.1105	865.0000
28.1309	921.0000
28.1514	876.0000
28.1719	879.0000
28.1924	954.0000
28.2129	887.0000
28.2333	881.0000
28.2538	864.0000
28.2743	876.0000
28.2948	914.0000
28.3153	850.0000
28.3357	874.0000
28.3562	888.0000
28.3767	893.0000
28.3972	896.0000
28.4177	895.0000
28.4381	894.0000
28.4586	901.0000
28.4791	964.0000
28.4996	826.0000
28.5201	935.0000
28.5405	833.0000
28.5610	886.0000
28.5815	858.0000
28.6020	903.0000
28.6225	882.0000
28.6429	957.0000
28.6634	879.0000
28.6839	886.0000
28.7044	900.0000
28.7249	928.0000
28.7454	882.0000
28.7658	856.0000
28.7863	882.0000
28.8068	903.0000
28.8273	865.0000
28.8478	867.0000
28.8682	871.0000
28.8887	818.0000
28.9092	853.0000
28.9297	851.0000
28.9502	855.0000
28.9706	861.0000
28.9911	859.0000
29.0116	910.0000
29.0321	842.0000
29.0526	902.0000
29.0730	848.0000
29.0935	859.0000
29.1140	866.0000
29.1345	922.0000
29.1550	859.0000
29.1754	864.0000
29.1959	868.0000
29.2164	893.0000
29.2369	851.0000
29.2574	848.0000
29.2779	847.0000
29.2983	885.0000
29.3188	919.0000
29.3393	904.0000
29.3598	904.0000
29.3803	903.0000
29.4007	893.0000
29.4212	890.0000
29.4417	890.0000
29.4622	892.0000
29.4827	894.0000
29.5031	921.0000
29.5236	887.0000
29.5441	968.0000
29.5646	938.0000
29.5851	854.0000
29.6055	958.0000
29.6260	950.0000
29.6465	916.0000
29.6670	886.0000
29.6875	943.0000
29.7079	967.0000
29.7284	938.0000
29.7489	1008.0000
29.7694	947.0000
29.7899	1044.0000
29.8103	1026.0000
29.8308	1063.0000
29.8513	1031.0000
29.8718	977.0000
29.8923	1006.0000
29.9128	1002.0000
29.9332	979.0000
29.9537	950.0000
29.9742	941.0000
29.9947	950.0000
30.0152	969.0000
30.0356	918.0000
30.0561	915.0000
30.0766	963.0000
30.0971	979.0000
30.1176	999.0000
30.1380	1015.0000
30.1585	949.0000
30.1790	917.0000
30.1995	1014.0000
30.2200	1036.0000
30.2404	1051.0000
30.2609	1129.0000
30.2814	1150.0000
30.3019	1153.0000
30.3224	1238.0000
30.3428	1264.0000
30.3633	1372.0000
30.3838	1341.0000
30.4043	1479.0000
30.4248	1661.0000
30.4452	1808.0000
30.4657	1959.0000
30.4862	2098.0000
30.5067	2350.0000
30.5272	2416.0000
30.5477	2747.0000
30.5681	2943.0000
30.5886	3062.0000
30.6091	3131.0000
30.6296	3243.0000
30.6501	3244.0000
30.6705	3131.0000
30.6910	2984.0000
30.7115	2841.0000
30.7320	2549.0000
30.7525	2367.0000
30.7729	2150.0000
30.7934	1892.0000
30.8139	1796.0000
30.8344	1624.0000
30.8549	1536.0000
30.8753	1382.0000
30.8958	1382.0000
30.9163	1290.0000
30.9368	1213.0000
30.9573	1163.0000
30.9777	1112.0000
30.9982	1099.0000
31.0187	1023.0000
31.0392	1058.0000
31.0597	1084.0000
31.0802	991.0000
31.1006	1017.0000
31.1211	1067.0000
31.1416	1056.0000
31.1621	1008.0000
31.1826	996.0000
31.2030	991.0000
31.2235	944.0000
31.2440	957.0000
31.2645	992.0000
31.2850	955.0000
31.3054	960.0000
31.3259	963.0000
31.3464	986.0000
31.3669	964.0000
31.3874	936.0000
31.4078	989.0000
31.4283	1010.0000
31.4488	987.0000
31.4693	985.0000
31.4898	976.0000
31.5102	996.0000
31.5307	996.0000
31.5512	1024.0000
31.5717	968.0000
31.5922	974.0000
31.6126	1080.0000
31.6331	1110.0000
31.6536	1034.0000
31.6741	1100.0000
31.6946	1135.0000
31.7151	1171.0000
31.7355	1186.0000
31.7560	1239.0000
31.7765	1382.0000
31.7970	1402.0000
31.8175	1514.0000
31.8379	1591.0000
31.8584	1801.0000
31.8789	2021.0000
31.8994	2324.0000
31.9199	2524.0000
31.9403	2860.0000
31.9608	2998.0000
31.9813	3248.0000
32.0018	3443.0000
32.0223	3480.0000
32.0427	3204.0000
32.0632	3122.0000
32.0837	2897.0000
32.1042	2655.0000
32.1247	2380.0000
32.1451	2091.0000
32.1656	1932.0000
32.1861	1631.0000
32.2066	1490.0000
32.2271	1410.0000
32.2475	1363.0000
32.2680	1285.0000
32.2885	1142.0000
32.3090	1151.0000
32.3295	1035.0000
32.3500	1052.0000
32.3704	1052.0000
32.3909	1028.0000
32.4114	1002.0000
32.4319	972.0000
32.4524	918.0000
32.4728	945.0000
32.4933	968.0000
32.5138	910.0000
32.5343	915.0000
32.5548	926.0000
32.5752	905.0000
32.5957	900.0000
32.6162	867.0000
32.6367	874.0000
32.6572	891.0000
32.6776	922.0000
32.6981	973.0000
32.7186	865.0000
32.7391	938.0000
32.7596	892.0000
32.7800	882.0000
32.8005	887.0000
32.8210	889.0000
32.8415	860.0000
32.8620	890.0000
32.8825	862.0000
32.9029	925.0000
32.9234	857.0000
32.9439	900.0000
32.9644	876.0000
32.9849	852.0000
33.0053	856.0000
33.0258	886.0000
33.0463	876.0000
33.0668	901.0000
33.0873	870.0000
33.1077	867.0000
33.1282	825.0000
33.1487	859.0000
33.1692	832.0000
33.1897	876.0000
33.2101	832.0000
33.2306	816.0000
33.2511	849.0000
33.2716	868.0000
33.2921	907.0000
33.3125	843.0000
33.3330	883.0000
33.3535	863.0000
33.3740	845.0000
33.3945	842.0000
33.4149	825.0000
33.4354	916.0000
33.4559	882.0000
33.4764	839.0000
33.4969	884.0000
33.5174	883.0000
33.5378	872.0000
33.5583	879.0000
33.5788	838.0000
33.5993	819.0000
33.6198	830.0000
33.6402	865.0000
33.6607	848.0000
33.6812	838.0000
33.7017	882.0000
33.7222	817.0000
33.7426	851.0000
33.7631	786.0000
33.7836	837.0000
33.8041	843.0000
33.8246	816.0000
33.8450	856.0000
33.8655	858.0000
33.8860	796.0000
33.9065	772.0000
33.9270	794.0000
33.9474	792.0000
33.9679	809.0000
33.9884	805.0000
34.0089	784.0000
34.0294	879.0000
34.0499	815.0000
34.0703	797.0000
34.0908	920.0000
34.1113	862.0000
34.1318	821.0000
34.1523	792.0000
34.1727	822.0000
34.1932	771.0000
34.2137	815.0000
34.2342	838.0000
34.2547	822.0000
34.2751	832.0000
34.2956	815.0000
34.3161	830.0000
34.3366	774.0000
34.3571	856.0000
34.3775	820.0000
34.3980	858.0000
34.4185	773.0000
34.4390	846.0000
34.4595	787.0000
34.4799	897.0000
34.5004	809.0000
34.5209	853.0000
34.5414	849.0000
34.5619	851.0000
34.5823	852.0000
34.6028	775.0000
34.6233	811.0000
34.6438	782.0000
34.6643	862.0000
34.6848	819.0000
34.7052	847.0000
34.7257	809.0000
34.7462	846.0000
34.7667	892.0000
34.7872	909.0000
34.8076	909.0000
34.8281	892.0000
34.8486	874.0000
34.8691	965.0000
34.8896	921.0000
34.9100	892.0000
34.9305	868.0000
34.9510	838.0000
34.9715	895.0000
34.9920	878.0000
35.0124	891.0000
35.0329	829.0000
35.0534	856.0000
35.0739	846.0000
35.0944	854.0000
35.1148	840.0000
35.1353	786.0000
35.1558	896.0000
35.1763	842.0000
35.1968	856.0000
35.2172	851.0000
35.2377	837.0000
35.2582	879.0000
35.2787	860.0000
35.2992	855.0000
35.3197	839.0000
35.3401	833.0000
35.3606	855.0000
35.3811	829.0000
35.4016	812.0000
35.4221	763.0000
35.4425	806.0000
35.4630	793.0000
35.4835	870.0000
35.5040	830.0000
35.5245	798.0000
35.5449	856.0000
35.5654	801.0000
35.5859	839.0000
35.6064	814.0000
35.6269	827.0000
35.6473	838.0000
35.6678	837.0000
35.6883	787.0000
35.7088	826.0000
35.7293	847.0000
35.7497	842.0000
35.7702	839.0000
35.7907	804.0000
35.8112	817.0000
35.8317	808.0000
35.8522	848.0000
35.8726	856.0000
35.8931	877.0000
35.9136	854.0000
35.9341	894.0000
35.9546	828.0000
35.9750	876.0000
35.9955	831.0000
36.0160	885.0000
36.0365	826.0000
36.0570	863.0000
36.0774	881.0000
36.0979	816.0000
36.1184	846.0000
36.1389	803.0000
36.1594	783.0000
36.1798	819.0000
36.2003	803.0000
36.2208	810.0000
36.2413	837.0000
36.2618	818.0000
36.2822	843.0000
36.3027	785.0000
36.3232	784.0000
36.3437	783.0000
36.3642	806.0000
36.3846	858.0000
36.4051	834.0000
36.4256	791.0000
36.4461	813.0000
36.4666	742.0000
36.4871	788.0000
36.5075	787.0000
36.5280	825.0000
36.5485	822.0000
36.5690	808.0000
36.5895	793.0000
36.6099	799.0000
36.6304	829.0000
36.6509	838.0000
36.6714	778.0000
36.6919	794.0000
36.7123	815.0000
36.7328	796.0000
36.7533	817.0000
36.7738	804.0000
36.7943	797.0000
36.8147	786.0000
36.8352	869.0000
36.8557	810.0000
36.8762	799.0000
36.8967	781.0000
36.9171	770.0000
36.9376	812.0000
36.9581	806.0000
36.9786	797.0000
36.9991	780.0000
37.0195	796.0000
37.0400	764.0000
37.0605	760.0000
37.0810	736.0000
37.1015	783.0000
37.1220	818.0000
37.1424	791.0000
37.1629	814.0000
37.1834	806.0000
37.2039	796.0000
37.2244	799.0000
37.2448	825.0000
37.2653	799.0000
37.2858	815.0000
37.3063	737.0000
37.3268	773.0000
37.3472	762.0000
37.3677	788.0000
37.3882	794.0000
37.4087	815.0000
37.4292	777.0000
37.4496	872.0000
37.4701	809.0000
37.4906	810.0000
37.5111	790.0000
37.5316	797.0000
37.5520	767.0000
37.5725	783.0000
37.5930	824.0000
37.6135	730.0000
37.6340	810.0000
37.6545	833.0000
37.6749	806.0000
37.6954	770.0000
37.7159	792.0000
37.7364	833.0000
37.7569	818.0000
37.7773	778.0000
37.7978	832.0000
37.8183	817.0000
37.8388	801.0000
37.8593	837.0000
37.8797	796.0000
37.9002	808.0000
37.9207	784.0000
37.9412	791.0000
37.9617	804.0000
37.9821	772.0000
38.0026	797.0000
38.0231	791.0000
38.0436	819.0000
38.0641	857.0000
38.0845	838.0000
38.1050	801.0000
38.1255	806.0000
38.1460	899.0000
38.1665	828.0000
38.1869	807.0000
38.2074	866.0000
38.2279	906.0000
38.2484	876.0000
38.2689	877.0000
38.2894	896.0000
38.3098	905.0000
38.3303	931.0000
38.3508	902.0000
38.3713	902.0000
38.3918	1001.0000
38.4122	955.0000
38.4327	1018.0000
38.4532	1052.0000
38.4737	1162.0000
38.4942	1157.0000
38.5146	1159.0000
38.5351	1227.0000
38.5556	1308.0000
38.5761	1394.0000
38.5966	1412.0000
38.6170	1434.0000
38.6375	1449.0000
38.6580	1454.0000
38.6785	1392.0000
38.6990	1318.0000
38.7194	1350.0000
38.7399	1240.0000
38.7604	1185.0000
38.7809	1143.0000
38.8014	1091.0000
38.8219	1056.0000
38.8423	963.0000
38.8628	979.0000
38.8833	936.0000
38.9038	860.0000
38.9243	853.0000
38.9447	842.0000
38.9652	878.0000
38.9857	847.0000
39.0062	874.0000
39.0267	851.0000
39.0471	844.0000
39.0676	826.0000
39.0881	888.0000
39.1086	839.0000
39.1291	887.0000
39.1495	825.0000
39.1700	827.0000
39.1905	762.0000
39.2110	787.0000
39.2315	817.0000
39.2519	783.0000
39.2724	830.0000
39.2929	794.0000
39.3134	837.0000
39.3339	709.0000
39.3543	839.0000
39.3748	753.0000
39.3953	805.0000
39.4158	760.0000
39.4363	807.0000
39.4568	834.0000
39.4772	816.0000
39.4977	806.0000
39.5182	722.0000
39.5387	793.0000
39.5592	770.0000
39.5796	807.0000
39.6001	774.0000
39.6206	768.0000
39.6411	761.0000
39.6616	788.0000
39.6820	766.0000
39.7025	743.0000
39.7230	813.0000
39.7435	742.0000
39.7640	788.0000
39.7844	784.0000
39.8049	775.0000
39.8254	772.0000
39.8459	809.0000
39.8664	809.0000
39.8868	803.0000
39.9073	813.0000
39.9278	776.0000
39.9483	724.0000
39.9688	774.0000
39.9892	764.0000
40.0097	834.0000
40.0302	762.0000
40.0507	771.0000
40.0712	797.0000
40.0917	777.0000
40.1121	759.0000
40.1326	791.0000
40.1531	768.0000
40.1736	802.0000
40.1941	802.0000
40.2145	779.0000
40.2350	799.0000
40.2555	741.0000
40.2760	799.0000
40.2965	742.0000
40.3169	794.0000
40.3374	780.0000
40.3579	806.0000
40.3784	784.0000
40.3989	779.0000
40.4193	781.0000
40.4398	802.0000
40.4603	799.0000
40.4808	807.0000
40.5013	811.0000
40.5217	803.0000
40.5422	808.0000
40.5627	735.0000
40.5832	791.0000
40.6037	761.0000
40.6242	826.0000
40.6446	777.0000
40.6651	776.0000
40.6856	804.0000
40.7061	803.0000
40.7266	819.0000
40.7470	755.0000
40.7675	785.0000
40.7880	792.0000
40.8085	817.0000
40.8290	759.0000
40.8494	807.0000
40.8699	833.0000
40.8904	751.0000
40.9109	841.0000
40.9314	798.0000
40.9518	855.0000
40.9723	831.0000
40.9928	772.0000
41.0133	860.0000
41.0338	898.0000
41.0542	880.0000
41.0747	842.0000
41.0952	866.0000
41.1157	843.0000
41.1362	961.0000
41.1566	965.0000
41.1771	1025.0000
41.1976	1119.0000
41.2181	1026.0000
41.2386	1191.0000
41.2591	1125.0000
41.2795	1181.0000
41.3000	1210.0000
41.3205	1248.0000
41.3410	1274.0000
41.3615	1212.0000
41.3819	1163.0000
41.4024	1206.0000
41.4229	1102.0000
41.4434	1104.0000
41.4639	1015.0000
41.4843	968.0000
41.5048	1004.0000
41.5253	892.0000
41.5458	871.0000
41.5663	943.0000
41.5867	913.0000
41.6072	889.0000
41.6277	816.0000
41.6482	843.0000
41.6687	857.0000
41.6891	830.0000
41.7096	828.0000
41.7301	789.0000
41.7506	810.0000
41.7711	840.0000
41.7915	816.0000
41.8120	831.0000
41.8325	818.0000
41.8530	714.0000
41.8735	782.0000
41.8940	832.0000
41.9144	838.0000
41.9349	819.0000
41.9554	808.0000
41.9759	818.0000
41.9964	828.0000
42.0168	817.0000
42.0373	864.0000
42.0578	835.0000
42.0783	834.0000
42.0988	849.0000
42.1192	859.0000
42.1397	877.0000
42.1602	890.0000
42.1807	874.0000
42.2012	822.0000
42.2216	875.0000
42.2421	930.0000
42.2626	907.0000
42.2831	885.0000
42.3036	896.0000
42.3240	959.0000
42.3445	903.0000
42.3650	942.0000
42.3855	924.0000
42.4060	875.0000
42.4265	895.0000
42.4469	880.0000
42.4674	890.0000
42.4879	844.0000
42.5084	911.0000
42.5289	829.0000
42.5493	893.0000
42.5698	915.0000
42.5903	875.0000
42.6108	889.0000
42.6313	827.0000
42.6517	802.0000
42.6722	825.0000
42.6927	882.0000
42.7132	868.0000
42.7337	838.0000
42.7541	816.0000
42.7746	824.0000
42.7951	789.0000
42.8156	816.0000
42.8361	824.0000
42.8565	848.0000
42.8770	841.0000
42.8975	893.0000
42.9180	835.0000
42.9385	845.0000
42.9589	871.0000
42.9794	839.0000
42.9999	846.0000
43.0204	831.0000
43.0409	812.0000
43.0614	909.0000
43.0818	878.0000
43.1023	794.0000
43.1228	932.0000
43.1433	903.0000
43.1638	871.0000
43.1842	867.0000
43.2047	921.0000
43.2252	896.0000
43.2457	865.0000
43.2662	862.0000
43.2866	865.0000
43.3071	876.0000
43.3276	910.0000
43.3481	911.0000
43.3686	957.0000
43.3890	1004.0000
43.4095	951.0000
43.4300	966.0000
43.4505	1046.0000
43.4710	1036.0000
43.4914	1063.0000
43.5119	1040.0000
43.5324	1085.0000
43.5529	1106.0000
43.5734	1204.0000
43.5939	1184.0000
43.6143	1178.0000
43.6348	1283.0000
43.6553	1294.0000
43.6758	1310.0000
43.6963	1401.0000
43.7167	1457.0000
43.7372	1611.0000
43.7577	1690.0000
43.7782	1893.0000
43.7987	1970.0000
43.8191	2089.0000
43.8396	2207.0000
43.8601	2378.0000
43.8806	2490.0000
43.9011	2456.0000
43.9215	2390.0000
43.9420	2441.0000
43.9625	2463.0000
43.9830	2269.0000
44.0035	2296.0000
44.0239	2237.0000
44.0444	2106.0000
44.0649	1927.0000
44.0854	1884.0000
44.1059	1805.0000
44.1263	1707.0000
44.1468	1583.0000
44.1673	1520.0000
44.1878	1453.0000
44.2083	1298.0000
44.2288	1333.0000
44.2492	1225.0000
44.2697	1211.0000
44.2902	1175.0000
44.3107	1161.0000
44.3312	1111.0000
44.3516	1086.0000
44.3721	1051.0000
44.3926	1091.0000
44.4131	1128.0000
44.4336	1110.0000
44.4540	1054.0000
44.4745	1095.0000
44.4950	1082.0000
44.5155	1076.0000
44.5360	1084.0000
44.5564	1141.0000
44.5769	1167.0000
44.5974	1176.0000
44.6179	1251.0000
44.6384	1244.0000
44.6588	1328.0000
44.6793	1359.0000
44.6998	1448.0000
44.7203	1542.0000
44.7408	1785.0000
44.7612	1780.0000
44.7817	2019.0000
44.8022	2337.0000
44.8227	2433.0000
44.8432	2547.0000
44.8637	2738.0000
44.8841	2850.0000
44.9046	2851.0000
44.9251	2909.0000
44.9456	2870.0000
44.9661	2738.0000
44.9865	2586.0000
45.0070	2441.0000
45.0275	2214.0000
45.0480	2002.0000
45.0685	1819.0000
45.0889	1657.0000
45.1094	1611.0000
45.1299	1481.0000
45.1504	1405.0000
45.1709	1263.0000
45.1913	1227.0000
45.2118	1113.0000
45.2323	1064.0000
45.2528	1016.0000
45.2733	1072.0000
45.2937	1028.0000
45.3142	965.0000
45.3347	945.0000
45.3552	1003.0000
45.3757	892.0000
45.3962	938.0000
45.4166	1022.0000
45.4371	1011.0000
45.4576	1079.0000
45.4781	1045.0000
45.4986	1143.0000
45.5190	1094.0000
45.5395	1147.0000
45.5600	1172.0000
45.5805	1278.0000
45.6010	1290.0000
45.6214	1340.0000
45.6419	1472.0000
45.6624	1739.0000
45.6829	1937.0000
45.7034	2428.0000
45.7238	3359.0000
45.7443	4550.0000
45.7648	6418.0000
45.7853	8790.0000
45.8058	10979.0000
45.8262	12413.0000
45.8467	12985.0000
45.8672	12103.0000
45.8877	10917.0000
45.9082	9940.0000
45.9286	8812.0000
45.9491	8056.0000
45.9696	7192.0000
45.9901	6255.0000
46.0106	5026.0000
46.0311	3652.0000
46.0515	2677.0000
46.0720	1985.0000
46.0925	1518.0000
46.1130	1289.0000
46.1335	1203.0000
46.1539	1135.0000
46.1744	1092.0000
46.1949	1003.0000
46.2154	918.0000
46.2359	908.0000
46.2563	879.0000
46.2768	935.0000
46.2973	898.0000
46.3178	800.0000
46.3383	833.0000
46.3587	791.0000
46.3792	859.0000
46.3997	808.0000
46.4202	822.0000
46.4407	856.0000
46.4611	818.0000
46.4816	866.0000
46.5021	800.0000
46.5226	806.0000
46.5431	847.0000
46.5635	843.0000
46.5840	849.0000
46.6045	825.0000
46.6250	843.0000
46.6455	831.0000
46.6660	783.0000
46.6864	776.0000
46.7069	856.0000
46.7274	848.0000
46.7479	788.0000
46.7684	776.0000
46.7888	801.0000
46.8093	847.0000
46.8298	801.0000
46.8503	794.0000
46.8708	805.0000
46.8912	810.0000
46.9117	784.0000
46.9322	753.0000
46.9527	778.0000
46.9732	793.0000
46.9936	771.0000
47.0141	767.0000
47.0346	818.0000
47.0551	828.0000
47.0756	842.0000
47.0960	831.0000
47.1165	740.0000
47.1370	745.0000
47.1575	722.0000
47.1780	742.0000
47.1985	730.0000
47.2189	808.0000
47.2394	752.0000
47.2599	709.0000
47.2804	815.0000
47.3009	811.0000
47.3213	785.0000
47.3418	821.0000
47.3623	795.0000
47.3828	777.0000
47.4033	792.0000
47.4237	825.0000
47.4442	817.0000
47.4647	740.0000
47.4852	811.0000
47.5057	751.0000
47.5261	798.0000
47.5466	778.0000
47.5671	755.0000
47.5876	750.0000
47.6081	804.0000
47.6285	772.0000
47.6490	822.0000
47.6695	753.0000
47.6900	747.0000
47.7105	725.0000
47.7309	738.0000
47.7514	772.0000
47.7719	782.0000
47.7924	771.0000
47.8129	782.0000
47.8334	727.0000
47.8538	736.0000
47.8743	773.0000
47.8948	731.0000
47.9153	749.0000
47.9358	734.0000
47.9562	771.0000
47.9767	777.0000
47.9972	756.0000
48.0177	742.0000
48.0382	738.0000
48.0586	768.0000
48.0791	740.0000
48.0996	704.0000
48.1201	779.0000
48.1406	704.0000
48.1610	764.0000
48.1815	771.0000
48.2020	722.0000
48.2225	767.0000
48.2430	727.0000
48.2634	783.0000
48.2839	714.0000
48.3044	739.0000
48.3249	705.0000
48.3454	757.0000
48.3659	733.0000
48.3863	702.0000
48.4068	697.0000
48.4273	786.0000
48.4478	718.0000
48.4683	754.0000
48.4887	719.0000
48.5092	726.0000
48.5297	686.0000
48.5502	746.0000
48.5707	710.0000
48.5911	786.0000
48.6116	790.0000
48.6321	756.0000
48.6526	755.0000
48.6731	753.0000
48.6935	763.0000
48.7140	727.0000
48.7345	711.0000
48.7550	754.0000
48.7755	710.0000
48.7959	741.0000
48.8164	757.0000
48.8369	710.0000
48.8574	770.0000
48.8779	751.0000
48.8983	729.0000
48.9188	720.0000
48.9393	770.0000
48.9598	797.0000
48.9803	768.0000
49.0008	824.0000
49.0212	804.0000
49.0417	823.0000
49.0622	845.0000
49.0827	775.0000
49.1032	833.0000
49.1236	853.0000
49.1441	846.0000
49.1646	842.0000
49.1851	837.0000
49.2056	827.0000
49.2260	798.0000
49.2465	838.0000
49.2670	795.0000
49.2875	806.0000
49.3080	805.0000
49.3284	796.0000
49.3489	818.0000
49.3694	772.0000
49.3899	831.0000
49.4104	739.0000
49.4308	817.0000
49.4513	803.0000
49.4718	792.0000
49.4923	741.0000
49.5128	751.0000
49.5332	821.0000
49.5537	808.0000
49.5742	839.0000
49.5947	725.0000
49.6152	807.0000
49.6357	783.0000
49.6561	800.0000
49.6766	778.0000
49.6971	710.0000
49.7176	804.0000
49.7381	803.0000
49.7585	800.0000
49.7790	802.0000
49.7995	815.0000
49.8200	740.0000
49.8405	816.0000
49.8609	845.0000
49.8814	841.0000
49.9019	895.0000
49.9224	806.0000
49.9429	895.0000
49.9633	840.0000
49.9838	910.0000
