20.0001	924.0000
20.0206	896.0000
20.0411	943.0000
20.0615	896.0000
20.0820	928.0000
20.1025	922.0000
20.1230	893.0000
20.1435	893.0000
20.1639	920.0000
20.1844	901.0000
20.2049	943.0000
20.2254	914.0000
20.2459	926.0000
20.2663	915.0000
20.2868	883.0000
20.3073	918.0000
20.3278	917.0000
20.3483	948.0000
20.3688	994.0000
20.3892	946.0000
20.4097	887.0000
20.4302	966.0000
20.4507	968.0000
20.4712	935.0000
20.4916	944.0000
20.5121	901.0000
20.5326	928.0000
20.5531	944.0000
20.5736	916.0000
20.5940	948.0000
20.6145	965.0000
20.6350	971.0000
20.6555	927.0000
20.6760	897.0000
20.6964	910.0000
20.7169	963.0000
20.7374	986.0000
20.7579	972.0000
20.7784	934.0000
20.7988	932.0000
20.8193	920.0000
20.8398	986.0000
20.8603	946.0000
20.8808	932.0000
20.9012	951.0000
20.9217	887.0000
20.9422	968.0000
20.9627	939.0000
20.9832	900.0000
21.0037	924.0000
21.0241	917.0000
21.0446	872.0000
21.0651	958.0000
21.0856	958.0000
21.1061	958.0000
21.1265	977.0000
21.1470	907.0000
21.1675	944.0000
21.1880	916.0000
21.2085	943.0000
21.2289	968.0000
21.2494	949.0000
21.2699	958.0000
21.2904	962.0000
21.3109	932.0000
21.3313	987.0000
21.3518	998.0000
21.3723	1026.0000
21.3928	978.0000
21.4133	971.0000
21.4337	941.0000
21.4542	963.0000
21.4747	958.0000
21.4952	981.0000
21.5157	965.0000
21.5362	950.0000
21.5566	968.0000
21.5771	985.0000
21.5976	988.0000
21.6181	981.0000
21.6386	950.0000
21.6590	971.0000
21.6795	988.0000
21.7000	985.0000
21.7205	935.0000
21.7410	946.0000
21.7614	1001.0000
21.7819	988.0000
21.8024	1009.0000
21.8229	1018.0000
21.8434	1024.0000
21.8638	979.0000
21.8843	1014.0000
21.9048	981.0000
21.9253	976.0000
21.9458	953.0000
21.9662	944.0000
21.9867	926.0000
22.0072	996.0000
22.0277	923.0000
22.0482	993.0000
22.0686	960.0000
22.0891	922.0000
22.1096	1004.0000
22.1301	946.0000
22.1506	1038.0000
22.1711	945.0000
22.1915	901.0000
22.2120	1002.0000
22.2325	1015.0000
22.2530	981.0000
22.2735	969.0000
22.2939	1022.0000
22.3144	934.0000
22.3349	956.0000
22.3554	992.0000
22.3759	1043.0000
22.3963	997.0000
22.4168	1015.0000
22.4373	969.0000
22.4578	991.0000
22.4783	950.0000
22.4987	992.0000
22.5192	980.0000
22.5397	940.0000
22.5602	976.0000
22.5807	985.0000
22.6011	936.0000
22.6216	1014.0000
22.6421	961.0000
22.6626	984.0000
22.6831	987.0000
22.7035	1033.0000
22.7240	972.0000
22.7445	1040.0000
22.7650	996.0000
22.7855	975.0000
22.8060	1045.0000
22.8264	965.0000
22.8469	950.0000
22.8674	900.0000
22.8879	1004.0000
22.9084	931.0000
22.9288	962.0000
22.9493	993.0000
22.9698	933.0000
22.9903	990.0000
23.0108	949.0000
23.0312	980.0000
23.0517	1013.0000
23.0722	929.0000
23.0927	960.0000
23.1132	994.0000
23.1336	953.0000
23.1541	983.0000
23.1746	940.0000
23.1951	959.0000
23.2156	997.0000
23.2360	958.0000
23.2565	936.0000
23.2770	982.0000
23.2975	1020.0000
23.3180	974.0000
23.3385	974.0000
23.3589	942.0000
23.3794	976.0000
23.3999	1014.0000
23.4204	997.0000
23.4409	986.0000
23.4613	980.0000
23.4818	942.0000
23.5023	991.0000
23.5228	982.0000
23.5433	1037.0000
23.5637	975.0000
23.5842	984.0000
23.6047	958.0000
23.6252	958.0000
23.6457	977.0000
23.6661	988.0000
23.6866	1017.0000
23.7071	959.0000
23.7276	1007.0000
23.7481	1011.0000
23.7685	1021.0000
23.7890	997.0000
23.8095	1016.0000
23.8300	963.0000
23.8505	946.0000
23.8709	1040.0000
23.8914	965.0000
23.9119	973.0000
23.9324	957.0000
23.9529	957.0000
23.9734	1005.0000
23.9938	982.0000
24.0143	988.0000
24.0348	969.0000
24.0553	992.0000
24.0758	992.0000
24.0962	937.0000
24.1167	1032.0000
24.1372	960.0000
24.1577	984.0000
24.1782	935.0000
24.1986	973.0000
24.2191	978.0000
24.2396	991.0000
24.2601	1049.0000
24.2806	1021.0000
24.3010	1017.0000
24.3215	1021.0000
24.3420	1036.0000
24.3625	987.0000
24.3830	991.0000
24.4034	1083.0000
24.4239	1115.0000
24.4444	1090.0000
24.4649	1063.0000
24.4854	1138.0000
24.5059	1034.0000
24.5263	1078.0000
24.5468	1059.0000
24.5673	1107.0000
24.5878	1150.0000
24.6083	1174.0000
24.6287	1127.0000
24.6492	1102.0000
24.6697	1152.0000
24.6902	1141.0000
24.7107	1143.0000
24.7311	1189.0000
24.7516	1206.0000
24.7721	1223.0000
24.7926	1108.0000
24.8131	1121.0000
24.8335	1083.0000
24.8540	1017.0000
24.8745	1051.0000
24.8950	1056.0000
24.9155	985.0000
24.9359	997.0000
24.9564	1047.0000
24.9769	966.0000
24.9974	967.0000
25.0179	1028.0000
25.0383	1018.0000
25.0588	907.0000
25.0793	895.0000
25.0998	967.0000
25.1203	1022.0000
25.1408	976.0000
25.1612	970.0000
25.1817	983.0000
25.2022	986.0000
25.2227	1037.0000
25.2432	1038.0000
25.2636	932.0000
25.2841	938.0000
25.3046	968.0000
25.3251	958.0000
25.3456	1018.0000
25.3660	980.0000
25.3865	1003.0000
25.4070	1049.0000
25.4275	1035.0000
25.4480	1115.0000
25.4684	1080.0000
25.4889	1036.0000
25.5094	1078.0000
25.5299	1084.0000
25.5504	1085.0000
25.5708	1086.0000
25.5913	1037.0000
25.6118	1024.0000
25.6323	1039.0000
25.6528	1057.0000
25.6732	984.0000
25.6937	1021.0000
25.7142	987.0000
25.7347	912.0000
25.7552	938.0000
25.7757	1035.0000
25.7961	999.0000
25.8166	964.0000
25.8371	992.0000
25.8576	965.0000
25.8781	947.0000
25.8985	903.0000
25.9190	919.0000
25.9395	915.0000
25.9600	967.0000
25.9805	941.0000
26.0009	925.0000
26.0214	968.0000
26.0419	975.0000
26.0624	956.0000
26.0829	976.0000
26.1033	993.0000
26.1238	881.0000
26.1443	930.0000
26.1648	951.0000
26.1853	960.0000
26.2057	888.0000
26.2262	920.0000
26.2467	959.0000
26.2672	938.0000
26.2877	948.0000
26.3082	888.0000
26.3286	963.0000
26.3491	974.0000
26.3696	873.0000
26.3901	899.0000
26.4106	978.0000
26.4310	946.0000
26.4515	904.0000
26.4720	883.0000
26.4925	919.0000
26.5130	926.0000
26.5334	873.0000
26.5539	864.0000
26.5744	844.0000
26.5949	915.0000
26.6154	914.0000
26.6358	967.0000
26.6563	895.0000
26.6768	832.0000
26.6973	932.0000
26.7178	909.0000
26.7382	923.0000
26.7587	851.0000
26.7792	929.0000
26.7997	908.0000
26.8202	830.0000
26.8406	958.0000
26.8611	877.0000
26.8816	898.0000
26.9021	885.0000
26.9226	888.0000
26.9431	850.0000
26.9635	884.0000
26.9840	838.0000
27.0045	940.0000
27.0250	842.0000
27.0455	891.0000
27.0659	851.0000
27.0864	885.0000
27.1069	892.0000
27.1274	844.0000
27.1479	872.0000
27.1683	924.0000
27.1888	886.0000
27.2093	928.0000
27.2298	876.0000
27.2503	817.0000
27.2707	901.0000
27.2912	942.0000
27.3117	862.0000
27.3322	879.0000
27.3527	897.0000
27.3731	900.0000
27.3936	884.0000
27.4141	885.0000
27.4346	898.0000
27.4551	907.0000
27.4755	837.0000
27.4960	880.0000
27.5165	898.0000
27.5370	897.0000
27.5575	861.0000
27.5780	828.0000
27.5984	906.0000
27.6189	879.0000
27.6394	931.0000
27.6599	873.0000
27.6804	799.0000
27.7008	889.0000
27.7213	872.0000
27.7418	873.0000
27.7623	808.0000
27.7828	944.0000
27.8032	851.0000
27.8237	901.0000
27.8442	873.0000
27.8647	871.0000
27.8852	842.0000
27.9056	873.0000
27.9261	823.0000
27.9466	850.0000
27.9671	917.0000
27.9876	884.0000
28.0080	874.0000
28.0285	884.0000
28.0490	903.0000
28.0695	904.0000
28.0900	922.0000
28.1105	825.0000
28.1309	896.0000
28.1514	886.0000
28.1719	856.0000
28.1924	892.0000
28.2129	857.0000
28.2333	861.0000
28.2538	904.0000
28.2743	855.0000
28.2948	893.0000
28.3153	892.0000
28.3357	951.0000
28.3562	891.0000
28.3767	898.0000
28.3972	876.0000
28.4177	897.0000
28.4381	879.0000
28.4586	897.0000
28.4791	908.0000
28.4996	892.0000
28.5201	942.0000
28.5405	867.0000
28.5610	929.0000
28.5815	855.0000
28.6020	928.0000
28.6225	877.0000
28.6429	921.0000
28.6634	946.0000
28.6839	891.0000
28.7044	857.0000
28.7249	870.0000
28.7454	907.0000
28.7658	885.0000
28.7863	865.0000
28.8068	895.0000
28.8273	906.0000
28.8478	862.0000
28.8682	890.0000
28.8887	848.0000
28.9092	926.0000
28.9297	854.0000
28.9502	825.0000
28.9706	852.0000
28.9911	859.0000
29.0116	881.0000
29.0321	874.0000
29.0526	861.0000
29.0730	841.0000
29.0935	918.0000
29.1140	889.0000
29.1345	844.0000
29.1550	915.0000
29.1754	844.0000
29.1959	874.0000
29.2164	840.0000
29.2369	868.0000
29.2574	894.0000
29.2779	934.0000
29.2983	877.0000
29.3188	915.0000
29.3393	868.0000
29.3598	872.0000
29.3803	906.0000
29.4007	915.0000
29.4212	890.0000
29.4417	912.0000
29.4622	892.0000
29.4827	902.0000
29.5031	926.0000
29.5236	893.0000
29.5441	925.0000
29.5646	912.0000
29.5851	935.0000
29.6055	966.0000
29.6260	946.0000
29.6465	880.0000
29.6670	911.0000
29.6875	907.0000
29.7079	936.0000
29.7284	992.0000
29.7489	957.0000
29.7694	1019.0000
29.7899	1014.0000
29.8103	1037.0000
29.8308	1041.0000
29.8513	937.0000
29.8718	972.0000
29.8923	1070.0000
29.9128	1011.0000
29.9332	995.0000
29.9537	990.0000
29.9742	959.0000
29.9947	977.0000
30.0152	923.0000
30.0356	983.0000
30.0561	974.0000
30.0766	959.0000
30.0971	982.0000
30.1176	1025.0000
30.1380	971.0000
30.1585	1048.0000
30.1790	983.0000
30.1995	1058.0000
30.2200	1028.0000
30.2404	1015.0000
30.2609	1104.0000
30.2814	1154.0000
30.3019	1179.0000
30.3224	1182.0000
30.3428	1251.0000
30.3633	1339.0000
30.3838	1383.0000
30.4043	1558.0000
30.4248	1560.0000
30.4452	1732.0000
30.4657	1889.0000
30.4862	2183.0000
30.5067	2240.0000
30.5272	2549.0000
30.5477	2732.0000
30.5681	2879.0000
30.5886	3025.0000
30.6091	3193.0000
30.6296	3247.0000
30.6501	3258.0000
30.6705	3183.0000
30.6910	3045.0000
30.7115	2828.0000
30.7320	2439.0000
30.7525	2379.0000
30.7729	2129.0000
30.7934	1949.0000
30.8139	1785.0000
30.8344	1664.0000
30.8549	1465.0000
30.8753	1466.0000
30.8958	1345.0000
30.9163	1264.0000
30.9368	1172.0000
30.9573	1160.0000
30.9777	1178.0000
30.9982	1074.0000
31.0187	1071.0000
31.0392	1019.0000
31.0597	1086.0000
31.0802	1021.0000
31.1006	996.0000
31.1211	1087.0000
31.1416	1071.0000
31.1621	1033.0000
31.1826	1027.0000
31.2030	970.0000
31.2235	965.0000
31.2440	1046.0000
31.2645	1008.0000
31.2850	945.0000
31.3054	934.0000
31.3259	944.0000
31.3464	1009.0000
31.3669	904.0000
31.3874	968.0000
31.4078	887.0000
31.4283	1001.0000
31.4488	996.0000
31.4693	940.0000
31.4898	1012.0000
31.5102	952.0000
31.5307	1018.0000
31.5512	960.0000
31.5717	1070.0000
31.5922	918.0000
31.6126	960.0000
31.6331	1019.0000
31.6536	1115.0000
31.6741	1026.0000
31.6946	1127.0000
31.7151	1150.0000
31.7355	1209.0000
31.7560	1284.0000
31.7765	1375.0000
31.7970	1454.0000
31.8175	1457.0000
31.8379	1644.0000
31.8584	1837.0000
31.8789	2049.0000
31.8994	2317.0000
31.9199	2651.0000
31.9403	2818.0000
31.9608	3176.0000
31.9813	3388.0000
32.0018	3347.0000
32.0223	3493.0000
32.0427	3328.0000
32.0632	3170.0000
32.0837	2989.0000
32.1042	2670.0000
32.1247	2422.0000
32.1451	2081.0000
32.1656	1918.0000
32.1861	1632.0000
32.2066	1545.0000
32.2271	1393.0000
32.2475	1341.0000
32.2680	1236.0000
32.2885	1156.0000
32.3090	1111.0000
32.3295	1107.0000
32.3500	1062.0000
32.3704	1046.0000
32.3909	1044.0000
32.4114	997.0000
32.4319	977.0000
32.4524	883.0000
32.4728	972.0000
32.4933	903.0000
32.5138	924.0000
32.5343	897.0000
32.5548	907.0000
32.5752	937.0000
32.5957	908.0000
32.6162	908.0000
32.6367	937.0000
32.6572	863.0000
32.6776	848.0000
32.6981	874.0000
32.7186	849.0000
32.7391	903.0000
32.7596	844.0000
32.7800	859.0000
32.8005	872.0000
32.8210	918.0000
32.8415	886.0000
32.8620	827.0000
32.8825	895.0000
32.9029	891.0000
32.9234	837.0000
32.9439	861.0000
32.9644	861.0000
32.9849	829.0000
33.0053	835.0000
33.0258	919.0000
33.0463	811.0000
33.0668	870.0000
33.0873	844.0000
33.1077	838.0000
33.1282	844.0000
33.1487	846.0000
33.1692	841.0000
33.1897	838.0000
33.2101	818.0000
33.2306	774.0000
33.2511	829.0000
33.2716	819.0000
33.2921	888.0000
33.3125	776.0000
33.3330	896.0000
33.3535	857.0000
33.3740	808.0000
33.3945	814.0000
33.4149	853.0000
33.4354	853.0000
33.4559	839.0000
33.4764	839.0000
33.4969	878.0000
33.5174	845.0000
33.5378	834.0000
33.5583	790.0000
33.5788	814.0000
33.5993	803.0000
33.6198	813.0000
33.6402	818.0000
33.6607	850.0000
33.6812	764.0000
33.7017	781.0000
33.7222	870.0000
33.7426	839.0000
33.7631	829.0000
33.7836	816.0000
33.8041	809.0000
33.8246	832.0000
33.8450	830.0000
33.8655	822.0000
33.8860	787.0000
33.9065	845.0000
33.9270	856.0000
33.9474	837.0000
33.9679	807.0000
33.9884	793.0000
34.0089	839.0000
34.0294	810.0000
34.0499	897.0000
34.0703	832.0000
34.0908	808.0000
34.1113	773.0000
34.1318	796.0000
34.1523	804.0000
34.1727	813.0000
34.1932	867.0000
34.2137	857.0000
34.2342	777.0000
34.2547	826.0000
34.2751	792.0000
34.2956	796.0000
34.3161	806.0000
34.3366	815.0000
34.3571	838.0000
34.3775	801.0000
34.3980	797.0000
34.4185	834.0000
34.4390	839.0000
34.4595	872.0000
34.4799	849.0000
34.5004	796.0000
34.5209	810.0000
34.5414	800.0000
34.5619	837.0000
34.5823	828.0000
34.6028	838.0000
34.6233	831.0000
34.6438	842.0000
34.6643	774.0000
34.6848	854.0000
34.7052	849.0000
34.7257	811.0000
34.7462	873.0000
34.7667	866.0000
34.7872	854.0000
34.8076	924.0000
34.8281	940.0000
34.8486	872.0000
34.8691	926.0000
34.8896	960.0000
34.9100	931.0000
34.9305	889.0000
34.9510	825.0000
34.9715	920.0000
34.9920	854.0000
35.0124	837.0000
35.0329	846.0000
35.0534	853.0000
35.0739	789.0000
35.0944	811.0000
35.1148	791.0000
35.1353	859.0000
35.1558	845.0000
35.1763	944.0000
35.1968	846.0000
35.2172	866.0000
35.2377	889.0000
35.2582	936.0000
35.2787	891.0000
35.2992	869.0000
35.3197	854.0000
35.3401	878.0000
35.3606	819.0000
35.3811	838.0000
35.4016	824.0000
35.4221	795.0000
35.4425	789.0000
35.4630	775.0000
35.4835	779.0000
35.5040	826.0000
35.5245	763.0000
35.5449	779.0000
35.5654	781.0000
35.5859	832.0000
35.6064	847.0000
35.6269	760.0000
35.6473	793.0000
35.6678	822.0000
35.6883	815.0000
35.7088	788.0000
35.7293	809.0000
35.7497	807.0000
35.7702	821.0000
35.7907	809.0000
35.8112	828.0000
35.8317	828.0000
35.8522	796.0000
35.8726	864.0000
35.8931	885.0000
35.9136	866.0000
35.9341	914.0000
35.9546	856.0000
35.9750	874.0000
35.9955	875.0000
36.0160	880.0000
36.0365	917.0000
36.0570	853.0000
36.0774	837.0000
36.0979	854.0000
36.1184	841.0000
36.1389	838.0000
36.1594	804.0000
36.1798	821.0000
36.2003	838.0000
36.2208	781.0000
36.2413	779.0000
36.2618	777.0000
36.2822	801.0000
36.3027	806.0000
36.3232	783.0000
36.3437	759.0000
36.3642	803.0000
36.3846	766.0000
36.4051	787.0000
36.4256	824.0000
36.4461	842.0000
36.4666	781.0000
36.4871	773.0000
36.5075	839.0000
36.5280	791.0000
36.5485	791.0000
36.5690	842.0000
36.5895	736.0000
36.6099	744.0000
36.6304	742.0000
36.6509	742.0000
36.6714	777.0000
36.6919	806.0000
36.7123	802.0000
36.7328	769.0000
36.7533	829.0000
36.7738	835.0000
36.7943	824.0000
36.8147	766.0000
36.8352	782.0000
36.8557	802.0000
36.8762	812.0000
36.8967	798.0000
36.9171	820.0000
36.9376	754.0000
36.9581	748.0000
36.9786	752.0000
36.9991	788.0000
37.0195	821.0000
37.0400	842.0000
37.0605	757.0000
37.0810	848.0000
37.1015	811.0000
37.1220	786.0000
37.1424	746.0000
37.1629	781.0000
37.1834	801.0000
37.2039	836.0000
37.2244	823.0000
37.2448	796.0000
37.2653	798.0000
37.2858	815.0000
37.3063	797.0000
37.3268	805.0000
37.3472	752.0000
37.3677	823.0000
37.3882	844.0000
37.4087	774.0000
37.4292	770.0000
37.4496	817.0000
37.4701	799.0000
37.4906	819.0000
37.5111	816.0000
37.5316	836.0000
37.5520	785.0000
37.5725	850.0000
37.5930	849.0000
37.6135	778.0000
37.6340	861.0000
37.6545	786.0000
37.6749	782.0000
37.6954	829.0000
37.7159	874.0000
37.7364	831.0000
37.7569	794.0000
37.7773	840.0000
37.7978	830.0000
37.8183	820.0000
37.8388	789.0000
37.8593	782.0000
37.8797	803.0000
37.9002	830.0000
37.9207	778.0000
37.9412	777.0000
37.9617	794.0000
37.9821	816.0000
38.0026	815.0000
38.0231	826.0000
38.0436	789.0000
38.0641	825.0000
38.0845	832.0000
38.1050	776.0000
38.1255	902.0000
38.1460	832.0000
38.1665	847.0000
38.1869	839.0000
38.2074	859.0000
38.2279	877.0000
38.2484	817.0000
38.2689	894.0000
38.2894	828.0000
38.3098	866.0000
38.3303	944.0000
38.3508	907.0000
38.3713	968.0000
38.3918	1014.0000
38.4122	932.0000
38.4327	981.0000
38.4532	1118.0000
38.4737	1101.0000
38.4942	1138.0000
38.5146	1199.0000
38.5351	1266.0000
38.5556	1373.0000
38.5761	1416.0000
38.5966	1387.0000
38.6170	1413.0000
38.6375	1499.0000
38.6580	1505.0000
38.6785	1488.0000
38.6990	1412.0000
38.7194	1325.0000
38.7399	1270.0000
38.7604	1251.0000
38.7809	1132.0000
38.8014	1051.0000
38.8219	1002.0000
38.8423	931.0000
38.8628	970.0000
38.8833	896.0000
38.9038	902.0000
38.9243	903.0000
38.9447	819.0000
38.9652	919.0000
38.9857	884.0000
39.0062	854.0000
39.0267	845.0000
39.0471	872.0000
39.0676	829.0000
39.0881	812.0000
39.1086	889.0000
39.1291	862.0000
39.1495	783.0000
39.1700	811.0000
39.1905	866.0000
39.2110	802.0000
39.2315	814.0000
39.2519	790.0000
39.2724	806.0000
39.2929	852.0000
39.3134	837.0000
39.3339	762.0000
39.3543	749.0000
39.3748	801.0000
39.3953	828.0000
39.4158	804.0000
39.4363	812.0000
39.4568	770.0000
39.4772	792.0000
39.4977	788.0000
39.5182	793.0000
39.5387	784.0000
39.5592	765.0000
39.5796	781.0000
39.6001	785.0000
39.6206	797.0000
39.6411	757.0000
39.6616	778.0000
39.6820	769.0000
39.7025	748.0000
39.7230	793.0000
39.7435	815.0000
39.7640	781.0000
39.7844	776.0000
39.8049	746.0000
39.8254	788.0000
39.8459	815.0000
39.8664	769.0000
39.8868	772.0000
39.9073	818.0000
39.9278	760.0000
39.9483	821.0000
39.9688	800.0000
39.9892	761.0000
40.0097	805.0000
40.0302	781.0000
40.0507	792.0000
40.0712	812.0000
40.0917	774.0000
40.1121	768.0000
40.1326	802.0000
40.1531	774.0000
40.1736	798.0000
40.1941	766.0000
40.2145	788.0000
40.2350	758.0000
40.2555	818.0000
40.2760	797.0000
40.2965	748.0000
40.3169	855.0000
40.3374	818.0000
40.3579	749.0000
40.3784	752.0000
40.3989	788.0000
40.4193	767.0000
40.4398	779.0000
40.4603	765.0000
40.4808	764.0000
40.5013	764.0000
40.5217	769.0000
40.5422	759.0000
40.5627	795.0000
40.5832	817.0000
40.6037	776.0000
40.6242	834.0000
40.6446	768.0000
40.6651	819.0000
40.6856	774.0000
40.7061	747.0000
40.7266	793.0000
40.7470	744.0000
40.7675	775.0000
40.7880	811.0000
40.8085	770.0000
40.8290	828.0000
40.8494	763.0000
40.8699	793.0000
40.8904	800.0000
40.9109	803.0000
40.9314	815.0000
40.9518	831.0000
40.9723	833.0000
40.9928	821.0000
41.0133	858.0000
41.0338	806.0000
41.0542	863.0000
41.0747	875.0000
41.0952	927.0000
41.1157	923.0000
41.1362	977.0000
41.1566	987.0000
41.1771	972.0000
41.1976	1106.0000
41.2181	1120.0000
41.2386	1121.0000
41.2591	1146.0000
41.2795	1263.0000
41.3000	1201.0000
41.3205	1204.0000
41.3410	1187.0000
41.3615	1245.0000
41.3819	1179.0000
41.4024	1174.0000
41.4229	1137.0000
41.4434	1077.0000
41.4639	993.0000
41.4843	1005.0000
41.5048	955.0000
41.5253	936.0000
41.5458	854.0000
41.5663	845.0000
41.5867	902.0000
41.6072	841.0000
41.6277	783.0000
41.6482	837.0000
41.6687	877.0000
41.6891	831.0000
41.7096	790.0000
41.7301	826.0000
41.7506	855.0000
41.7711	847.0000
41.7915	848.0000
41.8120	865.0000
41.8325	871.0000
41.8530	837.0000
41.8735	850.0000
41.8940	762.0000
41.9144	797.0000
41.9349	893.0000
41.9554	831.0000
41.9759	862.0000
41.9964	847.0000
42.0168	859.0000
42.0373	853.0000
42.0578	794.0000
42.0783	852.0000
42.0988	838.0000
42.1192	860.0000
42.1397	842.0000
42.1602	888.0000
42.1807	941.0000
42.2012	851.0000
42.2216	866.0000
42.2421	871.0000
42.2626	916.0000
42.2831	909.0000
42.3036	883.0000
42.3240	921.0000
42.3445	933.0000
42.3650	907.0000
42.3855	943.0000
42.4060	877.0000
42.4265	924.0000
42.4469	963.0000
42.4674	859.0000
42.4879	817.0000
42.5084	890.0000
42.5289	840.0000
42.5493	841.0000
42.5698	836.0000
42.5903	839.0000
42.6108	823.0000
42.6313	842.0000
42.6517	840.0000
42.6722	775.0000
42.6927	816.0000
42.7132	823.0000
42.7337	864.0000
42.7541	839.0000
42.7746	852.0000
42.7951	834.0000
42.8156	815.0000
42.8361	773.0000
42.8565	827.0000
42.8770	805.0000
42.8975	922.0000
42.9180	818.0000
42.9385	918.0000
42.9589	869.0000
42.9794	841.0000
42.9999	848.0000
43.0204	829.0000
43.0409	858.0000
43.0614	917.0000
43.0818	911.0000
43.1023	917.0000
43.1228	866.0000
43.1433	881.0000
43.1638	881.0000
43.1842	910.0000
43.2047	922.0000
43.2252	901.0000
43.2457	901.0000
43.2662	931.0000
43.2866	885.0000
43.3071	867.0000
43.3276	885.0000
43.3481	937.0000
43.3686	919.0000
43.3890	915.0000
43.4095	943.0000
43.4300	956.0000
43.4505	996.0000
43.4710	1003.0000
43.4914	1042.0000
43.5119	1069.0000
43.5324	1089.0000
43.5529	1127.0000
43.5734	1156.0000
43.5939	1139.0000
43.6143	1269.0000
43.6348	1203.0000
43.6553	1210.0000
43.6758	1389.0000
43.6963	1353.0000
43.7167	1474.0000
43.7372	1543.0000
43.7577	1686.0000
43.7782	1825.0000
43.7987	2035.0000
43.8191	2025.0000
43.8396	2279.0000
43.8601	2364.0000
43.8806	2456.0000
43.9011	2441.0000
43.9215	2523.0000
43.9420	2578.0000
43.9625	2442.0000
43.9830	2306.0000
44.0035	2278.0000
44.0239	2133.0000
44.0444	2049.0000
44.0649	1953.0000
44.0854	1867.0000
44.1059	1755.0000
44.1263	1656.0000
44.1468	1560.0000
44.1673	1505.0000
44.1878	1422.0000
44.2083	1352.0000
44.2288	1324.0000
44.2492	1230.0000
44.2697	1186.0000
44.2902	1160.0000
44.3107	1171.0000
44.3312	1131.0000
44.3516	1112.0000
44.3721	1130.0000
44.3926	1043.0000
44.4131	1022.0000
44.4336	1059.0000
44.4540	1075.0000
44.4745	1047.0000
44.4950	1069.0000
44.5155	1064.0000
44.5360	1105.0000
44.5564	1072.0000
44.5769	1094.0000
44.5974	1176.0000
44.6179	1173.0000
44.6384	1237.0000
44.6588	1277.0000
44.6793	1440.0000
44.6998	1400.0000
44.7203	1565.0000
44.7408	1754.0000
44.7612	1933.0000
44.7817	2108.0000
44.8022	2210.0000
44.8227	2390.0000
44.8432	2605.0000
44.8637	2778.0000
44.8841	2871.0000
44.9046	2929.0000
44.9251	2845.0000
44.9456	2762.0000
44.9661	2669.0000
44.9865	2669.0000
45.0070	2378.0000
45.0275	2216.0000
45.0480	2095.0000
45.0685	1876.0000
45.0889	1640.0000
45.1094	1592.0000
45.1299	1478.0000
45.1504	1290.0000
45.1709	1256.0000
45.1913	1169.0000
45.2118	1150.0000
45.2323	1072.0000
45.2528	1085.0000
45.2733	1055.0000
45.2937	1034.0000
45.3142	965.0000
45.3347	983.0000
45.3552	1006.0000
45.3757	933.0000
45.3962	1000.0000
45.4166	972.0000
45.4371	990.0000
45.4576	1079.0000
45.4781	1046.0000
45.4986	1051.0000
45.5190	1126.0000
45.5395	1118.0000
45.5600	1152.0000
45.5805	1219.0000
45.6010	1256.0000
45.6214	1384.0000
45.6419	1494.0000
45.6624	1646.0000
45.6829	1876.0000
45.7034	2472.0000
45.7238	3325.0000
45.7443	4595.0000
45.7648	6311.0000
45.7853	8584.0000
45.8058	11087.0000
45.8262	12428.0000
45.8467	12894.0000
45.8672	12185.0000
45.8877	10798.0000
45.9082	9485.0000
45.9286	8682.0000
45.9491	8103.0000
45.9696	7300.0000
45.9901	6276.0000
46.0106	4918.0000
46.0311	3655.0000
46.0515	2576.0000
46.0720	1982.0000
46.0925	1507.0000
46.1130	1382.0000
46.1335	1157.0000
46.1539	1202.0000
46.1744	997.0000
46.1949	1016.0000
46.2154	981.0000
46.2359	889.0000
46.2563	914.0000
46.2768	873.0000
46.2973	911.0000
46.3178	881.0000
46.3383	810.0000
46.3587	826.0000
46.3792	936.0000
46.3997	838.0000
46.4202	772.0000
46.4407	847.0000
46.4611	763.0000
46.4816	800.0000
46.5021	758.0000
46.5226	807.0000
46.5431	823.0000
46.5635	839.0000
46.5840	781.0000
46.6045	838.0000
46.6250	806.0000
46.6455	794.0000
46.6660	778.0000
46.6864	824.0000
46.7069	851.0000
46.7274	745.0000
46.7479	821.0000
46.7684	762.0000
46.7888	796.0000
46.8093	844.0000
46.8298	809.0000
46.8503	829.0000
46.8708	770.0000
46.8912	857.0000
46.9117	828.0000
46.9322	834.0000
46.9527	782.0000
46.9732	782.0000
46.9936	793.0000
47.0141	771.0000
47.0346	783.0000
47.0551	788.0000
47.0756	788.0000
47.0960	800.0000
47.1165	828.0000
47.1370	771.0000
47.1575	827.0000
47.1780	801.0000
47.1985	778.0000
47.2189	775.0000
47.2394	805.0000
47.2599	777.0000
47.2804	785.0000
47.3009	743.0000
47.3213	776.0000
47.3418	780.0000
47.3623	804.0000
47.3828	791.0000
47.4033	767.0000
47.4237	812.0000
47.4442	795.0000
47.4647	792.0000
47.4852	837.0000
47.5057	779.0000
47.5261	705.0000
47.5466	722.0000
47.5671	816.0000
47.5876	758.0000
47.6081	798.0000
47.6285	771.0000
47.6490	774.0000
47.6695	785.0000
47.6900	746.0000
47.7105	800.0000
47.7309	746.0000
47.7514	764.0000
47.7719	729.0000
47.7924	759.0000
47.8129	765.0000
47.8334	818.0000
47.8538	741.0000
47.8743	724.0000
47.8948	737.0000
47.9153	725.0000
47.9358	763.0000
47.9562	737.0000
47.9767	746.0000
47.9972	744.0000
48.0177	761.0000
48.0382	813.0000
48.0586	740.0000
48.0791	784.0000
48.0996	789.0000
48.1201	722.0000
48.1406	756.0000
48.1610	780.0000
48.1815	769.0000
48.2020	799.0000
48.2225	724.0000
48.2430	698.0000
48.2634	734.0000
48.2839	736.0000
48.3044	709.0000
48.3249	752.0000
48.3454	725.0000
48.3659	769.0000
48.3863	804.0000
48.4068	728.0000
48.4273	686.0000
48.4478	761.0000
48.4683	702.0000
48.4887	745.0000
48.5092	756.0000
48.5297	768.0000
48.5502	727.0000
48.5707	713.0000
48.5911	772.0000
48.6116	748.0000
48.6321	741.0000
48.6526	718.0000
48.6731	749.0000
48.6935	678.0000
48.7140	741.0000
48.7345	683.0000
48.7550	760.0000
48.7755	711.0000
48.7959	756.0000
48.8164	704.0000
48.8369	760.0000
48.8574	757.0000
48.8779	759.0000
48.8983	762.0000
48.9188	719.0000
48.9393	750.0000
48.9598	752.0000
48.9803	776.0000
49.0008	726.0000
49.0212	802.0000
49.0417	817.0000
49.0622	841.0000
49.0827	855.0000
49.1032	843.0000
49.1236	872.0000
49.1441	804.0000
49.1646	842.0000
49.1851	801.0000
49.2056	801.0000
49.2260	794.0000
49.2465	818.0000
49.2670	797.0000
49.2875	808.0000
49.3080	810.0000
49.3284	767.0000
49.3489	783.0000
49.3694	761.0000
49.3899	803.0000
49.4104	755.0000
49.4308	788.0000
49.4513	738.0000
49.4718	783.0000
49.4923	764.0000
49.5128	753.0000
49.5332	763.0000
49.5537	765.0000
49.5742	822.0000
49.5947	760.0000
49.6152	797.0000
49.6357	779.0000
49.6561	771.0000
49.6766	776.0000
49.6971	803.0000
49.7176	767.0000
49.7381	832.0000
49.7585	766.0000
49.7790	791.0000
49.7995	781.0000
49.8200	799.0000
49.8405	796.0000
49.8609	802.0000
49.8814	842.0000
49.9019	854.0000
49.9224	791.0000
49.9429	890.0000
49.9633	861.0000
49.9838	890.0000
