20.0001	791.0000
20.0206	758.0000
20.0411	750.0000
20.0615	753.0000
20.0820	806.0000
20.1025	782.0000
20.1230	803.0000
20.1435	780.0000
20.1639	738.0000
20.1844	806.0000
20.2049	779.0000
20.2254	841.0000
20.2459	752.0000
20.2663	778.0000
20.2868	757.0000
20.3073	796.0000
20.3278	790.0000
20.3483	774.0000
20.3688	769.0000
20.3892	803.0000
20.4097	778.0000
20.4302	789.0000
20.4507	783.0000
20.4712	794.0000
20.4916	785.0000
20.5121	743.0000
20.5326	767.0000
20.5531	751.0000
20.5736	833.0000
20.5940	817.0000
20.6145	821.0000
20.6350	786.0000
20.6555	804.0000
20.6760	772.0000
20.6964	791.0000
20.7169	815.0000
20.7374	772.0000
20.7579	820.0000
20.7784	782.0000
20.7988	838.0000
20.8193	816.0000
20.8398	809.0000
20.8603	788.0000
20.8808	826.0000
20.9012	829.0000
20.9217	753.0000
20.9422	826.0000
20.9627	840.0000
20.9832	794.0000
21.0037	833.0000
21.0241	815.0000
21.0446	774.0000
21.0651	781.0000
21.0856	820.0000
21.1061	811.0000
21.1265	795.0000
21.1470	812.0000
21.1675	803.0000
21.1880	806.0000
21.2085	858.0000
21.2289	841.0000
21.2494	811.0000
21.2699	845.0000
21.2904	863.0000
21.3109	857.0000
21.3313	833.0000
21.3518	838.0000
21.3723	798.0000
21.3928	862.0000
21.4133	825.0000
21.4337	831.0000
21.4542	852.0000
21.4747	813.0000
21.4952	804.0000
21.5157	866.0000
21.5362	807.0000
21.5566	834.0000
21.5771	860.0000
21.5976	807.0000
21.6181	824.0000
21.6386	910.0000
21.6590	878.0000
21.6795	817.0000
21.7000	841.0000
21.7205	865.0000
21.7410	834.0000
21.7614	820.0000
21.7819	869.0000
21.8024	865.0000
21.8229	856.0000
21.8434	828.0000
21.8638	885.0000
21.8843	886.0000
21.9048	856.0000
21.9253	891.0000
21.9458	869.0000
21.9662	871.0000
21.9867	867.0000
22.0072	881.0000
22.0277	880.0000
22.0482	874.0000
22.0686	874.0000
22.0891	836.0000
22.1096	903.0000
22.1301	838.0000
22.1506	933.0000
22.1711	894.0000
22.1915	870.0000
22.2120	866.0000
22.2325	833.0000
22.2530	905.0000
22.2735	867.0000
22.2939	875.0000
22.3144	906.0000
22.3349	874.0000
22.3554	886.0000
22.3759	909.0000
22.3963	853.0000
22.4168	883.0000
22.4373	872.0000
22.4578	861.0000
22.4783	889.0000
22.4987	893.0000
22.5192	884.0000
22.5397	956.0000
22.5602	892.0000
22.5807	892.0000
22.6011	917.0000
22.6216	911.0000
22.6421	911.0000
22.6626	913.0000
22.6831	893.0000
22.7035	879.0000
22.7240	928.0000
22.7445	884.0000
22.7650	925.0000
22.7855	940.0000
22.8060	917.0000
22.8264	904.0000
22.8469	893.0000
22.8674	931.0000
22.8879	926.0000
22.9084	953.0000
22.9288	952.0000
22.9493	914.0000
22.9698	922.0000
22.9903	974.0000
23.0108	937.0000
23.0312	902.0000
23.0517	901.0000
23.0722	864.0000
23.0927	938.0000
23.1132	933.0000
23.1336	909.0000
23.1541	899.0000
23.1746	887.0000
23.1951	943.0000
23.2156	931.0000
23.2360	922.0000
23.2565	888.0000
23.2770	958.0000
23.2975	937.0000
23.3180	943.0000
23.3385	880.0000
23.3589	1016.0000
23.3794	912.0000
23.3999	894.0000
23.4204	908.0000
23.4409	913.0000
23.4613	929.0000
23.4818	952.0000
23.5023	971.0000
23.5228	947.0000
23.5433	926.0000
23.5637	922.0000
23.5842	911.0000
23.6047	916.0000
23.6252	921.0000
23.6457	864.0000
23.6661	899.0000
23.6866	879.0000
23.7071	937.0000
23.7276	908.0000
23.7481	914.0000
23.7685	926.0000
23.7890	944.0000
23.8095	931.0000
23.8300	947.0000
23.8505	951.0000
23.8709	961.0000
23.8914	936.0000
23.9119	900.0000
23.9324	928.0000
23.9529	968.0000
23.9734	970.0000
23.9938	956.0000
24.0143	1013.0000
24.0348	997.0000
24.0553	960.0000
24.0758	938.0000
24.0962	1034.0000
24.1167	1030.0000
24.1372	909.0000
24.1577	948.0000
24.1782	929.0000
24.1986	982.0000
24.2191	1007.0000
24.2396	949.0000
24.2601	994.0000
24.2806	960.0000
24.3010	965.0000
24.3215	947.0000
24.3420	966.0000
24.3625	1031.0000
24.3830	1003.0000
24.4034	972.0000
24.4239	1022.0000
24.4444	994.0000
24.4649	1080.0000
24.4854	1002.0000
24.5059	1118.0000
24.5263	1095.0000
24.5468	1093.0000
24.5673	1114.0000
24.5878	1050.0000
24.6083	1146.0000
24.6287	1141.0000
24.6492	1181.0000
24.6697	1130.0000
24.6902	1158.0000
24.7107	1223.0000
24.7311	1237.0000
24.7516	1240.0000
24.7721	1165.0000
24.7926	1123.0000
24.8131	1143.0000
24.8335	1025.0000
24.8540	1012.0000
24.8745	977.0000
24.8950	977.0000
24.9155	971.0000
24.9359	998.0000
24.9564	927.0000
24.9769	937.0000
24.9974	930.0000
25.0179	903.0000
25.0383	913.0000
25.0588	871.0000
25.0793	858.0000
25.0998	879.0000
25.1203	911.0000
25.1408	995.0000
25.1612	927.0000
25.1817	933.0000
25.2022	914.0000
25.2227	934.0000
25.2432	913.0000
25.2636	958.0000
25.2841	945.0000
25.3046	927.0000
25.3251	998.0000
25.3456	875.0000
25.3660	910.0000
25.3865	964.0000
25.4070	1011.0000
25.4275	943.0000
25.4480	966.0000
25.4684	917.0000
25.4889	1011.0000
25.5094	1026.0000
25.5299	1049.0000
25.5504	999.0000
25.5708	1033.0000
25.5913	1028.0000
25.6118	959.0000
25.6323	991.0000
25.6528	974.0000
25.6732	968.0000
25.6937	924.0000
25.7142	934.0000
25.7347	950.0000
25.7552	1038.0000
25.7757	1004.0000
25.7961	983.0000
25.8166	920.0000
25.8371	931.0000
25.8576	950.0000
25.8781	964.0000
25.8985	904.0000
25.9190	941.0000
25.9395	916.0000
25.9600	915.0000
25.9805	948.0000
26.0009	1001.0000
26.0214	903.0000
26.0419	969.0000
26.0624	926.0000
26.0829	932.0000
26.1033	878.0000
26.1238	973.0000
26.1443	928.0000
26.1648	926.0000
26.1853	975.0000
26.2057	978.0000
26.2262	867.0000
26.2467	928.0000
26.2672	891.0000
26.2877	819.0000
26.3082	848.0000
26.3286	935.0000
26.3491	898.0000
26.3696	866.0000
26.3901	864.0000
26.4106	886.0000
26.4310	858.0000
26.4515	838.0000
26.4720	817.0000
26.4925	860.0000
26.5130	881.0000
26.5334	829.0000
26.5539	859.0000
26.5744	862.0000
26.5949	872.0000
26.6154	778.0000
26.6358	850.0000
26.6563	807.0000
26.6768	837.0000
26.6973	831.0000
26.7178	818.0000
26.7382	840.0000
26.7587	838.0000
26.7792	848.0000
26.7997	846.0000
26.8202	793.0000
26.8406	813.0000
26.8611	864.0000
26.8816	828.0000
26.9021	822.0000
26.9226	873.0000
26.9431	895.0000
26.9635	862.0000
26.9840	855.0000
27.0045	822.0000
27.0250	843.0000
27.0455	848.0000
27.0659	907.0000
27.0864	866.0000
27.1069	845.0000
27.1274	911.0000
27.1479	851.0000
27.1683	825.0000
27.1888	930.0000
27.2093	859.0000
27.2298	893.0000
27.2503	894.0000
27.2707	894.0000
27.2912	839.0000
27.3117	910.0000
27.3322	965.0000
27.3527	908.0000
27.3731	935.0000
27.3936	956.0000
27.4141	995.0000
27.4346	987.0000
27.4551	923.0000
27.4755	924.0000
27.4960	967.0000
27.5165	1038.0000
27.5370	1021.0000
27.5575	962.0000
27.5780	1028.0000
27.5984	1012.0000
27.6189	1015.0000
27.6394	1005.0000
27.6599	1062.0000
27.6804	1088.0000
27.7008	1010.0000
27.7213	1076.0000
27.7418	1039.0000
27.7623	1052.0000
27.7828	1096.0000
27.8032	1027.0000
27.8237	1093.0000
27.8442	1043.0000
27.8647	1062.0000
27.8852	1050.0000
27.9056	1023.0000
27.9261	1065.0000
27.9466	1115.0000
27.9671	1059.0000
27.9876	1078.0000
28.0080	1158.0000
28.0285	1090.0000
28.0490	1076.0000
28.0695	1138.0000
28.0900	1071.0000
28.1105	1049.0000
28.1309	1109.0000
28.1514	1097.0000
28.1719	1144.0000
28.1924	1239.0000
28.2129	1178.0000
28.2333	1160.0000
28.2538	1210.0000
28.2743	1170.0000
28.2948	1241.0000
28.3153	1281.0000
28.3357	1269.0000
28.3562	1327.0000
28.3767	1290.0000
28.3972	1267.0000
28.4177	1289.0000
28.4381	1260.0000
28.4586	1225.0000
28.4791	1245.0000
28.4996	1185.0000
28.5201	1206.0000
28.5405	1149.0000
28.5610	1102.0000
28.5815	1104.0000
28.6020	1093.0000
28.6225	991.0000
28.6429	1035.0000
28.6634	1060.0000
28.6839	998.0000
28.7044	1076.0000
28.7249	1109.0000
28.7454	1061.0000
28.7658	1015.0000
28.7863	1090.0000
28.8068	1045.0000
28.8273	1172.0000
28.8478	1095.0000
28.8682	1163.0000
28.8887	1110.0000
28.9092	1188.0000
28.9297	1304.0000
28.9502	1237.0000
28.9706	1243.0000
28.9911	1291.0000
29.0116	1282.0000
29.0321	1389.0000
29.0526	1366.0000
29.0730	1402.0000
29.0935	1377.0000
29.1140	1369.0000
29.1345	1308.0000
29.1550	1268.0000
29.1754	1176.0000
29.1959	1104.0000
29.2164	1107.0000
29.2369	1027.0000
29.2574	960.0000
29.2779	963.0000
29.2983	955.0000
29.3188	961.0000
29.3393	860.0000
29.3598	905.0000
29.3803	842.0000
29.4007	923.0000
29.4212	851.0000
29.4417	848.0000
29.4622	799.0000
29.4827	842.0000
29.5031	842.0000
29.5236	844.0000
29.5441	832.0000
29.5646	787.0000
29.5851	855.0000
29.6055	803.0000
29.6260	826.0000
29.6465	830.0000
29.6670	823.0000
29.6875	829.0000
29.7079	842.0000
29.7284	876.0000
29.7489	853.0000
29.7694	875.0000
29.7899	914.0000
29.8103	930.0000
29.8308	938.0000
29.8513	991.0000
29.8718	924.0000
29.8923	915.0000
29.9128	841.0000
29.9332	851.0000
29.9537	806.0000
29.9742	787.0000
29.9947	777.0000
30.0152	801.0000
30.0356	781.0000
30.0561	779.0000
30.0766	735.0000
30.0971	758.0000
30.1176	811.0000
30.1380	821.0000
30.1585	788.0000
30.1790	788.0000
30.1995	772.0000
30.2200	754.0000
30.2404	817.0000
30.2609	789.0000
30.2814	740.0000
30.3019	795.0000
30.3224	765.0000
30.3428	735.0000
30.3633	778.0000
30.3838	784.0000
30.4043	792.0000
30.4248	787.0000
30.4452	836.0000
30.4657	831.0000
30.4862	839.0000
30.5067	830.0000
30.5272	816.0000
30.5477	809.0000
30.5681	858.0000
30.5886	888.0000
30.6091	877.0000
30.6296	927.0000
30.6501	883.0000
30.6705	979.0000
30.6910	916.0000
30.7115	892.0000
30.7320	944.0000
30.7525	894.0000
30.7729	838.0000
30.7934	855.0000
30.8139	898.0000
30.8344	785.0000
30.8549	806.0000
30.8753	833.0000
30.8958	779.0000
30.9163	799.0000
30.9368	865.0000
30.9573	756.0000
30.9777	827.0000
30.9982	806.0000
31.0187	847.0000
31.0392	813.0000
31.0597	815.0000
31.0802	741.0000
31.1006	881.0000
31.1211	808.0000
31.1416	816.0000
31.1621	819.0000
31.1826	839.0000
31.2030	791.0000
31.2235	835.0000
31.2440	841.0000
31.2645	824.0000
31.2850	821.0000
31.3054	844.0000
31.3259	830.0000
31.3464	881.0000
31.3669	817.0000
31.3874	873.0000
31.4078	865.0000
31.4283	790.0000
31.4488	918.0000
31.4693	863.0000
31.4898	852.0000
31.5102	926.0000
31.5307	898.0000
31.5512	902.0000
31.5717	947.0000
31.5922	927.0000
31.6126	883.0000
31.6331	914.0000
31.6536	855.0000
31.6741	952.0000
31.6946	964.0000
31.7151	961.0000
31.7355	890.0000
31.7560	913.0000
31.7765	919.0000
31.7970	908.0000
31.8175	895.0000
31.8379	921.0000
31.8584	914.0000
31.8789	959.0000
31.8994	943.0000
31.9199	862.0000
31.9403	897.0000
31.9608	901.0000
31.9813	962.0000
32.0018	926.0000
32.0223	993.0000
32.0427	989.0000
32.0632	965.0000
32.0837	942.0000
32.1042	885.0000
32.1247	956.0000
32.1451	846.0000
32.1656	868.0000
32.1861	870.0000
32.2066	840.0000
32.2271	835.0000
32.2475	849.0000
32.2680	807.0000
32.2885	781.0000
32.3090	791.0000
32.3295	779.0000
32.3500	747.0000
32.3704	800.0000
32.3909	712.0000
32.4114	755.0000
32.4319	762.0000
32.4524	759.0000
32.4728	731.0000
32.4933	759.0000
32.5138	777.0000
32.5343	795.0000
32.5548	746.0000
32.5752	716.0000
32.5957	733.0000
32.6162	779.0000
32.6367	724.0000
32.6572	770.0000
32.6776	765.0000
32.6981	799.0000
32.7186	760.0000
32.7391	730.0000
32.7596	745.0000
32.7800	730.0000
32.8005	739.0000
32.8210	716.0000
32.8415	780.0000
32.8620	741.0000
32.8825	765.0000
32.9029	729.0000
32.9234	787.0000
32.9439	747.0000
32.9644	779.0000
32.9849	785.0000
33.0053	711.0000
33.0258	758.0000
33.0463	749.0000
33.0668	743.0000
33.0873	738.0000
33.1077	743.0000
33.1282	734.0000
33.1487	746.0000
33.1692	773.0000
33.1897	748.0000
33.2101	743.0000
33.2306	732.0000
33.2511	790.0000
33.2716	689.0000
33.2921	753.0000
33.3125	716.0000
33.3330	787.0000
33.3535	807.0000
33.3740	785.0000
33.3945	792.0000
33.4149	757.0000
33.4354	750.0000
33.4559	754.0000
33.4764	750.0000
33.4969	789.0000
33.5174	790.0000
33.5378	781.0000
33.5583	769.0000
33.5788	754.0000
33.5993	778.0000
33.6198	764.0000
33.6402	828.0000
33.6607	758.0000
33.6812	787.0000
33.7017	736.0000
33.7222	763.0000
33.7426	762.0000
33.7631	767.0000
33.7836	823.0000
33.8041	790.0000
33.8246	807.0000
33.8450	795.0000
33.8655	783.0000
33.8860	772.0000
33.9065	758.0000
33.9270	745.0000
33.9474	749.0000
33.9679	756.0000
33.9884	804.0000
34.0089	815.0000
34.0294	810.0000
34.0499	774.0000
34.0703	751.0000
34.0908	782.0000
34.1113	766.0000
34.1318	824.0000
34.1523	810.0000
34.1727	778.0000
34.1932	800.0000
34.2137	786.0000
34.2342	757.0000
34.2547	770.0000
34.2751	778.0000
34.2956	829.0000
34.3161	796.0000
34.3366	756.0000
34.3571	768.0000
34.3775	768.0000
34.3980	801.0000
34.4185	786.0000
34.4390	777.0000
34.4595	795.0000
34.4799	807.0000
34.5004	780.0000
34.5209	732.0000
34.5414	784.0000
34.5619	842.0000
34.5823	754.0000
34.6028	765.0000
34.6233	791.0000
34.6438	819.0000
34.6643	777.0000
34.6848	845.0000
34.7052	868.0000
34.7257	850.0000
34.7462	842.0000
34.7667	810.0000
34.7872	854.0000
34.8076	886.0000
34.8281	857.0000
34.8486	920.0000
34.8691	889.0000
34.8896	967.0000
34.9100	899.0000
34.9305	862.0000
34.9510	914.0000
34.9715	921.0000
34.9920	930.0000
35.0124	904.0000
35.0329	897.0000
35.0534	909.0000
35.0739	945.0000
35.0944	918.0000
35.1148	901.0000
35.1353	912.0000
35.1558	942.0000
35.1763	1000.0000
35.1968	955.0000
35.2172	920.0000
35.2377	984.0000
35.2582	1003.0000
35.2787	985.0000
35.2992	923.0000
35.3197	950.0000
35.3401	924.0000
35.3606	970.0000
35.3811	966.0000
35.4016	896.0000
35.4221	916.0000
35.4425	930.0000
35.4630	887.0000
35.4835	884.0000
35.5040	857.0000
35.5245	877.0000
35.5449	858.0000
35.5654	883.0000
35.5859	878.0000
35.6064	907.0000
35.6269	875.0000
35.6473	833.0000
35.6678	868.0000
35.6883	850.0000
35.7088	829.0000
35.7293	872.0000
35.7497	858.0000
35.7702	933.0000
35.7907	849.0000
35.8112	911.0000
35.8317	868.0000
35.8522	898.0000
35.8726	934.0000
35.8931	927.0000
35.9136	993.0000
35.9341	979.0000
35.9546	957.0000
35.9750	969.0000
35.9955	992.0000
36.0160	1007.0000
36.0365	942.0000
36.0570	998.0000
36.0774	977.0000
36.0979	1014.0000
36.1184	993.0000
36.1389	990.0000
36.1594	988.0000
36.1798	914.0000
36.2003	960.0000
36.2208	951.0000
36.2413	975.0000
36.2618	949.0000
36.2822	997.0000
36.3027	959.0000
36.3232	963.0000
36.3437	1003.0000
36.3642	965.0000
36.3846	1000.0000
36.4051	957.0000
36.4256	981.0000
36.4461	958.0000
36.4666	984.0000
36.4871	968.0000
36.5075	970.0000
36.5280	916.0000
36.5485	1018.0000
36.5690	982.0000
36.5895	1006.0000
36.6099	961.0000
36.6304	957.0000
36.6509	909.0000
36.6714	947.0000
36.6919	935.0000
36.7123	910.0000
36.7328	909.0000
36.7533	921.0000
36.7738	844.0000
36.7943	963.0000
36.8147	908.0000
36.8352	898.0000
36.8557	975.0000
36.8762	926.0000
36.8967	857.0000
36.9171	907.0000
36.9376	903.0000
36.9581	862.0000
36.9786	874.0000
36.9991	885.0000
37.0195	915.0000
37.0400	862.0000
37.0605	859.0000
37.0810	924.0000
37.1015	871.0000
37.1220	907.0000
37.1424	889.0000
37.1629	868.0000
37.1834	879.0000
37.2039	918.0000
37.2244	905.0000
37.2448	896.0000
37.2653	945.0000
37.2858	1008.0000
37.3063	916.0000
37.3268	874.0000
37.3472	973.0000
37.3677	912.0000
37.3882	917.0000
37.4087	963.0000
37.4292	904.0000
37.4496	966.0000
37.4701	1008.0000
37.4906	942.0000
37.5111	965.0000
37.5316	963.0000
37.5520	969.0000
37.5725	933.0000
37.5930	1015.0000
37.6135	1049.0000
37.6340	966.0000
37.6545	1000.0000
37.6749	972.0000
37.6954	960.0000
37.7159	1004.0000
37.7364	949.0000
37.7569	993.0000
37.7773	1026.0000
37.7978	1000.0000
37.8183	974.0000
37.8388	922.0000
37.8593	1000.0000
37.8797	961.0000
37.9002	1002.0000
37.9207	921.0000
37.9412	993.0000
37.9617	979.0000
37.9821	996.0000
38.0026	995.0000
38.0231	1039.0000
38.0436	939.0000
38.0641	1055.0000
38.0845	1016.0000
38.1050	1023.0000
38.1255	1089.0000
38.1460	1041.0000
38.1665	1055.0000
38.1869	1027.0000
38.2074	1114.0000
38.2279	1119.0000
38.2484	1129.0000
38.2689	1125.0000
38.2894	1096.0000
38.3098	1181.0000
38.3303	1117.0000
38.3508	1172.0000
38.3713	1175.0000
38.3918	1180.0000
38.4122	1205.0000
38.4327	1337.0000
38.4532	1339.0000
38.4737	1368.0000
38.4942	1362.0000
38.5146	1538.0000
38.5351	1528.0000
38.5556	1589.0000
38.5761	1682.0000
38.5966	1736.0000
38.6170	1752.0000
38.6375	1723.0000
38.6580	1705.0000
38.6785	1731.0000
38.6990	1711.0000
38.7194	1566.0000
38.7399	1453.0000
38.7604	1476.0000
38.7809	1316.0000
38.8014	1247.0000
38.8219	1209.0000
38.8423	1168.0000
38.8628	1165.0000
38.8833	1121.0000
38.9038	1104.0000
38.9243	996.0000
38.9447	1014.0000
38.9652	1039.0000
38.9857	1001.0000
39.0062	1048.0000
39.0267	968.0000
39.0471	968.0000
39.0676	999.0000
39.0881	889.0000
39.1086	970.0000
39.1291	904.0000
39.1495	890.0000
39.1700	937.0000
39.1905	953.0000
39.2110	862.0000
39.2315	900.0000
39.2519	920.0000
39.2724	928.0000
39.2929	878.0000
39.3134	876.0000
39.3339	781.0000
39.3543	902.0000
39.3748	843.0000
39.3953	844.0000
39.4158	877.0000
39.4363	782.0000
39.4568	819.0000
39.4772	812.0000
39.4977	858.0000
39.5182	830.0000
39.5387	832.0000
39.5592	816.0000
39.5796	833.0000
39.6001	811.0000
39.6206	827.0000
39.6411	889.0000
39.6616	872.0000
39.6820	834.0000
39.7025	839.0000
39.7230	848.0000
39.7435	832.0000
39.7640	843.0000
39.7844	867.0000
39.8049	842.0000
39.8254	805.0000
39.8459	783.0000
39.8664	877.0000
39.8868	811.0000
39.9073	797.0000
39.9278	797.0000
39.9483	834.0000
39.9688	788.0000
39.9892	757.0000
40.0097	852.0000
40.0302	810.0000
40.0507	833.0000
40.0712	824.0000
40.0917	808.0000
40.1121	838.0000
40.1326	831.0000
40.1531	863.0000
40.1736	826.0000
40.1941	867.0000
40.2145	832.0000
40.2350	914.0000
40.2555	808.0000
40.2760	897.0000
40.2965	898.0000
40.3169	870.0000
40.3374	918.0000
40.3579	864.0000
40.3784	885.0000
40.3989	873.0000
40.4193	940.0000
40.4398	930.0000
40.4603	927.0000
40.4808	1004.0000
40.5013	1007.0000
40.5217	979.0000
40.5422	1001.0000
40.5627	1001.0000
40.5832	965.0000
40.6037	983.0000
40.6242	1012.0000
40.6446	994.0000
40.6651	999.0000
40.6856	975.0000
40.7061	1022.0000
40.7266	995.0000
40.7470	965.0000
40.7675	969.0000
40.7880	977.0000
40.8085	918.0000
40.8290	891.0000
40.8494	905.0000
40.8699	960.0000
40.8904	903.0000
40.9109	860.0000
40.9314	904.0000
40.9518	877.0000
40.9723	954.0000
40.9928	952.0000
41.0133	907.0000
41.0338	944.0000
41.0542	914.0000
41.0747	869.0000
41.0952	919.0000
41.1157	985.0000
41.1362	926.0000
41.1566	1036.0000
41.1771	1026.0000
41.1976	1061.0000
41.2181	1077.0000
41.2386	1178.0000
41.2591	1212.0000
41.2795	1198.0000
41.3000	1192.0000
41.3205	1271.0000
41.3410	1248.0000
41.3615	1197.0000
41.3819	1182.0000
41.4024	1107.0000
41.4229	1041.0000
41.4434	1058.0000
41.4639	1034.0000
41.4843	1019.0000
41.5048	970.0000
41.5253	925.0000
41.5458	868.0000
41.5663	821.0000
41.5867	843.0000
41.6072	819.0000
41.6277	851.0000
41.6482	785.0000
41.6687	795.0000
41.6891	835.0000
41.7096	826.0000
41.7301	788.0000
41.7506	817.0000
41.7711	831.0000
41.7915	797.0000
41.8120	836.0000
41.8325	760.0000
41.8530	834.0000
41.8735	769.0000
41.8940	818.0000
41.9144	865.0000
41.9349	756.0000
41.9554	752.0000
41.9759	820.0000
41.9964	774.0000
42.0168	775.0000
42.0373	755.0000
42.0578	825.0000
42.0783	791.0000
42.0988	792.0000
42.1192	781.0000
42.1397	807.0000
42.1602	835.0000
42.1807	797.0000
42.2012	823.0000
42.2216	835.0000
42.2421	870.0000
42.2626	819.0000
42.2831	869.0000
42.3036	844.0000
42.3240	912.0000
42.3445	901.0000
42.3650	874.0000
42.3855	793.0000
42.4060	825.0000
42.4265	842.0000
42.4469	831.0000
42.4674	845.0000
42.4879	793.0000
42.5084	804.0000
42.5289	829.0000
42.5493	812.0000
42.5698	782.0000
42.5903	819.0000
42.6108	807.0000
42.6313	808.0000
42.6517	783.0000
42.6722	809.0000
42.6927	816.0000
42.7132	806.0000
42.7337	780.0000
42.7541	775.0000
42.7746	760.0000
42.7951	788.0000
42.8156	766.0000
42.8361	772.0000
42.8565	801.0000
42.8770	835.0000
42.8975	781.0000
42.9180	775.0000
42.9385	805.0000
42.9589	814.0000
42.9794	808.0000
42.9999	794.0000
43.0204	846.0000
43.0409	844.0000
43.0614	850.0000
43.0818	851.0000
43.1023	861.0000
43.1228	957.0000
43.1433	927.0000
43.1638	854.0000
43.1842	782.0000
43.2047	892.0000
43.2252	863.0000
43.2457	887.0000
43.2662	821.0000
43.2866	913.0000
43.3071	894.0000
43.3276	923.0000
43.3481	921.0000
43.3686	973.0000
43.3890	992.0000
43.4095	1006.0000
43.4300	992.0000
43.4505	1051.0000
43.4710	1024.0000
43.4914	1039.0000
43.5119	1081.0000
43.5324	1163.0000
43.5529	1135.0000
43.5734	1164.0000
43.5939	1168.0000
43.6143	1057.0000
43.6348	1186.0000
43.6553	1181.0000
43.6758	1210.0000
43.6963	1111.0000
43.7167	1185.0000
43.7372	1150.0000
43.7577	1175.0000
43.7782	1164.0000
43.7987	1229.0000
43.8191	1231.0000
43.8396	1269.0000
43.8601	1283.0000
43.8806	1299.0000
43.9011	1349.0000
43.9215	1406.0000
43.9420	1427.0000
43.9625	1471.0000
43.9830	1596.0000
44.0035	1508.0000
44.0239	1525.0000
44.0444	1489.0000
44.0649	1490.0000
44.0854	1449.0000
44.1059	1361.0000
44.1263	1378.0000
44.1468	1315.0000
44.1673	1286.0000
44.1878	1214.0000
44.2083	1138.0000
44.2288	1116.0000
44.2492	1019.0000
44.2697	1049.0000
44.2902	1031.0000
44.3107	996.0000
44.3312	942.0000
44.3516	933.0000
44.3721	904.0000
44.3926	914.0000
44.4131	911.0000
44.4336	866.0000
44.4540	884.0000
44.4745	827.0000
44.4950	856.0000
44.5155	930.0000
44.5360	823.0000
44.5564	899.0000
44.5769	838.0000
44.5974	844.0000
44.6179	874.0000
44.6384	835.0000
44.6588	828.0000
44.6793	878.0000
44.6998	853.0000
44.7203	811.0000
44.7408	838.0000
44.7612	882.0000
44.7817	899.0000
44.8022	884.0000
44.8227	880.0000
44.8432	966.0000
44.8637	926.0000
44.8841	923.0000
44.9046	950.0000
44.9251	944.0000
44.9456	1032.0000
44.9661	897.0000
44.9865	902.0000
45.0070	924.0000
45.0275	873.0000
45.0480	932.0000
45.0685	897.0000
45.0889	907.0000
45.1094	857.0000
45.1299	843.0000
45.1504	876.0000
45.1709	891.0000
45.1913	884.0000
45.2118	878.0000
45.2323	915.0000
45.2528	836.0000
45.2733	884.0000
45.2937	865.0000
45.3142	881.0000
45.3347	901.0000
45.3552	855.0000
45.3757	930.0000
45.3962	920.0000
45.4166	954.0000
45.4371	944.0000
45.4576	1041.0000
45.4781	1046.0000
45.4986	1030.0000
45.5190	1098.0000
45.5395	1062.0000
45.5600	1143.0000
45.5805	1221.0000
45.6010	1281.0000
45.6214	1323.0000
45.6419	1407.0000
45.6624	1704.0000
45.6829	1962.0000
45.7034	2614.0000
45.7238	3349.0000
45.7443	4728.0000
45.7648	6760.0000
45.7853	8977.0000
45.8058	11447.0000
45.8262	12754.0000
45.8467	12974.0000
45.8672	12215.0000
45.8877	10762.0000
45.9082	9592.0000
45.9286	8662.0000
45.9491	8004.0000
45.9696	7303.0000
45.9901	6130.0000
46.0106	4862.0000
46.0311	3429.0000
46.0515	2498.0000
46.0720	1884.0000
46.0925	1586.0000
46.1130	1276.0000
46.1335	1290.0000
46.1539	1222.0000
46.1744	1112.0000
46.1949	1053.0000
46.2154	1038.0000
46.2359	1005.0000
46.2563	944.0000
46.2768	940.0000
46.2973	957.0000
46.3178	963.0000
46.3383	947.0000
46.3587	994.0000
46.3792	920.0000
46.3997	925.0000
46.4202	878.0000
46.4407	931.0000
46.4611	988.0000
46.4816	950.0000
46.5021	925.0000
46.5226	983.0000
46.5431	939.0000
46.5635	920.0000
46.5840	959.0000
46.6045	1005.0000
46.6250	932.0000
46.6455	937.0000
46.6660	966.0000
46.6864	933.0000
46.7069	953.0000
46.7274	968.0000
46.7479	961.0000
46.7684	1007.0000
46.7888	1019.0000
46.8093	1016.0000
46.8298	999.0000
46.8503	1001.0000
46.8708	1037.0000
46.8912	1017.0000
46.9117	1061.0000
46.9322	986.0000
46.9527	1000.0000
46.9732	1012.0000
46.9936	1095.0000
47.0141	1046.0000
47.0346	1010.0000
47.0551	1042.0000
47.0756	1081.0000
47.0960	1095.0000
47.1165	1063.0000
47.1370	1084.0000
47.1575	1119.0000
47.1780	1137.0000
47.1985	1096.0000
47.2189	1134.0000
47.2394	1140.0000
47.2599	1135.0000
47.2804	1185.0000
47.3009	1173.0000
47.3213	1083.0000
47.3418	1116.0000
47.3623	1157.0000
47.3828	1180.0000
47.4033	1122.0000
47.4237	1088.0000
47.4442	1016.0000
47.4647	1034.0000
47.4852	989.0000
47.5057	1009.0000
47.5261	943.0000
47.5466	976.0000
47.5671	975.0000
47.5876	967.0000
47.6081	901.0000
47.6285	929.0000
47.6490	920.0000
47.6695	946.0000
47.6900	888.0000
47.7105	944.0000
47.7309	914.0000
47.7514	932.0000
47.7719	907.0000
47.7924	838.0000
47.8129	836.0000
47.8334	854.0000
47.8538	867.0000
47.8743	851.0000
47.8948	814.0000
47.9153	875.0000
47.9358	833.0000
47.9562	840.0000
47.9767	838.0000
47.9972	828.0000
48.0177	816.0000
48.0382	826.0000
48.0586	796.0000
48.0791	826.0000
48.0996	800.0000
48.1201	807.0000
48.1406	845.0000
48.1610	831.0000
48.1815	806.0000
48.2020	737.0000
48.2225	793.0000
48.2430	807.0000
48.2634	801.0000
48.2839	778.0000
48.3044	879.0000
48.3249	828.0000
48.3454	818.0000
48.3659	750.0000
48.3863	767.0000
48.4068	800.0000
48.4273	798.0000
48.4478	710.0000
48.4683	756.0000
48.4887	776.0000
48.5092	745.0000
48.5297	735.0000
48.5502	684.0000
48.5707	765.0000
48.5911	784.0000
48.6116	725.0000
48.6321	725.0000
48.6526	717.0000
48.6731	698.0000
48.6935	701.0000
48.7140	644.0000
48.7345	722.0000
48.7550	722.0000
48.7755	718.0000
48.7959	733.0000
48.8164	674.0000
48.8369	754.0000
48.8574	734.0000
48.8779	763.0000
48.8983	726.0000
48.9188	725.0000
48.9393	827.0000
48.9598	733.0000
48.9803	741.0000
49.0008	765.0000
49.0212	819.0000
49.0417	745.0000
49.0622	854.0000
49.0827	737.0000
49.1032	811.0000
49.1236	816.0000
49.1441	792.0000
49.1646	800.0000
49.1851	814.0000
49.2056	800.0000
49.2260	778.0000
49.2465	803.0000
49.2670	801.0000
49.2875	796.0000
49.3080	741.0000
49.3284	754.0000
49.3489	750.0000
49.3694	745.0000
49.3899	736.0000
49.4104	797.0000
49.4308	740.0000
49.4513	733.0000
49.4718	760.0000
49.4923	771.0000
49.5128	762.0000
49.5332	771.0000
49.5537	767.0000
49.5742	799.0000
49.5947	782.0000
49.6152	834.0000
49.6357	788.0000
49.6561	784.0000
49.6766	767.0000
49.6971	743.0000
49.7176	815.0000
49.7381	819.0000
49.7585	813.0000
49.7790	829.0000
49.7995	853.0000
49.8200	839.0000
49.8405	842.0000
49.8609	888.0000
49.8814	852.0000
49.9019	872.0000
49.9224	873.0000
49.9429	884.0000
49.9633	843.0000
49.9838	883.0000
