20.0001	947.0000
20.0206	932.0000
20.0411	885.0000
20.0615	939.0000
20.0820	957.0000
20.1025	977.0000
20.1230	934.0000
20.1435	1007.0000
20.1639	950.0000
20.1844	965.0000
20.2049	986.0000
20.2254	913.0000
20.2459	918.0000
20.2663	886.0000
20.2868	946.0000
20.3073	970.0000
20.3278	907.0000
20.3483	969.0000
20.3688	970.0000
20.3892	1044.0000
20.4097	958.0000
20.4302	985.0000
20.4507	899.0000
20.4712	930.0000
20.4916	946.0000
20.5121	938.0000
20.5326	973.0000
20.5531	1005.0000
20.5736	912.0000
20.5940	914.0000
20.6145	899.0000
20.6350	966.0000
20.6555	907.0000
20.6760	1003.0000
20.6964	947.0000
20.7169	939.0000
20.7374	952.0000
20.7579	940.0000
20.7784	896.0000
20.7988	979.0000
20.8193	971.0000
20.8398	1016.0000
20.8603	954.0000
20.8808	960.0000
20.9012	950.0000
20.9217	962.0000
20.9422	996.0000
20.9627	994.0000
20.9832	968.0000
21.0037	959.0000
21.0241	972.0000
21.0446	926.0000
21.0651	943.0000
21.0856	970.0000
21.1061	953.0000
21.1265	994.0000
21.1470	1015.0000
21.1675	1015.0000
21.1880	1004.0000
21.2085	961.0000
21.2289	954.0000
21.2494	1016.0000
21.2699	973.0000
21.2904	991.0000
21.3109	963.0000
21.3313	979.0000
21.3518	955.0000
21.3723	1004.0000
21.3928	986.0000
21.4133	1085.0000
21.4337	1036.0000
21.4542	932.0000
21.4747	980.0000
21.4952	986.0000
21.5157	981.0000
21.5362	1027.0000
21.5566	985.0000
21.5771	1009.0000
21.5976	949.0000
21.6181	1037.0000
21.6386	1003.0000
21.6590	978.0000
21.6795	911.0000
21.7000	972.0000
21.7205	996.0000
21.7410	973.0000
21.7614	919.0000
21.7819	1009.0000
21.8024	985.0000
21.8229	1086.0000
21.8434	920.0000
21.8638	1025.0000
21.8843	994.0000
21.9048	1027.0000
21.9253	960.0000
21.9458	1003.0000
21.9662	946.0000
21.9867	952.0000
22.0072	1051.0000
22.0277	1016.0000
22.0482	981.0000
22.0686	1059.0000
22.0891	1028.0000
22.1096	995.0000
22.1301	1018.0000
22.1506	1043.0000
22.1711	1047.0000
22.1915	1053.0000
22.2120	999.0000
22.2325	1025.0000
22.2530	984.0000
22.2735	1070.0000
22.2939	1018.0000
22.3144	1010.0000
22.3349	1020.0000
22.3554	1013.0000
22.3759	1027.0000
22.3963	1011.0000
22.4168	990.0000
22.4373	1015.0000
22.4578	1017.0000
22.4783	1037.0000
22.4987	999.0000
22.5192	975.0000
22.5397	954.0000
22.5602	1014.0000
22.5807	1028.0000
22.6011	1035.0000
22.6216	1028.0000
22.6421	1006.0000
22.6626	1033.0000
22.6831	1053.0000
22.7035	1062.0000
22.7240	1069.0000
22.7445	976.0000
22.7650	1019.0000
22.7855	1003.0000
22.8060	1036.0000
22.8264	1001.0000
22.8469	1045.0000
22.8674	1075.0000
22.8879	998.0000
22.9084	1070.0000
22.9288	1014.0000
22.9493	998.0000
22.9698	1015.0000
22.9903	1028.0000
23.0108	1062.0000
23.0312	1072.0000
23.0517	1053.0000
23.0722	982.0000
23.0927	976.0000
23.1132	954.0000
23.1336	983.0000
23.1541	1054.0000
23.1746	1098.0000
23.1951	996.0000
23.2156	991.0000
23.2360	1013.0000
23.2565	1007.0000
23.2770	984.0000
23.2975	1013.0000
23.3180	1018.0000
23.3385	1010.0000
23.3589	1053.0000
23.3794	1002.0000
23.3999	1069.0000
23.4204	972.0000
23.4409	982.0000
23.4613	1017.0000
23.4818	1002.0000
23.5023	909.0000
23.5228	1074.0000
23.5433	992.0000
23.5637	1040.0000
23.5842	1035.0000
23.6047	996.0000
23.6252	1026.0000
23.6457	1006.0000
23.6661	1040.0000
23.6866	1020.0000
23.7071	1076.0000
23.7276	1018.0000
23.7481	1005.0000
23.7685	1000.0000
23.7890	1021.0000
23.8095	1053.0000
23.8300	1001.0000
23.8505	1027.0000
23.8709	946.0000
23.8914	1042.0000
23.9119	1027.0000
23.9324	1003.0000
23.9529	972.0000
23.9734	994.0000
23.9938	1037.0000
24.0143	996.0000
24.0348	1018.0000
24.0553	992.0000
24.0758	1039.0000
24.0962	1014.0000
24.1167	1012.0000
24.1372	1021.0000
24.1577	1052.0000
24.1782	1013.0000
24.1986	1019.0000
24.2191	1059.0000
24.2396	1042.0000
24.2601	1022.0000
24.2806	1027.0000
24.3010	1005.0000
24.3215	1090.0000
24.3420	1077.0000
24.3625	1094.0000
24.3830	1110.0000
24.4034	1055.0000
24.4239	1136.0000
24.4444	1139.0000
24.4649	1162.0000
24.4854	1239.0000
24.5059	1231.0000
24.5263	1201.0000
24.5468	1257.0000
24.5673	1143.0000
24.5878	1226.0000
24.6083	1255.0000
24.6287	1214.0000
24.6492	1221.0000
24.6697	1213.0000
24.6902	1228.0000
24.7107	1302.0000
24.7311	1227.0000
24.7516	1277.0000
24.7721	1251.0000
24.7926	1228.0000
24.8131	1146.0000
24.8335	1137.0000
24.8540	1099.0000
24.8745	1051.0000
24.8950	1048.0000
24.9155	1034.0000
24.9359	1058.0000
24.9564	954.0000
24.9769	1016.0000
24.9974	985.0000
25.0179	998.0000
25.0383	1004.0000
25.0588	1048.0000
25.0793	982.0000
25.0998	1040.0000
25.1203	946.0000
25.1408	983.0000
25.1612	982.0000
25.1817	1045.0000
25.2022	1023.0000
25.2227	1013.0000
25.2432	956.0000
25.2636	1020.0000
25.2841	978.0000
25.3046	1071.0000
25.3251	1033.0000
25.3456	1048.0000
25.3660	1070.0000
25.3865	1006.0000
25.4070	1008.0000
25.4275	1026.0000
25.4480	1116.0000
25.4684	1113.0000
25.4889	1076.0000
25.5094	1123.0000
25.5299	1066.0000
25.5504	1038.0000
25.5708	1116.0000
25.5913	1094.0000
25.6118	1074.0000
25.6323	1068.0000
25.6528	1138.0000
25.6732	1041.0000
25.6937	1009.0000
25.7142	995.0000
25.7347	989.0000
25.7552	1003.0000
25.7757	996.0000
25.7961	966.0000
25.8166	1016.0000
25.8371	993.0000
25.8576	1006.0000
25.8781	986.0000
25.8985	986.0000
25.9190	961.0000
25.9395	967.0000
25.9600	925.0000
25.9805	1007.0000
26.0009	991.0000
26.0214	1005.0000
26.0419	992.0000
26.0624	957.0000
26.0829	987.0000
26.1033	981.0000
26.1238	1017.0000
26.1443	933.0000
26.1648	933.0000
26.1853	947.0000
26.2057	896.0000
26.2262	988.0000
26.2467	946.0000
26.2672	940.0000
26.2877	945.0000
26.3082	871.0000
26.3286	970.0000
26.3491	946.0000
26.3696	912.0000
26.3901	873.0000
26.4106	933.0000
26.4310	922.0000
26.4515	923.0000
26.4720	914.0000
26.4925	954.0000
26.5130	924.0000
26.5334	887.0000
26.5539	955.0000
26.5744	924.0000
26.5949	966.0000
26.6154	907.0000
26.6358	931.0000
26.6563	946.0000
26.6768	936.0000
26.6973	940.0000
26.7178	943.0000
26.7382	933.0000
26.7587	897.0000
26.7792	971.0000
26.7997	943.0000
26.8202	961.0000
26.8406	920.0000
26.8611	960.0000
26.8816	923.0000
26.9021	953.0000
26.9226	928.0000
26.9431	964.0000
26.9635	963.0000
26.9840	946.0000
27.0045	983.0000
27.0250	965.0000
27.0455	992.0000
27.0659	985.0000
27.0864	1014.0000
27.1069	1033.0000
27.1274	999.0000
27.1479	1036.0000
27.1683	1045.0000
27.1888	1037.0000
27.2093	1037.0000
27.2298	1083.0000
27.2503	1157.0000
27.2707	1084.0000
27.2912	1092.0000
27.3117	1119.0000
27.3322	1133.0000
27.3527	1091.0000
27.3731	1130.0000
27.3936	1084.0000
27.4141	1140.0000
27.4346	1149.0000
27.4551	1291.0000
27.4755	1139.0000
27.4960	1162.0000
27.5165	1132.0000
27.5370	1164.0000
27.5575	1167.0000
27.5780	1190.0000
27.5984	1189.0000
27.6189	1220.0000
27.6394	1151.0000
27.6599	1131.0000
27.6804	1200.0000
27.7008	1103.0000
27.7213	1080.0000
27.7418	1132.0000
27.7623	1085.0000
27.7828	1092.0000
27.8032	1009.0000
27.8237	1078.0000
27.8442	992.0000
27.8647	1104.0000
27.8852	999.0000
27.9056	972.0000
27.9261	974.0000
27.9466	1033.0000
27.9671	1002.0000
27.9876	978.0000
28.0080	924.0000
28.0285	964.0000
28.0490	987.0000
28.0695	991.0000
28.0900	989.0000
28.1105	953.0000
28.1309	979.0000
28.1514	947.0000
28.1719	909.0000
28.1924	956.0000
28.2129	1011.0000
28.2333	943.0000
28.2538	886.0000
28.2743	997.0000
28.2948	981.0000
28.3153	935.0000
28.3357	1007.0000
28.3562	985.0000
28.3767	952.0000
28.3972	1037.0000
28.4177	998.0000
28.4381	1002.0000
28.4586	981.0000
28.4791	1036.0000
28.4996	1054.0000
28.5201	1080.0000
28.5405	1076.0000
28.5610	1086.0000
28.5815	1079.0000
28.6020	1207.0000
28.6225	1282.0000
28.6429	1265.0000
28.6634	1359.0000
28.6839	1448.0000
28.7044	1528.0000
28.7249	1634.0000
28.7454	1700.0000
28.7658	1873.0000
28.7863	1813.0000
28.8068	1818.0000
28.8273	1835.0000
28.8478	1770.0000
28.8682	1671.0000
28.8887	1593.0000
28.9092	1493.0000
28.9297	1378.0000
28.9502	1279.0000
28.9706	1263.0000
28.9911	1139.0000
29.0116	1088.0000
29.0321	1023.0000
29.0526	1018.0000
29.0730	1019.0000
29.0935	918.0000
29.1140	998.0000
29.1345	932.0000
29.1550	939.0000
29.1754	923.0000
29.1959	954.0000
29.2164	902.0000
29.2369	897.0000
29.2574	863.0000
29.2779	955.0000
29.2983	929.0000
29.3188	953.0000
29.3393	911.0000
29.3598	908.0000
29.3803	911.0000
29.4007	843.0000
29.4212	885.0000
29.4417	909.0000
29.4622	869.0000
29.4827	881.0000
29.5031	884.0000
29.5236	866.0000
29.5441	904.0000
29.5646	849.0000
29.5851	918.0000
29.6055	849.0000
29.6260	915.0000
29.6465	917.0000
29.6670	947.0000
29.6875	1009.0000
29.7079	975.0000
29.7284	911.0000
29.7489	978.0000
29.7694	1061.0000
29.7899	1011.0000
29.8103	1036.0000
29.8308	991.0000
29.8513	1006.0000
29.8718	991.0000
29.8923	990.0000
29.9128	1038.0000
29.9332	941.0000
29.9537	925.0000
29.9742	943.0000
29.9947	968.0000
30.0152	899.0000
30.0356	910.0000
30.0561	914.0000
30.0766	958.0000
30.0971	878.0000
30.1176	870.0000
30.1380	939.0000
30.1585	883.0000
30.1790	910.0000
30.1995	866.0000
30.2200	919.0000
30.2404	924.0000
30.2609	919.0000
30.2814	930.0000
30.3019	919.0000
30.3224	931.0000
30.3428	898.0000
30.3633	976.0000
30.3838	947.0000
30.4043	1031.0000
30.4248	1070.0000
30.4452	1019.0000
30.4657	1065.0000
30.4862	1091.0000
30.5067	1183.0000
30.5272	1274.0000
30.5477	1274.0000
30.5681	1293.0000
30.5886	1327.0000
30.6091	1319.0000
30.6296	1305.0000
30.6501	1349.0000
30.6705	1352.0000
30.6910	1331.0000
30.7115	1345.0000
30.7320	1236.0000
30.7525	1171.0000
30.7729	1199.0000
30.7934	1150.0000
30.8139	1088.0000
30.8344	1052.0000
30.8549	1068.0000
30.8753	1015.0000
30.8958	1022.0000
30.9163	1008.0000
30.9368	988.0000
30.9573	957.0000
30.9777	1022.0000
30.9982	933.0000
31.0187	927.0000
31.0392	996.0000
31.0597	1019.0000
31.0802	972.0000
31.1006	987.0000
31.1211	1007.0000
31.1416	1010.0000
31.1621	961.0000
31.1826	1008.0000
31.2030	1067.0000
31.2235	1025.0000
31.2440	1101.0000
31.2645	1075.0000
31.2850	1090.0000
31.3054	1093.0000
31.3259	1193.0000
31.3464	1150.0000
31.3669	1141.0000
31.3874	1169.0000
31.4078	1176.0000
31.4283	1117.0000
31.4488	1144.0000
31.4693	1105.0000
31.4898	1120.0000
31.5102	1138.0000
31.5307	1159.0000
31.5512	1110.0000
31.5717	1127.0000
31.5922	1092.0000
31.6126	1005.0000
31.6331	1027.0000
31.6536	1020.0000
31.6741	967.0000
31.6946	978.0000
31.7151	1017.0000
31.7355	997.0000
31.7560	970.0000
31.7765	954.0000
31.7970	1037.0000
31.8175	1056.0000
31.8379	1007.0000
31.8584	1040.0000
31.8789	1122.0000
31.8994	1156.0000
31.9199	1241.0000
31.9403	1299.0000
31.9608	1294.0000
31.9813	1323.0000
32.0018	1309.0000
32.0223	1333.0000
32.0427	1345.0000
32.0632	1418.0000
32.0837	1270.0000
32.1042	1229.0000
32.1247	1241.0000
32.1451	1110.0000
32.1656	1118.0000
32.1861	1076.0000
32.2066	1029.0000
32.2271	1060.0000
32.2475	958.0000
32.2680	938.0000
32.2885	885.0000
32.3090	832.0000
32.3295	863.0000
32.3500	924.0000
32.3704	908.0000
32.3909	876.0000
32.4114	872.0000
32.4319	895.0000
32.4524	881.0000
32.4728	876.0000
32.4933	885.0000
32.5138	863.0000
32.5343	893.0000
32.5548	873.0000
32.5752	862.0000
32.5957	898.0000
32.6162	898.0000
32.6367	834.0000
32.6572	893.0000
32.6776	860.0000
32.6981	864.0000
32.7186	884.0000
32.7391	872.0000
32.7596	829.0000
32.7800	901.0000
32.8005	872.0000
32.8210	901.0000
32.8415	858.0000
32.8620	852.0000
32.8825	822.0000
32.9029	852.0000
32.9234	828.0000
32.9439	884.0000
32.9644	894.0000
32.9849	864.0000
33.0053	885.0000
33.0258	852.0000
33.0463	846.0000
33.0668	828.0000
33.0873	839.0000
33.1077	845.0000
33.1282	858.0000
33.1487	879.0000
33.1692	849.0000
33.1897	793.0000
33.2101	841.0000
33.2306	874.0000
33.2511	844.0000
33.2716	870.0000
33.2921	900.0000
33.3125	878.0000
33.3330	829.0000
33.3535	876.0000
33.3740	855.0000
33.3945	868.0000
33.4149	821.0000
33.4354	878.0000
33.4559	825.0000
33.4764	837.0000
33.4969	845.0000
33.5174	878.0000
33.5378	860.0000
33.5583	887.0000
33.5788	863.0000
33.5993	883.0000
33.6198	849.0000
33.6402	865.0000
33.6607	858.0000
33.6812	873.0000
33.7017	888.0000
33.7222	842.0000
33.7426	876.0000
33.7631	886.0000
33.7836	832.0000
33.8041	893.0000
33.8246	908.0000
33.8450	831.0000
33.8655	861.0000
33.8860	863.0000
33.9065	928.0000
33.9270	933.0000
33.9474	844.0000
33.9679	840.0000
33.9884	866.0000
34.0089	846.0000
34.0294	807.0000
34.0499	830.0000
34.0703	842.0000
34.0908	895.0000
34.1113	872.0000
34.1318	862.0000
34.1523	911.0000
34.1727	837.0000
34.1932	939.0000
34.2137	873.0000
34.2342	875.0000
34.2547	845.0000
34.2751	855.0000
34.2956	874.0000
34.3161	882.0000
34.3366	868.0000
34.3571	884.0000
34.3775	856.0000
34.3980	869.0000
34.4185	889.0000
34.4390	875.0000
34.4595	850.0000
34.4799	844.0000
34.5004	894.0000
34.5209	900.0000
34.5414	898.0000
34.5619	882.0000
34.5823	905.0000
34.6028	882.0000
34.6233	926.0000
34.6438	951.0000
34.6643	939.0000
34.6848	939.0000
34.7052	967.0000
34.7257	985.0000
34.7462	1025.0000
34.7667	984.0000
34.7872	977.0000
34.8076	1100.0000
34.8281	1083.0000
34.8486	1144.0000
34.8691	1171.0000
34.8896	1102.0000
34.9100	1083.0000
34.9305	1163.0000
34.9510	1132.0000
34.9715	1105.0000
34.9920	1150.0000
35.0124	1146.0000
35.0329	1073.0000
35.0534	1047.0000
35.0739	1067.0000
35.0944	1034.0000
35.1148	1009.0000
35.1353	1071.0000
35.1558	943.0000
35.1763	1080.0000
35.1968	1033.0000
35.2172	967.0000
35.2377	1002.0000
35.2582	1015.0000
35.2787	962.0000
35.2992	985.0000
35.3197	970.0000
35.3401	947.0000
35.3606	913.0000
35.3811	964.0000
35.4016	972.0000
35.4221	919.0000
35.4425	942.0000
35.4630	906.0000
35.4835	903.0000
35.5040	892.0000
35.5245	937.0000
35.5449	919.0000
35.5654	936.0000
35.5859	988.0000
35.6064	977.0000
35.6269	960.0000
35.6473	924.0000
35.6678	987.0000
35.6883	952.0000
35.7088	965.0000
35.7293	1005.0000
35.7497	1003.0000
35.7702	1067.0000
35.7907	1030.0000
35.8112	1034.0000
35.8317	1076.0000
35.8522	1009.0000
35.8726	1117.0000
35.8931	1110.0000
35.9136	1128.0000
35.9341	1076.0000
35.9546	1143.0000
35.9750	1157.0000
35.9955	1158.0000
36.0160	1163.0000
36.0365	1183.0000
36.0570	1099.0000
36.0774	1082.0000
36.0979	1094.0000
36.1184	1004.0000
36.1389	1132.0000
36.1594	1060.0000
36.1798	1018.0000
36.2003	1059.0000
36.2208	1020.0000
36.2413	988.0000
36.2618	1055.0000
36.2822	919.0000
36.3027	948.0000
36.3232	1077.0000
36.3437	1064.0000
36.3642	983.0000
36.3846	962.0000
36.4051	1015.0000
36.4256	1022.0000
36.4461	990.0000
36.4666	965.0000
36.4871	961.0000
36.5075	911.0000
36.5280	920.0000
36.5485	885.0000
36.5690	924.0000
36.5895	923.0000
36.6099	892.0000
36.6304	891.0000
36.6509	929.0000
36.6714	971.0000
36.6919	922.0000
36.7123	887.0000
36.7328	870.0000
36.7533	929.0000
36.7738	880.0000
36.7943	888.0000
36.8147	866.0000
36.8352	842.0000
36.8557	874.0000
36.8762	835.0000
36.8967	946.0000
36.9171	871.0000
36.9376	899.0000
36.9581	910.0000
36.9786	895.0000
36.9991	875.0000
37.0195	926.0000
37.0400	875.0000
37.0605	906.0000
37.0810	1008.0000
37.1015	932.0000
37.1220	909.0000
37.1424	966.0000
37.1629	926.0000
37.1834	960.0000
37.2039	968.0000
37.2244	966.0000
37.2448	982.0000
37.2653	901.0000
37.2858	968.0000
37.3063	904.0000
37.3268	912.0000
37.3472	954.0000
37.3677	874.0000
37.3882	885.0000
37.4087	846.0000
37.4292	833.0000
37.4496	877.0000
37.4701	824.0000
37.4906	856.0000
37.5111	865.0000
37.5316	851.0000
37.5520	847.0000
37.5725	846.0000
37.5930	816.0000
37.6135	851.0000
37.6340	840.0000
37.6545	800.0000
37.6749	787.0000
37.6954	877.0000
37.7159	798.0000
37.7364	858.0000
37.7569	841.0000
37.7773	884.0000
37.7978	883.0000
37.8183	875.0000
37.8388	852.0000
37.8593	878.0000
37.8797	878.0000
37.9002	863.0000
37.9207	856.0000
37.9412	903.0000
37.9617	868.0000
37.9821	874.0000
38.0026	889.0000
38.0231	879.0000
38.0436	952.0000
38.0641	879.0000
38.0845	967.0000
38.1050	935.0000
38.1255	927.0000
38.1460	973.0000
38.1665	977.0000
38.1869	961.0000
38.2074	995.0000
38.2279	931.0000
38.2484	958.0000
38.2689	1010.0000
38.2894	1016.0000
38.3098	973.0000
38.3303	1013.0000
38.3508	1054.0000
38.3713	1108.0000
38.3918	1050.0000
38.4122	1029.0000
38.4327	1094.0000
38.4532	1128.0000
38.4737	1120.0000
38.4942	1252.0000
38.5146	1286.0000
38.5351	1279.0000
38.5556	1289.0000
38.5761	1424.0000
38.5966	1461.0000
38.6170	1628.0000
38.6375	1538.0000
38.6580	1519.0000
38.6785	1449.0000
38.6990	1462.0000
38.7194	1382.0000
38.7399	1251.0000
38.7604	1311.0000
38.7809	1173.0000
38.8014	1160.0000
38.8219	1091.0000
38.8423	1063.0000
38.8628	1052.0000
38.8833	1050.0000
38.9038	1021.0000
38.9243	1018.0000
38.9447	966.0000
38.9652	978.0000
38.9857	965.0000
39.0062	958.0000
39.0267	936.0000
39.0471	909.0000
39.0676	893.0000
39.0881	976.0000
39.1086	1036.0000
39.1291	958.0000
39.1495	891.0000
39.1700	941.0000
39.1905	977.0000
39.2110	955.0000
39.2315	904.0000
39.2519	911.0000
39.2724	899.0000
39.2929	972.0000
39.3134	891.0000
39.3339	938.0000
39.3543	947.0000
39.3748	904.0000
39.3953	931.0000
39.4158	916.0000
39.4363	863.0000
39.4568	941.0000
39.4772	886.0000
39.4977	897.0000
39.5182	910.0000
39.5387	952.0000
39.5592	886.0000
39.5796	909.0000
39.6001	893.0000
39.6206	943.0000
39.6411	832.0000
39.6616	899.0000
39.6820	909.0000
39.7025	864.0000
39.7230	892.0000
39.7435	881.0000
39.7640	937.0000
39.7844	899.0000
39.8049	911.0000
39.8254	862.0000
39.8459	944.0000
39.8664	941.0000
39.8868	981.0000
39.9073	948.0000
39.9278	991.0000
39.9483	1006.0000
39.9688	1029.0000
39.9892	1015.0000
40.0097	999.0000
40.0302	996.0000
40.0507	1100.0000
40.0712	1121.0000
40.0917	1089.0000
40.1121	1124.0000
40.1326	1102.0000
40.1531	1189.0000
40.1736	1214.0000
40.1941	1190.0000
40.2145	1210.0000
40.2350	1193.0000
40.2555	1131.0000
40.2760	1264.0000
40.2965	1188.0000
40.3169	1220.0000
40.3374	1179.0000
40.3579	1211.0000
40.3784	1203.0000
40.3989	1077.0000
40.4193	1073.0000
40.4398	1093.0000
40.4603	1080.0000
40.4808	1075.0000
40.5013	1016.0000
40.5217	1017.0000
40.5422	1011.0000
40.5627	966.0000
40.5832	1004.0000
40.6037	1043.0000
40.6242	990.0000
40.6446	905.0000
40.6651	956.0000
40.6856	890.0000
40.7061	903.0000
40.7266	915.0000
40.7470	869.0000
40.7675	901.0000
40.7880	874.0000
40.8085	892.0000
40.8290	865.0000
40.8494	858.0000
40.8699	846.0000
40.8904	856.0000
40.9109	840.0000
40.9314	845.0000
40.9518	850.0000
40.9723	920.0000
40.9928	893.0000
41.0133	937.0000
41.0338	853.0000
41.0542	933.0000
41.0747	958.0000
41.0952	938.0000
41.1157	914.0000
41.1362	1031.0000
41.1566	1018.0000
41.1771	1062.0000
41.1976	1059.0000
41.2181	1141.0000
41.2386	1196.0000
41.2591	1218.0000
41.2795	1156.0000
41.3000	1303.0000
41.3205	1297.0000
41.3410	1234.0000
41.3615	1285.0000
41.3819	1168.0000
41.4024	1206.0000
41.4229	1131.0000
41.4434	1119.0000
41.4639	1056.0000
41.4843	993.0000
41.5048	984.0000
41.5253	985.0000
41.5458	1001.0000
41.5663	915.0000
41.5867	968.0000
41.6072	921.0000
41.6277	832.0000
41.6482	845.0000
41.6687	919.0000
41.6891	828.0000
41.7096	821.0000
41.7301	882.0000
41.7506	859.0000
41.7711	866.0000
41.7915	850.0000
41.8120	854.0000
41.8325	855.0000
41.8530	874.0000
41.8735	810.0000
41.8940	824.0000
41.9144	834.0000
41.9349	843.0000
41.9554	869.0000
41.9759	869.0000
41.9964	909.0000
42.0168	884.0000
42.0373	896.0000
42.0578	857.0000
42.0783	874.0000
42.0988	835.0000
42.1192	863.0000
42.1397	853.0000
42.1602	886.0000
42.1807	870.0000
42.2012	886.0000
42.2216	942.0000
42.2421	921.0000
42.2626	917.0000
42.2831	949.0000
42.3036	919.0000
42.3240	888.0000
42.3445	943.0000
42.3650	981.0000
42.3855	945.0000
42.4060	918.0000
42.4265	912.0000
42.4469	896.0000
42.4674	913.0000
42.4879	887.0000
42.5084	905.0000
42.5289	910.0000
42.5493	881.0000
42.5698	901.0000
42.5903	864.0000
42.6108	862.0000
42.6313	911.0000
42.6517	884.0000
42.6722	957.0000
42.6927	910.0000
42.7132	922.0000
42.7337	884.0000
42.7541	935.0000
42.7746	965.0000
42.7951	925.0000
42.8156	922.0000
42.8361	928.0000
42.8565	911.0000
42.8770	919.0000
42.8975	1019.0000
42.9180	1012.0000
42.9385	1046.0000
42.9589	1021.0000
42.9794	1124.0000
42.9999	1067.0000
43.0204	1141.0000
43.0409	1121.0000
43.0614	1139.0000
43.0818	1218.0000
43.1023	1188.0000
43.1228	1266.0000
43.1433	1195.0000
43.1638	1237.0000
43.1842	1274.0000
43.2047	1154.0000
43.2252	1170.0000
43.2457	1136.0000
43.2662	1156.0000
43.2866	1144.0000
43.3071	1142.0000
43.3276	1084.0000
43.3481	1061.0000
43.3686	1047.0000
43.3890	1008.0000
43.4095	1100.0000
43.4300	1023.0000
43.4505	1067.0000
43.4710	943.0000
43.4914	1054.0000
43.5119	1105.0000
43.5324	1029.0000
43.5529	1102.0000
43.5734	1112.0000
43.5939	1085.0000
43.6143	1093.0000
43.6348	1160.0000
43.6553	1084.0000
43.6758	1114.0000
43.6963	1183.0000
43.7167	1171.0000
43.7372	1190.0000
43.7577	1192.0000
43.7782	1256.0000
43.7987	1282.0000
43.8191	1325.0000
43.8396	1358.0000
43.8601	1380.0000
43.8806	1469.0000
43.9011	1504.0000
43.9215	1500.0000
43.9420	1608.0000
43.9625	1632.0000
43.9830	1583.0000
44.0035	1713.0000
44.0239	1669.0000
44.0444	1641.0000
44.0649	1555.0000
44.0854	1532.0000
44.1059	1461.0000
44.1263	1437.0000
44.1468	1383.0000
44.1673	1311.0000
44.1878	1233.0000
44.2083	1201.0000
44.2288	1108.0000
44.2492	1135.0000
44.2697	1136.0000
44.2902	1041.0000
44.3107	1045.0000
44.3312	1060.0000
44.3516	1001.0000
44.3721	1018.0000
44.3926	985.0000
44.4131	963.0000
44.4336	972.0000
44.4540	938.0000
44.4745	869.0000
44.4950	939.0000
44.5155	888.0000
44.5360	923.0000
44.5564	952.0000
44.5769	956.0000
44.5974	999.0000
44.6179	949.0000
44.6384	913.0000
44.6588	958.0000
44.6793	903.0000
44.6998	973.0000
44.7203	926.0000
44.7408	1006.0000
44.7612	977.0000
44.7817	1100.0000
44.8022	1052.0000
44.8227	1101.0000
44.8432	1120.0000
44.8637	1188.0000
44.8841	1195.0000
44.9046	1190.0000
44.9251	1113.0000
44.9456	1192.0000
44.9661	1184.0000
44.9865	1145.0000
45.0070	1085.0000
45.0275	1081.0000
45.0480	1061.0000
45.0685	1024.0000
45.0889	985.0000
45.1094	980.0000
45.1299	938.0000
45.1504	943.0000
45.1709	939.0000
45.1913	927.0000
45.2118	867.0000
45.2323	870.0000
45.2528	956.0000
45.2733	867.0000
45.2937	889.0000
45.3142	931.0000
45.3347	940.0000
45.3552	890.0000
45.3757	964.0000
45.3962	874.0000
45.4166	992.0000
45.4371	1024.0000
45.4576	998.0000
45.4781	1020.0000
45.4986	1104.0000
45.5190	1074.0000
45.5395	1096.0000
45.5600	1155.0000
45.5805	1221.0000
45.6010	1295.0000
45.6214	1402.0000
45.6419	1545.0000
45.6624	1697.0000
45.6829	1917.0000
45.7034	2567.0000
45.7238	3240.0000
45.7443	4598.0000
45.7648	6470.0000
45.7853	8688.0000
45.8058	11026.0000
45.8262	12454.0000
45.8467	13011.0000
45.8672	12290.0000
45.8877	10837.0000
45.9082	9593.0000
45.9286	8618.0000
45.9491	8042.0000
45.9696	7226.0000
45.9901	6273.0000
46.0106	4935.0000
46.0311	3582.0000
46.0515	2647.0000
46.0720	2004.0000
46.0925	1633.0000
46.1130	1396.0000
46.1335	1372.0000
46.1539	1166.0000
46.1744	1180.0000
46.1949	1120.0000
46.2154	1047.0000
46.2359	991.0000
46.2563	1063.0000
46.2768	983.0000
46.2973	1024.0000
46.3178	933.0000
46.3383	960.0000
46.3587	991.0000
46.3792	1010.0000
46.3997	1005.0000
46.4202	1049.0000
46.4407	942.0000
46.4611	975.0000
46.4816	1015.0000
46.5021	983.0000
46.5226	1034.0000
46.5431	965.0000
46.5635	1017.0000
46.5840	1051.0000
46.6045	1009.0000
46.6250	1070.0000
46.6455	1067.0000
46.6660	1077.0000
46.6864	1108.0000
46.7069	1094.0000
46.7274	1096.0000
46.7479	1080.0000
46.7684	1153.0000
46.7888	1071.0000
46.8093	1102.0000
46.8298	1065.0000
46.8503	1110.0000
46.8708	1103.0000
46.8912	1137.0000
46.9117	1089.0000
46.9322	1041.0000
46.9527	1046.0000
46.9732	1054.0000
46.9936	1014.0000
47.0141	1054.0000
47.0346	1058.0000
47.0551	1015.0000
47.0756	1031.0000
47.0960	993.0000
47.1165	1025.0000
47.1370	965.0000
47.1575	951.0000
47.1780	970.0000
47.1985	961.0000
47.2189	942.0000
47.2394	927.0000
47.2599	999.0000
47.2804	880.0000
47.3009	946.0000
47.3213	934.0000
47.3418	927.0000
47.3623	906.0000
47.3828	971.0000
47.4033	885.0000
47.4237	966.0000
47.4442	920.0000
47.4647	934.0000
47.4852	904.0000
47.5057	918.0000
47.5261	938.0000
47.5466	915.0000
47.5671	910.0000
47.5876	902.0000
47.6081	1000.0000
47.6285	912.0000
47.6490	926.0000
47.6695	973.0000
47.6900	969.0000
47.7105	990.0000
47.7309	951.0000
47.7514	897.0000
47.7719	935.0000
47.7924	894.0000
47.8129	919.0000
47.8334	918.0000
47.8538	840.0000
47.8743	888.0000
47.8948	883.0000
47.9153	843.0000
47.9358	873.0000
47.9562	831.0000
47.9767	885.0000
47.9972	803.0000
48.0177	827.0000
48.0382	834.0000
48.0586	846.0000
48.0791	779.0000
48.0996	808.0000
48.1201	801.0000
48.1406	805.0000
48.1610	765.0000
48.1815	793.0000
48.2020	782.0000
48.2225	778.0000
48.2430	791.0000
48.2634	758.0000
48.2839	758.0000
48.3044	738.0000
48.3249	788.0000
48.3454	763.0000
48.3659	808.0000
48.3863	738.0000
48.4068	752.0000
48.4273	787.0000
48.4478	763.0000
48.4683	753.0000
48.4887	757.0000
48.5092	797.0000
48.5297	732.0000
48.5502	763.0000
48.5707	774.0000
48.5911	765.0000
48.6116	828.0000
48.6321	763.0000
48.6526	780.0000
48.6731	741.0000
48.6935	823.0000
48.7140	769.0000
48.7345	753.0000
48.7550	808.0000
48.7755	775.0000
48.7959	820.0000
48.8164	752.0000
48.8369	755.0000
48.8574	805.0000
48.8779	786.0000
48.8983	798.0000
48.9188	752.0000
48.9393	798.0000
48.9598	817.0000
48.9803	840.0000
49.0008	847.0000
49.0212	874.0000
49.0417	860.0000
49.0622	880.0000
49.0827	829.0000
49.1032	915.0000
49.1236	936.0000
49.1441	965.0000
49.1646	919.0000
49.1851	947.0000
49.2056	973.0000
49.2260	864.0000
49.2465	900.0000
49.2670	893.0000
49.2875	920.0000
49.3080	953.0000
49.3284	883.0000
49.3489	963.0000
49.3694	939.0000
49.3899	918.0000
49.4104	918.0000
49.4308	892.0000
49.4513	905.0000
49.4718	849.0000
49.4923	894.0000
49.5128	845.0000
49.5332	880.0000
49.5537	922.0000
49.5742	886.0000
49.5947	853.0000
49.6152	893.0000
49.6357	902.0000
49.6561	852.0000
49.6766	893.0000
49.6971	832.0000
49.7176	896.0000
49.7381	856.0000
49.7585	889.0000
49.7790	834.0000
49.7995	907.0000
49.8200	850.0000
49.8405	860.0000
49.8609	824.0000
49.8814	895.0000
49.9019	945.0000
49.9224	834.0000
49.9429	864.0000
49.9633	941.0000
49.9838	931.0000
