20.0001	990.0000
20.0206	950.0000
20.0411	919.0000
20.0615	955.0000
20.0820	967.0000
20.1025	986.0000
20.1230	1009.0000
20.1435	926.0000
20.1639	951.0000
20.1844	1022.0000
20.2049	962.0000
20.2254	955.0000
20.2459	962.0000
20.2663	1007.0000
20.2868	951.0000
20.3073	921.0000
20.3278	969.0000
20.3483	925.0000
20.3688	979.0000
20.3892	963.0000
20.4097	989.0000
20.4302	975.0000
20.4507	997.0000
20.4712	952.0000
20.4916	941.0000
20.5121	967.0000
20.5326	984.0000
20.5531	976.0000
20.5736	964.0000
20.5940	1039.0000
20.6145	997.0000
20.6350	936.0000
20.6555	963.0000
20.6760	1025.0000
20.6964	957.0000
20.7169	992.0000
20.7374	975.0000
20.7579	1011.0000
20.7784	1020.0000
20.7988	936.0000
20.8193	984.0000
20.8398	1012.0000
20.8603	997.0000
20.8808	980.0000
20.9012	990.0000
20.9217	985.0000
20.9422	1029.0000
20.9627	983.0000
20.9832	997.0000
21.0037	985.0000
21.0241	993.0000
21.0446	997.0000
21.0651	970.0000
21.0856	1020.0000
21.1061	1017.0000
21.1265	991.0000
21.1470	1001.0000
21.1675	1005.0000
21.1880	973.0000
21.2085	1014.0000
21.2289	1017.0000
21.2494	1023.0000
21.2699	1050.0000
21.2904	1060.0000
21.3109	982.0000
21.3313	1047.0000
21.3518	1063.0000
21.3723	1016.0000
21.3928	996.0000
21.4133	1032.0000
21.4337	960.0000
21.4542	1006.0000
21.4747	1027.0000
21.4952	1007.0000
21.5157	1025.0000
21.5362	997.0000
21.5566	1062.0000
21.5771	1011.0000
21.5976	964.0000
21.6181	983.0000
21.6386	1056.0000
21.6590	1032.0000
21.6795	1020.0000
21.7000	1082.0000
21.7205	1048.0000
21.7410	1070.0000
21.7614	1034.0000
21.7819	1009.0000
21.8024	1040.0000
21.8229	1017.0000
21.8434	1000.0000
21.8638	1069.0000
21.8843	1045.0000
21.9048	1077.0000
21.9253	1029.0000
21.9458	1026.0000
21.9662	1027.0000
21.9867	1045.0000
22.0072	995.0000
22.0277	987.0000
22.0482	1010.0000
22.0686	1047.0000
22.0891	1040.0000
22.1096	1028.0000
22.1301	987.0000
22.1506	1022.0000
22.1711	1090.0000
22.1915	1029.0000
22.2120	1045.0000
22.2325	1120.0000
22.2530	1038.0000
22.2735	1049.0000
22.2939	1126.0000
22.3144	1114.0000
22.3349	1033.0000
22.3554	1023.0000
22.3759	1125.0000
22.3963	1045.0000
22.4168	1073.0000
22.4373	1100.0000
22.4578	1059.0000
22.4783	1066.0000
22.4987	1025.0000
22.5192	1032.0000
22.5397	1055.0000
22.5602	1111.0000
22.5807	1049.0000
22.6011	1079.0000
22.6216	1083.0000
22.6421	1100.0000
22.6626	1062.0000
22.6831	1081.0000
22.7035	1088.0000
22.7240	1099.0000
22.7445	1105.0000
22.7650	1083.0000
22.7855	1096.0000
22.8060	1115.0000
22.8264	1076.0000
22.8469	1165.0000
22.8674	1124.0000
22.8879	1097.0000
22.9084	1101.0000
22.9288	1124.0000
22.9493	1129.0000
22.9698	1145.0000
22.9903	1094.0000
23.0108	1082.0000
23.0312	1167.0000
23.0517	1115.0000
23.0722	1109.0000
23.0927	1100.0000
23.1132	1070.0000
23.1336	1134.0000
23.1541	1134.0000
23.1746	1113.0000
23.1951	1111.0000
23.2156	1096.0000
23.2360	1105.0000
23.2565	1121.0000
23.2770	1066.0000
23.2975	1055.0000
23.3180	1067.0000
23.3385	1100.0000
23.3589	1166.0000
23.3794	1122.0000
23.3999	1115.0000
23.4204	1089.0000
23.4409	1121.0000
23.4613	1133.0000
23.4818	1145.0000
23.5023	1207.0000
23.5228	1151.0000
23.5433	1157.0000
23.5637	1150.0000
23.5842	1126.0000
23.6047	1184.0000
23.6252	1157.0000
23.6457	1108.0000
23.6661	1151.0000
23.6866	1145.0000
23.7071	1189.0000
23.7276	1165.0000
23.7481	1200.0000
23.7685	1182.0000
23.7890	1188.0000
23.8095	1206.0000
23.8300	1174.0000
23.8505	1148.0000
23.8709	1167.0000
23.8914	1173.0000
23.9119	1225.0000
23.9324	1166.0000
23.9529	1139.0000
23.9734	1174.0000
23.9938	1176.0000
24.0143	1154.0000
24.0348	1178.0000
24.0553	1189.0000
24.0758	1110.0000
24.0962	1115.0000
24.1167	1105.0000
24.1372	1149.0000
24.1577	1200.0000
24.1782	1140.0000
24.1986	1171.0000
24.2191	1139.0000
24.2396	1099.0000
24.2601	1129.0000
24.2806	1209.0000
24.3010	1158.0000
24.3215	1187.0000
24.3420	1149.0000
24.3625	1148.0000
24.3830	1223.0000
24.4034	1242.0000
24.4239	1152.0000
24.4444	1131.0000
24.4649	1186.0000
24.4854	1208.0000
24.5059	1196.0000
24.5263	1191.0000
24.5468	1238.0000
24.5673	1284.0000
24.5878	1260.0000
24.6083	1267.0000
24.6287	1282.0000
24.6492	1304.0000
24.6697	1301.0000
24.6902	1325.0000
24.7107	1302.0000
24.7311	1323.0000
24.7516	1380.0000
24.7721	1356.0000
24.7926	1253.0000
24.8131	1235.0000
24.8335	1232.0000
24.8540	1224.0000
24.8745	1113.0000
24.8950	1098.0000
24.9155	1108.0000
24.9359	1070.0000
24.9564	1133.0000
24.9769	1069.0000
24.9974	1064.0000
25.0179	1049.0000
25.0383	1121.0000
25.0588	1042.0000
25.0793	1091.0000
25.0998	1106.0000
25.1203	1122.0000
25.1408	1109.0000
25.1612	1096.0000
25.1817	1097.0000
25.2022	1085.0000
25.2227	1021.0000
25.2432	1103.0000
25.2636	1086.0000
25.2841	1091.0000
25.3046	1150.0000
25.3251	1110.0000
25.3456	1090.0000
25.3660	1191.0000
25.3865	1250.0000
25.4070	1175.0000
25.4275	1199.0000
25.4480	1241.0000
25.4684	1251.0000
25.4889	1215.0000
25.5094	1178.0000
25.5299	1248.0000
25.5504	1249.0000
25.5708	1201.0000
25.5913	1250.0000
25.6118	1213.0000
25.6323	1261.0000
25.6528	1231.0000
25.6732	1231.0000
25.6937	1191.0000
25.7142	1233.0000
25.7347	1191.0000
25.7552	1151.0000
25.7757	1199.0000
25.7961	1163.0000
25.8166	1213.0000
25.8371	1206.0000
25.8576	1214.0000
25.8781	1099.0000
25.8985	1161.0000
25.9190	1064.0000
25.9395	1156.0000
25.9600	1079.0000
25.9805	1102.0000
26.0009	1063.0000
26.0214	1074.0000
26.0419	1084.0000
26.0624	1125.0000
26.0829	1111.0000
26.1033	1077.0000
26.1238	1097.0000
26.1443	1071.0000
26.1648	1071.0000
26.1853	1039.0000
26.2057	1023.0000
26.2262	1057.0000
26.2467	1005.0000
26.2672	1021.0000
26.2877	974.0000
26.3082	1047.0000
26.3286	1035.0000
26.3491	1008.0000
26.3696	987.0000
26.3901	1031.0000
26.4106	992.0000
26.4310	1016.0000
26.4515	993.0000
26.4720	988.0000
26.4925	1022.0000
26.5130	983.0000
26.5334	929.0000
26.5539	953.0000
26.5744	1014.0000
26.5949	941.0000
26.6154	951.0000
26.6358	1051.0000
26.6563	1009.0000
26.6768	949.0000
26.6973	966.0000
26.7178	981.0000
26.7382	985.0000
26.7587	942.0000
26.7792	1002.0000
26.7997	946.0000
26.8202	986.0000
26.8406	954.0000
26.8611	969.0000
26.8816	919.0000
26.9021	970.0000
26.9226	965.0000
26.9431	920.0000
26.9635	901.0000
26.9840	921.0000
27.0045	957.0000
27.0250	893.0000
27.0455	946.0000
27.0659	910.0000
27.0864	850.0000
27.1069	925.0000
27.1274	953.0000
27.1479	969.0000
27.1683	995.0000
27.1888	900.0000
27.2093	918.0000
27.2298	1017.0000
27.2503	1004.0000
27.2707	938.0000
27.2912	972.0000
27.3117	939.0000
27.3322	961.0000
27.3527	958.0000
27.3731	965.0000
27.3936	914.0000
27.4141	945.0000
27.4346	1012.0000
27.4551	958.0000
27.4755	996.0000
27.4960	954.0000
27.5165	932.0000
27.5370	977.0000
27.5575	947.0000
27.5780	966.0000
27.5984	999.0000
27.6189	867.0000
27.6394	978.0000
27.6599	985.0000
27.6804	920.0000
27.7008	1049.0000
27.7213	995.0000
27.7418	1022.0000
27.7623	1004.0000
27.7828	1057.0000
27.8032	1032.0000
27.8237	1076.0000
27.8442	1096.0000
27.8647	1125.0000
27.8852	1128.0000
27.9056	1204.0000
27.9261	1261.0000
27.9466	1220.0000
27.9671	1257.0000
27.9876	1235.0000
28.0080	1418.0000
28.0285	1253.0000
28.0490	1436.0000
28.0695	1380.0000
28.0900	1403.0000
28.1105	1456.0000
28.1309	1288.0000
28.1514	1395.0000
28.1719	1370.0000
28.1924	1347.0000
28.2129	1308.0000
28.2333	1286.0000
28.2538	1278.0000
28.2743	1308.0000
28.2948	1254.0000
28.3153	1170.0000
28.3357	1154.0000
28.3562	1138.0000
28.3767	1090.0000
28.3972	1144.0000
28.4177	1083.0000
28.4381	1088.0000
28.4586	1002.0000
28.4791	1033.0000
28.4996	1015.0000
28.5201	987.0000
28.5405	1019.0000
28.5610	945.0000
28.5815	981.0000
28.6020	976.0000
28.6225	967.0000
28.6429	955.0000
28.6634	928.0000
28.6839	913.0000
28.7044	925.0000
28.7249	944.0000
28.7454	930.0000
28.7658	850.0000
28.7863	938.0000
28.8068	955.0000
28.8273	902.0000
28.8478	978.0000
28.8682	912.0000
28.8887	883.0000
28.9092	919.0000
28.9297	892.0000
28.9502	899.0000
28.9706	884.0000
28.9911	833.0000
29.0116	906.0000
29.0321	886.0000
29.0526	898.0000
29.0730	876.0000
29.0935	884.0000
29.1140	959.0000
29.1345	862.0000
29.1550	913.0000
29.1754	856.0000
29.1959	826.0000
29.2164	851.0000
29.2369	890.0000
29.2574	850.0000
29.2779	838.0000
29.2983	868.0000
29.3188	910.0000
29.3393	896.0000
29.3598	844.0000
29.3803	855.0000
29.4007	858.0000
29.4212	930.0000
29.4417	851.0000
29.4622	846.0000
29.4827	823.0000
29.5031	912.0000
29.5236	892.0000
29.5441	936.0000
29.5646	891.0000
29.5851	908.0000
29.6055	884.0000
29.6260	809.0000
29.6465	904.0000
29.6670	901.0000
29.6875	977.0000
29.7079	950.0000
29.7284	963.0000
29.7489	947.0000
29.7694	939.0000
29.7899	939.0000
29.8103	956.0000
29.8308	968.0000
29.8513	955.0000
29.8718	1002.0000
29.8923	917.0000
29.9128	935.0000
29.9332	887.0000
29.9537	912.0000
29.9742	914.0000
29.9947	879.0000
30.0152	890.0000
30.0356	848.0000
30.0561	892.0000
30.0766	872.0000
30.0971	895.0000
30.1176	890.0000
30.1380	888.0000
30.1585	862.0000
30.1790	870.0000
30.1995	864.0000
30.2200	863.0000
30.2404	856.0000
30.2609	855.0000
30.2814	837.0000
30.3019	892.0000
30.3224	845.0000
30.3428	859.0000
30.3633	844.0000
30.3838	880.0000
30.4043	848.0000
30.4248	825.0000
30.4452	852.0000
30.4657	876.0000
30.4862	867.0000
30.5067	828.0000
30.5272	818.0000
30.5477	876.0000
30.5681	883.0000
30.5886	834.0000
30.6091	830.0000
30.6296	899.0000
30.6501	925.0000
30.6705	948.0000
30.6910	868.0000
30.7115	895.0000
30.7320	922.0000
30.7525	905.0000
30.7729	862.0000
30.7934	868.0000
30.8139	871.0000
30.8344	886.0000
30.8549	860.0000
30.8753	842.0000
30.8958	837.0000
30.9163	893.0000
30.9368	887.0000
30.9573	878.0000
30.9777	922.0000
30.9982	814.0000
31.0187	868.0000
31.0392	856.0000
31.0597	824.0000
31.0802	842.0000
31.1006	888.0000
31.1211	817.0000
31.1416	863.0000
31.1621	833.0000
31.1826	829.0000
31.2030	847.0000
31.2235	840.0000
31.2440	896.0000
31.2645	890.0000
31.2850	819.0000
31.3054	850.0000
31.3259	829.0000
31.3464	874.0000
31.3669	901.0000
31.3874	857.0000
31.4078	893.0000
31.4283	847.0000
31.4488	828.0000
31.4693	867.0000
31.4898	805.0000
31.5102	848.0000
31.5307	869.0000
31.5512	869.0000
31.5717	814.0000
31.5922	852.0000
31.6126	787.0000
31.6331	835.0000
31.6536	809.0000
31.6741	812.0000
31.6946	848.0000
31.7151	870.0000
31.7355	866.0000
31.7560	841.0000
31.7765	782.0000
31.7970	834.0000
31.8175	909.0000
31.8379	863.0000
31.8584	841.0000
31.8789	859.0000
31.8994	793.0000
31.9199	823.0000
31.9403	915.0000
31.9608	894.0000
31.9813	912.0000
32.0018	854.0000
32.0223	869.0000
32.0427	863.0000
32.0632	874.0000
32.0837	908.0000
32.1042	809.0000
32.1247	869.0000
32.1451	877.0000
32.1656	835.0000
32.1861	852.0000
32.2066	816.0000
32.2271	872.0000
32.2475	812.0000
32.2680	895.0000
32.2885	817.0000
32.3090	839.0000
32.3295	833.0000
32.3500	877.0000
32.3704	864.0000
32.3909	802.0000
32.4114	883.0000
32.4319	822.0000
32.4524	824.0000
32.4728	850.0000
32.4933	811.0000
32.5138	875.0000
32.5343	844.0000
32.5548	844.0000
32.5752	863.0000
32.5957	817.0000
32.6162	847.0000
32.6367	823.0000
32.6572	860.0000
32.6776	897.0000
32.6981	872.0000
32.7186	808.0000
32.7391	875.0000
32.7596	824.0000
32.7800	853.0000
32.8005	872.0000
32.8210	860.0000
32.8415	902.0000
32.8620	876.0000
32.8825	896.0000
32.9029	819.0000
32.9234	860.0000
32.9439	853.0000
32.9644	866.0000
32.9849	895.0000
33.0053	882.0000
33.0258	878.0000
33.0463	866.0000
33.0668	836.0000
33.0873	878.0000
33.1077	841.0000
33.1282	839.0000
33.1487	882.0000
33.1692	877.0000
33.1897	892.0000
33.2101	868.0000
33.2306	938.0000
33.2511	865.0000
33.2716	948.0000
33.2921	915.0000
33.3125	940.0000
33.3330	898.0000
33.3535	911.0000
33.3740	928.0000
33.3945	888.0000
33.4149	929.0000
33.4354	885.0000
33.4559	901.0000
33.4764	914.0000
33.4969	878.0000
33.5174	887.0000
33.5378	928.0000
33.5583	924.0000
33.5788	919.0000
33.5993	947.0000
33.6198	896.0000
33.6402	880.0000
33.6607	858.0000
33.6812	946.0000
33.7017	931.0000
33.7222	903.0000
33.7426	847.0000
33.7631	968.0000
33.7836	918.0000
33.8041	900.0000
33.8246	904.0000
33.8450	914.0000
33.8655	920.0000
33.8860	858.0000
33.9065	920.0000
33.9270	944.0000
33.9474	894.0000
33.9679	923.0000
33.9884	950.0000
34.0089	893.0000
34.0294	895.0000
34.0499	913.0000
34.0703	960.0000
34.0908	918.0000
34.1113	842.0000
34.1318	911.0000
34.1523	899.0000
34.1727	885.0000
34.1932	880.0000
34.2137	944.0000
34.2342	908.0000
34.2547	906.0000
34.2751	904.0000
34.2956	871.0000
34.3161	882.0000
34.3366	888.0000
34.3571	907.0000
34.3775	855.0000
34.3980	916.0000
34.4185	904.0000
34.4390	874.0000
34.4595	922.0000
34.4799	867.0000
34.5004	925.0000
34.5209	902.0000
34.5414	879.0000
34.5619	938.0000
34.5823	936.0000
34.6028	932.0000
34.6233	898.0000
34.6438	915.0000
34.6643	944.0000
34.6848	888.0000
34.7052	923.0000
34.7257	982.0000
34.7462	921.0000
34.7667	917.0000
34.7872	980.0000
34.8076	999.0000
34.8281	991.0000
34.8486	1032.0000
34.8691	1004.0000
34.8896	1012.0000
34.9100	1002.0000
34.9305	988.0000
34.9510	1016.0000
34.9715	1012.0000
34.9920	963.0000
35.0124	1010.0000
35.0329	941.0000
35.0534	941.0000
35.0739	1009.0000
35.0944	947.0000
35.1148	936.0000
35.1353	1005.0000
35.1558	972.0000
35.1763	1029.0000
35.1968	1002.0000
35.2172	990.0000
35.2377	1044.0000
35.2582	987.0000
35.2787	1018.0000
35.2992	974.0000
35.3197	971.0000
35.3401	989.0000
35.3606	903.0000
35.3811	970.0000
35.4016	955.0000
35.4221	938.0000
35.4425	959.0000
35.4630	938.0000
35.4835	941.0000
35.5040	955.0000
35.5245	961.0000
35.5449	937.0000
35.5654	979.0000
35.5859	975.0000
35.6064	934.0000
35.6269	985.0000
35.6473	998.0000
35.6678	996.0000
35.6883	1033.0000
35.7088	983.0000
35.7293	994.0000
35.7497	1064.0000
35.7702	1009.0000
35.7907	1001.0000
35.8112	1027.0000
35.8317	1080.0000
35.8522	1094.0000
35.8726	1130.0000
35.8931	1124.0000
35.9136	1123.0000
35.9341	1199.0000
35.9546	1155.0000
35.9750	1170.0000
35.9955	1167.0000
36.0160	1127.0000
36.0365	1142.0000
36.0570	1141.0000
36.0774	1133.0000
36.0979	1080.0000
36.1184	1114.0000
36.1389	1111.0000
36.1594	1077.0000
36.1798	1055.0000
36.2003	1025.0000
36.2208	1049.0000
36.2413	1033.0000
36.2618	992.0000
36.2822	1065.0000
36.3027	1076.0000
36.3232	1043.0000
36.3437	1026.0000
36.3642	1040.0000
36.3846	1001.0000
36.4051	1039.0000
36.4256	998.0000
36.4461	981.0000
36.4666	1024.0000
36.4871	1053.0000
36.5075	936.0000
36.5280	964.0000
36.5485	1008.0000
36.5690	1045.0000
36.5895	985.0000
36.6099	1029.0000
36.6304	997.0000
36.6509	1012.0000
36.6714	992.0000
36.6919	1001.0000
36.7123	944.0000
36.7328	972.0000
36.7533	988.0000
36.7738	1019.0000
36.7943	1012.0000
36.8147	1025.0000
36.8352	1024.0000
36.8557	1000.0000
36.8762	1060.0000
36.8967	1069.0000
36.9171	1087.0000
36.9376	1037.0000
36.9581	1103.0000
36.9786	1035.0000
36.9991	1084.0000
37.0195	1064.0000
37.0400	1073.0000
37.0605	1072.0000
37.0810	1178.0000
37.1015	1169.0000
37.1220	1163.0000
37.1424	1110.0000
37.1629	1126.0000
37.1834	1063.0000
37.2039	1107.0000
37.2244	1060.0000
37.2448	1180.0000
37.2653	1119.0000
37.2858	1200.0000
37.3063	1085.0000
37.3268	1101.0000
37.3472	1069.0000
37.3677	1130.0000
37.3882	1113.0000
37.4087	1111.0000
37.4292	1077.0000
37.4496	1150.0000
37.4701	1052.0000
37.4906	1089.0000
37.5111	1098.0000
37.5316	1111.0000
37.5520	1182.0000
37.5725	1123.0000
37.5930	1108.0000
37.6135	1087.0000
37.6340	1119.0000
37.6545	1059.0000
37.6749	1137.0000
37.6954	1185.0000
37.7159	1146.0000
37.7364	1168.0000
37.7569	1069.0000
37.7773	1095.0000
37.7978	1081.0000
37.8183	1157.0000
37.8388	1129.0000
37.8593	1110.0000
37.8797	1097.0000
37.9002	1100.0000
37.9207	1185.0000
37.9412	1137.0000
37.9617	1187.0000
37.9821	1196.0000
38.0026	1117.0000
38.0231	1168.0000
38.0436	1107.0000
38.0641	1212.0000
38.0845	1143.0000
38.1050	1215.0000
38.1255	1194.0000
38.1460	1180.0000
38.1665	1286.0000
38.1869	1280.0000
38.2074	1192.0000
38.2279	1343.0000
38.2484	1282.0000
38.2689	1274.0000
38.2894	1304.0000
38.3098	1288.0000
38.3303	1384.0000
38.3508	1330.0000
38.3713	1371.0000
38.3918	1375.0000
38.4122	1402.0000
38.4327	1420.0000
38.4532	1456.0000
38.4737	1523.0000
38.4942	1561.0000
38.5146	1625.0000
38.5351	1742.0000
38.5556	1771.0000
38.5761	1714.0000
38.5966	1804.0000
38.6170	1763.0000
38.6375	1783.0000
38.6580	1732.0000
38.6785	1837.0000
38.6990	1677.0000
38.7194	1636.0000
38.7399	1526.0000
38.7604	1528.0000
38.7809	1336.0000
38.8014	1324.0000
38.8219	1337.0000
38.8423	1204.0000
38.8628	1140.0000
38.8833	1115.0000
38.9038	1128.0000
38.9243	1055.0000
38.9447	1105.0000
38.9652	1001.0000
38.9857	1051.0000
39.0062	991.0000
39.0267	1009.0000
39.0471	975.0000
39.0676	997.0000
39.0881	981.0000
39.1086	1008.0000
39.1291	961.0000
39.1495	910.0000
39.1700	908.0000
39.1905	961.0000
39.2110	888.0000
39.2315	953.0000
39.2519	900.0000
39.2724	942.0000
39.2929	879.0000
39.3134	900.0000
39.3339	887.0000
39.3543	834.0000
39.3748	888.0000
39.3953	879.0000
39.4158	825.0000
39.4363	864.0000
39.4568	849.0000
39.4772	886.0000
39.4977	842.0000
39.5182	843.0000
39.5387	891.0000
39.5592	916.0000
39.5796	902.0000
39.6001	823.0000
39.6206	912.0000
39.6411	854.0000
39.6616	884.0000
39.6820	847.0000
39.7025	887.0000
39.7230	862.0000
39.7435	875.0000
39.7640	869.0000
39.7844	880.0000
39.8049	883.0000
39.8254	858.0000
39.8459	808.0000
39.8664	909.0000
39.8868	805.0000
39.9073	868.0000
39.9278	859.0000
39.9483	876.0000
39.9688	878.0000
39.9892	854.0000
40.0097	811.0000
40.0302	900.0000
40.0507	877.0000
40.0712	861.0000
40.0917	781.0000
40.1121	833.0000
40.1326	857.0000
40.1531	873.0000
40.1736	857.0000
40.1941	868.0000
40.2145	810.0000
40.2350	855.0000
40.2555	899.0000
40.2760	863.0000
40.2965	850.0000
40.3169	867.0000
40.3374	830.0000
40.3579	872.0000
40.3784	851.0000
40.3989	846.0000
40.4193	878.0000
40.4398	882.0000
40.4603	870.0000
40.4808	857.0000
40.5013	816.0000
40.5217	801.0000
40.5422	813.0000
40.5627	917.0000
40.5832	817.0000
40.6037	812.0000
40.6242	906.0000
40.6446	815.0000
40.6651	911.0000
40.6856	847.0000
40.7061	840.0000
40.7266	841.0000
40.7470	923.0000
40.7675	923.0000
40.7880	878.0000
40.8085	838.0000
40.8290	871.0000
40.8494	860.0000
40.8699	935.0000
40.8904	918.0000
40.9109	864.0000
40.9314	952.0000
40.9518	903.0000
40.9723	903.0000
40.9928	932.0000
41.0133	947.0000
41.0338	961.0000
41.0542	943.0000
41.0747	959.0000
41.0952	1015.0000
41.1157	959.0000
41.1362	1044.0000
41.1566	1019.0000
41.1771	1078.0000
41.1976	1113.0000
41.2181	1158.0000
41.2386	1202.0000
41.2591	1236.0000
41.2795	1253.0000
41.3000	1273.0000
41.3205	1259.0000
41.3410	1293.0000
41.3615	1217.0000
41.3819	1273.0000
41.4024	1197.0000
41.4229	1204.0000
41.4434	1182.0000
41.4639	1051.0000
41.4843	1115.0000
41.5048	996.0000
41.5253	1020.0000
41.5458	914.0000
41.5663	955.0000
41.5867	915.0000
41.6072	891.0000
41.6277	834.0000
41.6482	914.0000
41.6687	831.0000
41.6891	847.0000
41.7096	837.0000
41.7301	926.0000
41.7506	904.0000
41.7711	912.0000
41.7915	845.0000
41.8120	844.0000
41.8325	870.0000
41.8530	881.0000
41.8735	887.0000
41.8940	852.0000
41.9144	880.0000
41.9349	822.0000
41.9554	895.0000
41.9759	914.0000
41.9964	867.0000
42.0168	857.0000
42.0373	870.0000
42.0578	874.0000
42.0783	889.0000
42.0988	856.0000
42.1192	867.0000
42.1397	865.0000
42.1602	909.0000
42.1807	902.0000
42.2012	830.0000
42.2216	889.0000
42.2421	909.0000
42.2626	926.0000
42.2831	980.0000
42.3036	934.0000
42.3240	936.0000
42.3445	910.0000
42.3650	938.0000
42.3855	884.0000
42.4060	971.0000
42.4265	904.0000
42.4469	905.0000
42.4674	901.0000
42.4879	949.0000
42.5084	890.0000
42.5289	949.0000
42.5493	915.0000
42.5698	824.0000
42.5903	888.0000
42.6108	895.0000
42.6313	881.0000
42.6517	909.0000
42.6722	866.0000
42.6927	856.0000
42.7132	850.0000
42.7337	814.0000
42.7541	808.0000
42.7746	827.0000
42.7951	886.0000
42.8156	791.0000
42.8361	869.0000
42.8565	828.0000
42.8770	835.0000
42.8975	840.0000
42.9180	863.0000
42.9385	867.0000
42.9589	821.0000
42.9794	858.0000
42.9999	902.0000
43.0204	883.0000
43.0409	907.0000
43.0614	897.0000
43.0818	841.0000
43.1023	874.0000
43.1228	898.0000
43.1433	903.0000
43.1638	833.0000
43.1842	868.0000
43.2047	921.0000
43.2252	857.0000
43.2457	869.0000
43.2662	900.0000
43.2866	890.0000
43.3071	877.0000
43.3276	869.0000
43.3481	876.0000
43.3686	922.0000
43.3890	925.0000
43.4095	889.0000
43.4300	952.0000
43.4505	960.0000
43.4710	932.0000
43.4914	991.0000
43.5119	1008.0000
43.5324	1049.0000
43.5529	985.0000
43.5734	1051.0000
43.5939	1129.0000
43.6143	1058.0000
43.6348	1089.0000
43.6553	1103.0000
43.6758	1076.0000
43.6963	1110.0000
43.7167	1068.0000
43.7372	1063.0000
43.7577	1112.0000
43.7782	1192.0000
43.7987	1107.0000
43.8191	1183.0000
43.8396	1198.0000
43.8601	1258.0000
43.8806	1300.0000
43.9011	1322.0000
43.9215	1272.0000
43.9420	1411.0000
43.9625	1454.0000
43.9830	1445.0000
44.0035	1476.0000
44.0239	1560.0000
44.0444	1597.0000
44.0649	1528.0000
44.0854	1511.0000
44.1059	1392.0000
44.1263	1426.0000
44.1468	1393.0000
44.1673	1281.0000
44.1878	1274.0000
44.2083	1231.0000
44.2288	1212.0000
44.2492	1197.0000
44.2697	1024.0000
44.2902	1056.0000
44.3107	1088.0000
44.3312	1048.0000
44.3516	1006.0000
44.3721	970.0000
44.3926	979.0000
44.4131	1002.0000
44.4336	1016.0000
44.4540	924.0000
44.4745	967.0000
44.4950	968.0000
44.5155	976.0000
44.5360	943.0000
44.5564	1011.0000
44.5769	948.0000
44.5974	898.0000
44.6179	941.0000
44.6384	970.0000
44.6588	905.0000
44.6793	930.0000
44.6998	861.0000
44.7203	949.0000
44.7408	973.0000
44.7612	1002.0000
44.7817	971.0000
44.8022	937.0000
44.8227	975.0000
44.8432	955.0000
44.8637	987.0000
44.8841	938.0000
44.9046	898.0000
44.9251	932.0000
44.9456	960.0000
44.9661	966.0000
44.9865	962.0000
45.0070	894.0000
45.0275	968.0000
45.0480	925.0000
45.0685	938.0000
45.0889	924.0000
45.1094	971.0000
45.1299	940.0000
45.1504	916.0000
45.1709	954.0000
45.1913	1008.0000
45.2118	991.0000
45.2323	973.0000
45.2528	940.0000
45.2733	975.0000
45.2937	990.0000
45.3142	1028.0000
45.3347	987.0000
45.3552	1037.0000
45.3757	996.0000
45.3962	1028.0000
45.4166	1012.0000
45.4371	1130.0000
45.4576	1069.0000
45.4781	1122.0000
45.4986	1199.0000
45.5190	1149.0000
45.5395	1154.0000
45.5600	1239.0000
45.5805	1367.0000
45.6010	1301.0000
45.6214	1434.0000
45.6419	1570.0000
45.6624	1778.0000
45.6829	2027.0000
45.7034	2500.0000
45.7238	3533.0000
45.7443	4565.0000
45.7648	6608.0000
45.7853	8744.0000
45.8058	11266.0000
45.8262	12932.0000
45.8467	12947.0000
45.8672	12200.0000
45.8877	10631.0000
45.9082	9664.0000
45.9286	8613.0000
45.9491	8189.0000
45.9696	7247.0000
45.9901	6254.0000
46.0106	5023.0000
46.0311	3632.0000
46.0515	2759.0000
46.0720	2037.0000
46.0925	1662.0000
46.1130	1569.0000
46.1335	1413.0000
46.1539	1323.0000
46.1744	1299.0000
46.1949	1278.0000
46.2154	1244.0000
46.2359	1182.0000
46.2563	1114.0000
46.2768	1114.0000
46.2973	1047.0000
46.3178	1130.0000
46.3383	1033.0000
46.3587	1078.0000
46.3792	1043.0000
46.3997	994.0000
46.4202	1050.0000
46.4407	1079.0000
46.4611	1078.0000
46.4816	1034.0000
46.5021	1055.0000
46.5226	1025.0000
46.5431	960.0000
46.5635	968.0000
46.5840	1019.0000
46.6045	992.0000
46.6250	1021.0000
46.6455	979.0000
46.6660	974.0000
46.6864	1027.0000
46.7069	929.0000
46.7274	1019.0000
46.7479	971.0000
46.7684	1016.0000
46.7888	948.0000
46.8093	982.0000
46.8298	971.0000
46.8503	966.0000
46.8708	977.0000
46.8912	930.0000
46.9117	910.0000
46.9322	921.0000
46.9527	900.0000
46.9732	940.0000
46.9936	950.0000
47.0141	894.0000
47.0346	937.0000
47.0551	901.0000
47.0756	952.0000
47.0960	890.0000
47.1165	879.0000
47.1370	916.0000
47.1575	869.0000
47.1780	875.0000
47.1985	864.0000
47.2189	860.0000
47.2394	897.0000
47.2599	883.0000
47.2804	904.0000
47.3009	893.0000
47.3213	924.0000
47.3418	885.0000
47.3623	937.0000
47.3828	863.0000
47.4033	886.0000
47.4237	960.0000
47.4442	866.0000
47.4647	909.0000
47.4852	911.0000
47.5057	813.0000
47.5261	936.0000
47.5466	892.0000
47.5671	914.0000
47.5876	873.0000
47.6081	863.0000
47.6285	885.0000
47.6490	875.0000
47.6695	953.0000
47.6900	915.0000
47.7105	868.0000
47.7309	906.0000
47.7514	800.0000
47.7719	836.0000
47.7924	881.0000
47.8129	847.0000
47.8334	857.0000
47.8538	821.0000
47.8743	827.0000
47.8948	870.0000
47.9153	815.0000
47.9358	868.0000
47.9562	820.0000
47.9767	820.0000
47.9972	860.0000
48.0177	854.0000
48.0382	839.0000
48.0586	770.0000
48.0791	821.0000
48.0996	863.0000
48.1201	811.0000
48.1406	807.0000
48.1610	862.0000
48.1815	793.0000
48.2020	846.0000
48.2225	808.0000
48.2430	847.0000
48.2634	817.0000
48.2839	804.0000
48.3044	810.0000
48.3249	827.0000
48.3454	809.0000
48.3659	812.0000
48.3863	820.0000
48.4068	785.0000
48.4273	791.0000
48.4478	808.0000
48.4683	807.0000
48.4887	790.0000
48.5092	789.0000
48.5297	789.0000
48.5502	805.0000
48.5707	821.0000
48.5911	792.0000
48.6116	777.0000
48.6321	789.0000
48.6526	729.0000
48.6731	810.0000
48.6935	782.0000
48.7140	780.0000
48.7345	791.0000
48.7550	775.0000
48.7755	837.0000
48.7959	740.0000
48.8164	826.0000
48.8369	807.0000
48.8574	845.0000
48.8779	800.0000
48.8983	803.0000
48.9188	778.0000
48.9393	781.0000
48.9598	819.0000
48.9803	845.0000
49.0008	873.0000
49.0212	801.0000
49.0417	866.0000
49.0622	875.0000
49.0827	877.0000
49.1032	913.0000
49.1236	920.0000
49.1441	882.0000
49.1646	913.0000
49.1851	911.0000
49.2056	900.0000
49.2260	859.0000
49.2465	942.0000
49.2670	853.0000
49.2875	866.0000
49.3080	832.0000
49.3284	843.0000
49.3489	815.0000
49.3694	805.0000
49.3899	805.0000
49.4104	844.0000
49.4308	815.0000
49.4513	848.0000
49.4718	836.0000
49.4923	849.0000
49.5128	791.0000
49.5332	900.0000
49.5537	808.0000
49.5742	858.0000
49.5947	847.0000
49.6152	824.0000
49.6357	841.0000
49.6561	868.0000
49.6766	842.0000
49.6971	861.0000
49.7176	842.0000
49.7381	878.0000
49.7585	847.0000
49.7790	833.0000
49.7995	866.0000
49.8200	900.0000
49.8405	878.0000
49.8609	880.0000
49.8814	860.0000
49.9019	864.0000
49.9224	907.0000
49.9429	955.0000
49.9633	898.0000
49.9838	980.0000
