20.0001	978.0000
20.0206	979.0000
20.0411	993.0000
20.0615	1023.0000
20.0820	1002.0000
20.1025	993.0000
20.1230	1034.0000
20.1435	1025.0000
20.1639	1056.0000
20.1844	1023.0000
20.2049	953.0000
20.2254	1028.0000
20.2459	1024.0000
20.2663	1037.0000
20.2868	959.0000
20.3073	1042.0000
20.3278	1045.0000
20.3483	1039.0000
20.3688	1084.0000
20.3892	997.0000
20.4097	1077.0000
20.4302	1041.0000
20.4507	1011.0000
20.4712	1010.0000
20.4916	995.0000
20.5121	1027.0000
20.5326	1013.0000
20.5531	1117.0000
20.5736	1042.0000
20.5940	1031.0000
20.6145	1060.0000
20.6350	1003.0000
20.6555	992.0000
20.6760	1060.0000
20.6964	1004.0000
20.7169	1056.0000
20.7374	1104.0000
20.7579	1073.0000
20.7784	1053.0000
20.7988	1037.0000
20.8193	1079.0000
20.8398	1109.0000
20.8603	1120.0000
20.8808	1096.0000
20.9012	1008.0000
20.9217	1077.0000
20.9422	1131.0000
20.9627	1131.0000
20.9832	1101.0000
21.0037	1083.0000
21.0241	1081.0000
21.0446	1146.0000
21.0651	1083.0000
21.0856	1146.0000
21.1061	1125.0000
21.1265	1138.0000
21.1470	1064.0000
21.1675	1105.0000
21.1880	1086.0000
21.2085	1103.0000
21.2289	1099.0000
21.2494	1134.0000
21.2699	1108.0000
21.2904	1136.0000
21.3109	1145.0000
21.3313	1128.0000
21.3518	1098.0000
21.3723	1104.0000
21.3928	1132.0000
21.4133	1102.0000
21.4337	1158.0000
21.4542	1165.0000
21.4747	1136.0000
21.4952	1188.0000
21.5157	1190.0000
21.5362	1138.0000
21.5566	1192.0000
21.5771	1151.0000
21.5976	1183.0000
21.6181	1194.0000
21.6386	1198.0000
21.6590	1236.0000
21.6795	1192.0000
21.7000	1190.0000
21.7205	1263.0000
21.7410	1162.0000
21.7614	1189.0000
21.7819	1158.0000
21.8024	1200.0000
21.8229	1221.0000
21.8434	1198.0000
21.8638	1179.0000
21.8843	1247.0000
21.9048	1209.0000
21.9253	1280.0000
21.9458	1170.0000
21.9662	1264.0000
21.9867	1291.0000
22.0072	1204.0000
22.0277	1242.0000
22.0482	1215.0000
22.0686	1236.0000
22.0891	1305.0000
22.1096	1242.0000
22.1301	1252.0000
22.1506	1284.0000
22.1711	1231.0000
22.1915	1257.0000
22.2120	1285.0000
22.2325	1312.0000
22.2530	1227.0000
22.2735	1296.0000
22.2939	1274.0000
22.3144	1318.0000
22.3349	1322.0000
22.3554	1317.0000
22.3759	1296.0000
22.3963	1332.0000
22.4168	1320.0000
22.4373	1303.0000
22.4578	1292.0000
22.4783	1344.0000
22.4987	1315.0000
22.5192	1327.0000
22.5397	1297.0000
22.5602	1306.0000
22.5807	1333.0000
22.6011	1200.0000
22.6216	1368.0000
22.6421	1348.0000
22.6626	1289.0000
22.6831	1308.0000
22.7035	1314.0000
22.7240	1254.0000
22.7445	1421.0000
22.7650	1347.0000
22.7855	1345.0000
22.8060	1376.0000
22.8264	1439.0000
22.8469	1396.0000
22.8674	1316.0000
22.8879	1348.0000
22.9084	1341.0000
22.9288	1336.0000
22.9493	1398.0000
22.9698	1344.0000
22.9903	1417.0000
23.0108	1365.0000
23.0312	1353.0000
23.0517	1416.0000
23.0722	1349.0000
23.0927	1335.0000
23.1132	1402.0000
23.1336	1356.0000
23.1541	1400.0000
23.1746	1314.0000
23.1951	1380.0000
23.2156	1402.0000
23.2360	1362.0000
23.2565	1332.0000
23.2770	1315.0000
23.2975	1332.0000
23.3180	1330.0000
23.3385	1296.0000
23.3589	1313.0000
23.3794	1373.0000
23.3999	1279.0000
23.4204	1341.0000
23.4409	1283.0000
23.4613	1269.0000
23.4818	1284.0000
23.5023	1297.0000
23.5228	1337.0000
23.5433	1244.0000
23.5637	1353.0000
23.5842	1298.0000
23.6047	1279.0000
23.6252	1271.0000
23.6457	1307.0000
23.6661	1255.0000
23.6866	1326.0000
23.7071	1219.0000
23.7276	1272.0000
23.7481	1219.0000
23.7685	1206.0000
23.7890	1179.0000
23.8095	1213.0000
23.8300	1209.0000
23.8505	1268.0000
23.8709	1248.0000
23.8914	1241.0000
23.9119	1269.0000
23.9324	1267.0000
23.9529	1223.0000
23.9734	1228.0000
23.9938	1185.0000
24.0143	1211.0000
24.0348	1257.0000
24.0553	1241.0000
24.0758	1205.0000
24.0962	1192.0000
24.1167	1217.0000
24.1372	1258.0000
24.1577	1220.0000
24.1782	1213.0000
24.1986	1247.0000
24.2191	1146.0000
24.2396	1226.0000
24.2601	1221.0000
24.2806	1211.0000
24.3010	1226.0000
24.3215	1182.0000
24.3420	1164.0000
24.3625	1278.0000
24.3830	1228.0000
24.4034	1242.0000
24.4239	1227.0000
24.4444	1258.0000
24.4649	1238.0000
24.4854	1304.0000
24.5059	1315.0000
24.5263	1327.0000
24.5468	1327.0000
24.5673	1269.0000
24.5878	1293.0000
24.6083	1276.0000
24.6287	1280.0000
24.6492	1351.0000
24.6697	1385.0000
24.6902	1357.0000
24.7107	1422.0000
24.7311	1372.0000
24.7516	1377.0000
24.7721	1431.0000
24.7926	1345.0000
24.8131	1353.0000
24.8335	1318.0000
24.8540	1233.0000
24.8745	1238.0000
24.8950	1162.0000
24.9155	1188.0000
24.9359	1201.0000
24.9564	1150.0000
24.9769	1141.0000
24.9974	1125.0000
25.0179	1197.0000
25.0383	1105.0000
25.0588	1176.0000
25.0793	1132.0000
25.0998	1127.0000
25.1203	1068.0000
25.1408	1051.0000
25.1612	1143.0000
25.1817	1109.0000
25.2022	1101.0000
25.2227	1174.0000
25.2432	1129.0000
25.2636	1218.0000
25.2841	1152.0000
25.3046	1108.0000
25.3251	1130.0000
25.3456	1099.0000
25.3660	1153.0000
25.3865	1133.0000
25.4070	1124.0000
25.4275	1198.0000
25.4480	1196.0000
25.4684	1156.0000
25.4889	1234.0000
25.5094	1160.0000
25.5299	1192.0000
25.5504	1250.0000
25.5708	1241.0000
25.5913	1218.0000
25.6118	1239.0000
25.6323	1160.0000
25.6528	1166.0000
25.6732	1178.0000
25.6937	1179.0000
25.7142	1190.0000
25.7347	1077.0000
25.7552	1089.0000
25.7757	1044.0000
25.7961	1089.0000
25.8166	1067.0000
25.8371	1111.0000
25.8576	1107.0000
25.8781	1043.0000
25.8985	1064.0000
25.9190	1083.0000
25.9395	1028.0000
25.9600	1013.0000
25.9805	1126.0000
26.0009	1078.0000
26.0214	1051.0000
26.0419	1057.0000
26.0624	1019.0000
26.0829	1080.0000
26.1033	1065.0000
26.1238	1087.0000
26.1443	1064.0000
26.1648	1083.0000
26.1853	995.0000
26.2057	1035.0000
26.2262	1036.0000
26.2467	1097.0000
26.2672	998.0000
26.2877	966.0000
26.3082	1012.0000
26.3286	1082.0000
26.3491	1008.0000
26.3696	943.0000
26.3901	1035.0000
26.4106	982.0000
26.4310	1063.0000
26.4515	1001.0000
26.4720	1005.0000
26.4925	1055.0000
26.5130	1031.0000
26.5334	957.0000
26.5539	953.0000
26.5744	973.0000
26.5949	978.0000
26.6154	976.0000
26.6358	979.0000
26.6563	989.0000
26.6768	1028.0000
26.6973	996.0000
26.7178	1061.0000
26.7382	997.0000
26.7587	986.0000
26.7792	1068.0000
26.7997	1006.0000
26.8202	919.0000
26.8406	1013.0000
26.8611	986.0000
26.8816	993.0000
26.9021	967.0000
26.9226	992.0000
26.9431	953.0000
26.9635	1057.0000
26.9840	1047.0000
27.0045	1012.0000
27.0250	980.0000
27.0455	945.0000
27.0659	1014.0000
27.0864	988.0000
27.1069	980.0000
27.1274	950.0000
27.1479	964.0000
27.1683	991.0000
27.1888	989.0000
27.2093	941.0000
27.2298	927.0000
27.2503	989.0000
27.2707	945.0000
27.2912	982.0000
27.3117	991.0000
27.3322	960.0000
27.3527	909.0000
27.3731	951.0000
27.3936	989.0000
27.4141	993.0000
27.4346	972.0000
27.4551	1037.0000
27.4755	974.0000
27.4960	923.0000
27.5165	962.0000
27.5370	938.0000
27.5575	975.0000
27.5780	981.0000
27.5984	986.0000
27.6189	996.0000
27.6394	915.0000
27.6599	919.0000
27.6804	992.0000
27.7008	927.0000
27.7213	966.0000
27.7418	888.0000
27.7623	955.0000
27.7828	931.0000
27.8032	966.0000
27.8237	944.0000
27.8442	948.0000
27.8647	983.0000
27.8852	985.0000
27.9056	967.0000
27.9261	992.0000
27.9466	922.0000
27.9671	941.0000
27.9876	946.0000
28.0080	927.0000
28.0285	906.0000
28.0490	1011.0000
28.0695	953.0000
28.0900	895.0000
28.1105	991.0000
28.1309	933.0000
28.1514	970.0000
28.1719	921.0000
28.1924	971.0000
28.2129	902.0000
28.2333	925.0000
28.2538	1011.0000
28.2743	979.0000
28.2948	989.0000
28.3153	992.0000
28.3357	972.0000
28.3562	933.0000
28.3767	1033.0000
28.3972	978.0000
28.4177	974.0000
28.4381	946.0000
28.4586	954.0000
28.4791	1027.0000
28.4996	1012.0000
28.5201	949.0000
28.5405	961.0000
28.5610	923.0000
28.5815	927.0000
28.6020	924.0000
28.6225	950.0000
28.6429	968.0000
28.6634	917.0000
28.6839	915.0000
28.7044	972.0000
28.7249	964.0000
28.7454	902.0000
28.7658	986.0000
28.7863	927.0000
28.8068	929.0000
28.8273	908.0000
28.8478	924.0000
28.8682	871.0000
28.8887	959.0000
28.9092	890.0000
28.9297	966.0000
28.9502	888.0000
28.9706	893.0000
28.9911	909.0000
29.0116	915.0000
29.0321	876.0000
29.0526	966.0000
29.0730	939.0000
29.0935	908.0000
29.1140	959.0000
29.1345	936.0000
29.1550	921.0000
29.1754	883.0000
29.1959	888.0000
29.2164	874.0000
29.2369	967.0000
29.2574	917.0000
29.2779	898.0000
29.2983	934.0000
29.3188	942.0000
29.3393	877.0000
29.3598	903.0000
29.3803	894.0000
29.4007	915.0000
29.4212	887.0000
29.4417	896.0000
29.4622	915.0000
29.4827	915.0000
29.5031	917.0000
29.5236	888.0000
29.5441	888.0000
29.5646	927.0000
29.5851	892.0000
29.6055	955.0000
29.6260	958.0000
29.6465	882.0000
29.6670	947.0000
29.6875	961.0000
29.7079	1044.0000
29.7284	994.0000
29.7489	1038.0000
29.7694	970.0000
29.7899	1019.0000
29.8103	1027.0000
29.8308	1049.0000
29.8513	1025.0000
29.8718	1001.0000
29.8923	1006.0000
29.9128	912.0000
29.9332	936.0000
29.9537	979.0000
29.9742	905.0000
29.9947	923.0000
30.0152	929.0000
30.0356	958.0000
30.0561	908.0000
30.0766	891.0000
30.0971	925.0000
30.1176	882.0000
30.1380	905.0000
30.1585	904.0000
30.1790	878.0000
30.1995	942.0000
30.2200	853.0000
30.2404	883.0000
30.2609	875.0000
30.2814	868.0000
30.3019	919.0000
30.3224	892.0000
30.3428	887.0000
30.3633	861.0000
30.3838	871.0000
30.4043	905.0000
30.4248	903.0000
30.4452	921.0000
30.4657	887.0000
30.4862	906.0000
30.5067	939.0000
30.5272	882.0000
30.5477	915.0000
30.5681	905.0000
30.5886	869.0000
30.6091	950.0000
30.6296	882.0000
30.6501	889.0000
30.6705	853.0000
30.6910	866.0000
30.7115	910.0000
30.7320	902.0000
30.7525	887.0000
30.7729	878.0000
30.7934	840.0000
30.8139	896.0000
30.8344	937.0000
30.8549	886.0000
30.8753	854.0000
30.8958	853.0000
30.9163	907.0000
30.9368	848.0000
30.9573	874.0000
30.9777	913.0000
30.9982	881.0000
31.0187	913.0000
31.0392	854.0000
31.0597	856.0000
31.0802	909.0000
31.1006	888.0000
31.1211	852.0000
31.1416	869.0000
31.1621	904.0000
31.1826	902.0000
31.2030	870.0000
31.2235	850.0000
31.2440	899.0000
31.2645	857.0000
31.2850	834.0000
31.3054	861.0000
31.3259	883.0000
31.3464	916.0000
31.3669	876.0000
31.3874	931.0000
31.4078	885.0000
31.4283	876.0000
31.4488	844.0000
31.4693	831.0000
31.4898	884.0000
31.5102	839.0000
31.5307	889.0000
31.5512	872.0000
31.5717	872.0000
31.5922	859.0000
31.6126	887.0000
31.6331	843.0000
31.6536	860.0000
31.6741	881.0000
31.6946	863.0000
31.7151	840.0000
31.7355	889.0000
31.7560	833.0000
31.7765	871.0000
31.7970	867.0000
31.8175	864.0000
31.8379	869.0000
31.8584	827.0000
31.8789	817.0000
31.8994	869.0000
31.9199	863.0000
31.9403	876.0000
31.9608	889.0000
31.9813	936.0000
32.0018	894.0000
32.0223	862.0000
32.0427	842.0000
32.0632	862.0000
32.0837	874.0000
32.1042	850.0000
32.1247	884.0000
32.1451	891.0000
32.1656	875.0000
32.1861	830.0000
32.2066	899.0000
32.2271	854.0000
32.2475	851.0000
32.2680	872.0000
32.2885	903.0000
32.3090	859.0000
32.3295	834.0000
32.3500	855.0000
32.3704	825.0000
32.3909	883.0000
32.4114	881.0000
32.4319	865.0000
32.4524	835.0000
32.4728	856.0000
32.4933	862.0000
32.5138	883.0000
32.5343	867.0000
32.5548	893.0000
32.5752	860.0000
32.5957	810.0000
32.6162	906.0000
32.6367	903.0000
32.6572	882.0000
32.6776	878.0000
32.6981	806.0000
32.7186	885.0000
32.7391	823.0000
32.7596	820.0000
32.7800	847.0000
32.8005	853.0000
32.8210	818.0000
32.8415	817.0000
32.8620	826.0000
32.8825	861.0000
32.9029	858.0000
32.9234	838.0000
32.9439	857.0000
32.9644	820.0000
32.9849	841.0000
33.0053	882.0000
33.0258	865.0000
33.0463	896.0000
33.0668	880.0000
33.0873	908.0000
33.1077	898.0000
33.1282	837.0000
33.1487	856.0000
33.1692	860.0000
33.1897	820.0000
33.2101	906.0000
33.2306	880.0000
33.2511	815.0000
33.2716	830.0000
33.2921	873.0000
33.3125	885.0000
33.3330	878.0000
33.3535	843.0000
33.3740	861.0000
33.3945	818.0000
33.4149	838.0000
33.4354	870.0000
33.4559	878.0000
33.4764	876.0000
33.4969	892.0000
33.5174	884.0000
33.5378	864.0000
33.5583	796.0000
33.5788	801.0000
33.5993	868.0000
33.6198	912.0000
33.6402	868.0000
33.6607	824.0000
33.6812	826.0000
33.7017	797.0000
33.7222	804.0000
33.7426	799.0000
33.7631	911.0000
33.7836	860.0000
33.8041	852.0000
33.8246	880.0000
33.8450	850.0000
33.8655	843.0000
33.8860	867.0000
33.9065	871.0000
33.9270	817.0000
33.9474	841.0000
33.9679	829.0000
33.9884	830.0000
34.0089	848.0000
34.0294	816.0000
34.0499	814.0000
34.0703	825.0000
34.0908	816.0000
34.1113	833.0000
34.1318	886.0000
34.1523	887.0000
34.1727	857.0000
34.1932	822.0000
34.2137	878.0000
34.2342	885.0000
34.2547	842.0000
34.2751	886.0000
34.2956	860.0000
34.3161	826.0000
34.3366	865.0000
34.3571	870.0000
34.3775	837.0000
34.3980	830.0000
34.4185	823.0000
34.4390	820.0000
34.4595	832.0000
34.4799	835.0000
34.5004	866.0000
34.5209	832.0000
34.5414	833.0000
34.5619	871.0000
34.5823	873.0000
34.6028	870.0000
34.6233	813.0000
34.6438	868.0000
34.6643	850.0000
34.6848	798.0000
34.7052	847.0000
34.7257	843.0000
34.7462	837.0000
34.7667	841.0000
34.7872	859.0000
34.8076	854.0000
34.8281	918.0000
34.8486	953.0000
34.8691	907.0000
34.8896	901.0000
34.9100	965.0000
34.9305	961.0000
34.9510	902.0000
34.9715	941.0000
34.9920	876.0000
35.0124	886.0000
35.0329	847.0000
35.0534	916.0000
35.0739	919.0000
35.0944	938.0000
35.1148	834.0000
35.1353	905.0000
35.1558	880.0000
35.1763	936.0000
35.1968	867.0000
35.2172	954.0000
35.2377	906.0000
35.2582	909.0000
35.2787	869.0000
35.2992	851.0000
35.3197	938.0000
35.3401	923.0000
35.3606	881.0000
35.3811	848.0000
35.4016	842.0000
35.4221	828.0000
35.4425	826.0000
35.4630	858.0000
35.4835	864.0000
35.5040	892.0000
35.5245	830.0000
35.5449	839.0000
35.5654	819.0000
35.5859	869.0000
35.6064	833.0000
35.6269	858.0000
35.6473	854.0000
35.6678	826.0000
35.6883	838.0000
35.7088	816.0000
35.7293	869.0000
35.7497	824.0000
35.7702	848.0000
35.7907	790.0000
35.8112	824.0000
35.8317	883.0000
35.8522	874.0000
35.8726	867.0000
35.8931	888.0000
35.9136	901.0000
35.9341	920.0000
35.9546	936.0000
35.9750	933.0000
35.9955	884.0000
36.0160	861.0000
36.0365	969.0000
36.0570	900.0000
36.0774	871.0000
36.0979	853.0000
36.1184	860.0000
36.1389	827.0000
36.1594	864.0000
36.1798	836.0000
36.2003	790.0000
36.2208	838.0000
36.2413	852.0000
36.2618	813.0000
36.2822	874.0000
36.3027	830.0000
36.3232	845.0000
36.3437	834.0000
36.3642	837.0000
36.3846	895.0000
36.4051	862.0000
36.4256	850.0000
36.4461	842.0000
36.4666	858.0000
36.4871	806.0000
36.5075	832.0000
36.5280	846.0000
36.5485	859.0000
36.5690	887.0000
36.5895	840.0000
36.6099	843.0000
36.6304	858.0000
36.6509	865.0000
36.6714	836.0000
36.6919	899.0000
36.7123	835.0000
36.7328	852.0000
36.7533	829.0000
36.7738	858.0000
36.7943	838.0000
36.8147	813.0000
36.8352	858.0000
36.8557	834.0000
36.8762	832.0000
36.8967	829.0000
36.9171	879.0000
36.9376	860.0000
36.9581	872.0000
36.9786	884.0000
36.9991	894.0000
37.0195	812.0000
37.0400	878.0000
37.0605	851.0000
37.0810	859.0000
37.1015	886.0000
37.1220	910.0000
37.1424	854.0000
37.1629	873.0000
37.1834	845.0000
37.2039	917.0000
37.2244	921.0000
37.2448	879.0000
37.2653	865.0000
37.2858	903.0000
37.3063	915.0000
37.3268	953.0000
37.3472	879.0000
37.3677	940.0000
37.3882	932.0000
37.4087	907.0000
37.4292	928.0000
37.4496	925.0000
37.4701	973.0000
37.4906	971.0000
37.5111	921.0000
37.5316	1019.0000
37.5520	1078.0000
37.5725	986.0000
37.5930	1024.0000
37.6135	1080.0000
37.6340	1075.0000
37.6545	1028.0000
37.6749	1143.0000
37.6954	1161.0000
37.7159	1143.0000
37.7364	1142.0000
37.7569	1219.0000
37.7773	1288.0000
37.7978	1258.0000
37.8183	1348.0000
37.8388	1361.0000
37.8593	1358.0000
37.8797	1412.0000
37.9002	1506.0000
37.9207	1468.0000
37.9412	1553.0000
37.9617	1541.0000
37.9821	1614.0000
38.0026	1571.0000
38.0231	1684.0000
38.0436	1734.0000
38.0641	1775.0000
38.0845	1829.0000
38.1050	1862.0000
38.1255	1861.0000
38.1460	1861.0000
38.1665	1906.0000
38.1869	1945.0000
38.2074	1972.0000
38.2279	1953.0000
38.2484	1905.0000
38.2689	1933.0000
38.2894	1948.0000
38.3098	1920.0000
38.3303	1891.0000
38.3508	1919.0000
38.3713	1893.0000
38.3918	1898.0000
38.4122	1958.0000
38.4327	1890.0000
38.4532	1875.0000
38.4737	1895.0000
38.4942	1941.0000
38.5146	1938.0000
38.5351	2042.0000
38.5556	2050.0000
38.5761	2113.0000
38.5966	2024.0000
38.6170	2124.0000
38.6375	2021.0000
38.6580	2093.0000
38.6785	1939.0000
38.6990	1886.0000
38.7194	1830.0000
38.7399	1677.0000
38.7604	1629.0000
38.7809	1579.0000
38.8014	1504.0000
38.8219	1464.0000
38.8423	1282.0000
38.8628	1284.0000
38.8833	1252.0000
38.9038	1210.0000
38.9243	1209.0000
38.9447	1171.0000
38.9652	1169.0000
38.9857	1093.0000
39.0062	1098.0000
39.0267	1064.0000
39.0471	1051.0000
39.0676	1053.0000
39.0881	1090.0000
39.1086	962.0000
39.1291	1024.0000
39.1495	961.0000
39.1700	1037.0000
39.1905	954.0000
39.2110	948.0000
39.2315	889.0000
39.2519	966.0000
39.2724	934.0000
39.2929	931.0000
39.3134	909.0000
39.3339	909.0000
39.3543	913.0000
39.3748	943.0000
39.3953	896.0000
39.4158	898.0000
39.4363	869.0000
39.4568	916.0000
39.4772	894.0000
39.4977	915.0000
39.5182	905.0000
39.5387	864.0000
39.5592	856.0000
39.5796	844.0000
39.6001	896.0000
39.6206	852.0000
39.6411	844.0000
39.6616	838.0000
39.6820	861.0000
39.7025	913.0000
39.7230	863.0000
39.7435	862.0000
39.7640	857.0000
39.7844	866.0000
39.8049	811.0000
39.8254	827.0000
39.8459	879.0000
39.8664	844.0000
39.8868	801.0000
39.9073	891.0000
39.9278	899.0000
39.9483	857.0000
39.9688	859.0000
39.9892	793.0000
40.0097	833.0000
40.0302	795.0000
40.0507	859.0000
40.0712	861.0000
40.0917	871.0000
40.1121	850.0000
40.1326	849.0000
40.1531	860.0000
40.1736	853.0000
40.1941	824.0000
40.2145	880.0000
40.2350	796.0000
40.2555	855.0000
40.2760	885.0000
40.2965	826.0000
40.3169	798.0000
40.3374	846.0000
40.3579	829.0000
40.3784	856.0000
40.3989	882.0000
40.4193	855.0000
40.4398	834.0000
40.4603	775.0000
40.4808	814.0000
40.5013	850.0000
40.5217	885.0000
40.5422	828.0000
40.5627	793.0000
40.5832	812.0000
40.6037	794.0000
40.6242	836.0000
40.6446	853.0000
40.6651	894.0000
40.6856	833.0000
40.7061	909.0000
40.7266	848.0000
40.7470	867.0000
40.7675	824.0000
40.7880	828.0000
40.8085	859.0000
40.8290	849.0000
40.8494	848.0000
40.8699	878.0000
40.8904	875.0000
40.9109	897.0000
40.9314	915.0000
40.9518	930.0000
40.9723	856.0000
40.9928	843.0000
41.0133	833.0000
41.0338	964.0000
41.0542	966.0000
41.0747	941.0000
41.0952	925.0000
41.1157	1002.0000
41.1362	1069.0000
41.1566	1006.0000
41.1771	1112.0000
41.1976	1094.0000
41.2181	1124.0000
41.2386	1148.0000
41.2591	1187.0000
41.2795	1245.0000
41.3000	1251.0000
41.3205	1257.0000
41.3410	1305.0000
41.3615	1242.0000
41.3819	1267.0000
41.4024	1150.0000
41.4229	1237.0000
41.4434	1126.0000
41.4639	1117.0000
41.4843	1060.0000
41.5048	1010.0000
41.5253	1017.0000
41.5458	1001.0000
41.5663	996.0000
41.5867	939.0000
41.6072	895.0000
41.6277	943.0000
41.6482	880.0000
41.6687	881.0000
41.6891	952.0000
41.7096	916.0000
41.7301	932.0000
41.7506	901.0000
41.7711	888.0000
41.7915	872.0000
41.8120	860.0000
41.8325	908.0000
41.8530	911.0000
41.8735	872.0000
41.8940	885.0000
41.9144	875.0000
41.9349	858.0000
41.9554	896.0000
41.9759	897.0000
41.9964	927.0000
42.0168	888.0000
42.0373	864.0000
42.0578	908.0000
42.0783	884.0000
42.0988	925.0000
42.1192	947.0000
42.1397	923.0000
42.1602	931.0000
42.1807	866.0000
42.2012	960.0000
42.2216	932.0000
42.2421	948.0000
42.2626	952.0000
42.2831	986.0000
42.3036	894.0000
42.3240	990.0000
42.3445	893.0000
42.3650	1017.0000
42.3855	928.0000
42.4060	952.0000
42.4265	998.0000
42.4469	928.0000
42.4674	952.0000
42.4879	973.0000
42.5084	922.0000
42.5289	935.0000
42.5493	942.0000
42.5698	923.0000
42.5903	879.0000
42.6108	906.0000
42.6313	900.0000
42.6517	863.0000
42.6722	906.0000
42.6927	919.0000
42.7132	890.0000
42.7337	907.0000
42.7541	903.0000
42.7746	947.0000
42.7951	890.0000
42.8156	948.0000
42.8361	873.0000
42.8565	898.0000
42.8770	923.0000
42.8975	850.0000
42.9180	921.0000
42.9385	890.0000
42.9589	944.0000
42.9794	937.0000
42.9999	972.0000
43.0204	918.0000
43.0409	884.0000
43.0614	956.0000
43.0818	909.0000
43.1023	954.0000
43.1228	938.0000
43.1433	957.0000
43.1638	912.0000
43.1842	959.0000
43.2047	973.0000
43.2252	908.0000
43.2457	981.0000
43.2662	901.0000
43.2866	958.0000
43.3071	1010.0000
43.3276	931.0000
43.3481	998.0000
43.3686	1047.0000
43.3890	1001.0000
43.4095	1022.0000
43.4300	1058.0000
43.4505	991.0000
43.4710	1031.0000
43.4914	1023.0000
43.5119	1148.0000
43.5324	1081.0000
43.5529	1113.0000
43.5734	1151.0000
43.5939	1152.0000
43.6143	1143.0000
43.6348	1139.0000
43.6553	1127.0000
43.6758	1103.0000
43.6963	1218.0000
43.7167	1164.0000
43.7372	1184.0000
43.7577	1194.0000
43.7782	1228.0000
43.7987	1228.0000
43.8191	1248.0000
43.8396	1295.0000
43.8601	1353.0000
43.8806	1367.0000
43.9011	1462.0000
43.9215	1490.0000
43.9420	1580.0000
43.9625	1519.0000
43.9830	1559.0000
44.0035	1707.0000
44.0239	1643.0000
44.0444	1710.0000
44.0649	1610.0000
44.0854	1564.0000
44.1059	1612.0000
44.1263	1540.0000
44.1468	1467.0000
44.1673	1460.0000
44.1878	1405.0000
44.2083	1343.0000
44.2288	1288.0000
44.2492	1301.0000
44.2697	1254.0000
44.2902	1237.0000
44.3107	1141.0000
44.3312	1077.0000
44.3516	1169.0000
44.3721	1090.0000
44.3926	1108.0000
44.4131	1093.0000
44.4336	1097.0000
44.4540	1113.0000
44.4745	1041.0000
44.4950	1082.0000
44.5155	1084.0000
44.5360	1092.0000
44.5564	1090.0000
44.5769	1130.0000
44.5974	1070.0000
44.6179	1122.0000
44.6384	1063.0000
44.6588	1074.0000
44.6793	1135.0000
44.6998	1109.0000
44.7203	1081.0000
44.7408	1091.0000
44.7612	1104.0000
44.7817	1098.0000
44.8022	1084.0000
44.8227	1038.0000
44.8432	1066.0000
44.8637	1128.0000
44.8841	1060.0000
44.9046	1118.0000
44.9251	1122.0000
44.9456	1013.0000
44.9661	1035.0000
44.9865	1095.0000
45.0070	1075.0000
45.0275	1074.0000
45.0480	1075.0000
45.0685	1087.0000
45.0889	1092.0000
45.1094	1087.0000
45.1299	1146.0000
45.1504	1125.0000
45.1709	1112.0000
45.1913	1078.0000
45.2118	1067.0000
45.2323	1107.0000
45.2528	1103.0000
45.2733	1085.0000
45.2937	1107.0000
45.3142	1129.0000
45.3347	1128.0000
45.3552	1169.0000
45.3757	1114.0000
45.3962	1182.0000
45.4166	1203.0000
45.4371	1195.0000
45.4576	1143.0000
45.4781	1232.0000
45.4986	1298.0000
45.5190	1241.0000
45.5395	1285.0000
45.5600	1346.0000
45.5805	1386.0000
45.6010	1470.0000
45.6214	1484.0000
45.6419	1682.0000
45.6624	1828.0000
45.6829	2120.0000
45.7034	2655.0000
45.7238	3544.0000
45.7443	4834.0000
45.7648	6634.0000
45.7853	8970.0000
45.8058	11163.0000
45.8262	12549.0000
45.8467	13031.0000
45.8672	12306.0000
45.8877	11167.0000
45.9082	9945.0000
45.9286	8687.0000
45.9491	8175.0000
45.9696	7362.0000
45.9901	6488.0000
46.0106	5326.0000
46.0311	3881.0000
46.0515	2841.0000
46.0720	2066.0000
46.0925	1695.0000
46.1130	1515.0000
46.1335	1429.0000
46.1539	1336.0000
46.1744	1178.0000
46.1949	1155.0000
46.2154	1138.0000
46.2359	1111.0000
46.2563	1031.0000
46.2768	1003.0000
46.2973	958.0000
46.3178	990.0000
46.3383	966.0000
46.3587	1012.0000
46.3792	968.0000
46.3997	965.0000
46.4202	949.0000
46.4407	988.0000
46.4611	995.0000
46.4816	938.0000
46.5021	929.0000
46.5226	951.0000
46.5431	907.0000
46.5635	974.0000
46.5840	1009.0000
46.6045	914.0000
46.6250	939.0000
46.6455	906.0000
46.6660	942.0000
46.6864	921.0000
46.7069	946.0000
46.7274	910.0000
46.7479	933.0000
46.7684	1015.0000
46.7888	901.0000
46.8093	950.0000
46.8298	914.0000
46.8503	947.0000
46.8708	937.0000
46.8912	912.0000
46.9117	902.0000
46.9322	934.0000
46.9527	939.0000
46.9732	924.0000
46.9936	909.0000
47.0141	901.0000
47.0346	859.0000
47.0551	890.0000
47.0756	907.0000
47.0960	917.0000
47.1165	883.0000
47.1370	859.0000
47.1575	909.0000
47.1780	892.0000
47.1985	899.0000
47.2189	879.0000
47.2394	899.0000
47.2599	868.0000
47.2804	862.0000
47.3009	857.0000
47.3213	878.0000
47.3418	794.0000
47.3623	855.0000
47.3828	880.0000
47.4033	842.0000
47.4237	903.0000
47.4442	885.0000
47.4647	921.0000
47.4852	906.0000
47.5057	875.0000
47.5261	862.0000
47.5466	837.0000
47.5671	831.0000
47.5876	815.0000
47.6081	794.0000
47.6285	824.0000
47.6490	851.0000
47.6695	848.0000
47.6900	815.0000
47.7105	846.0000
47.7309	902.0000
47.7514	842.0000
47.7719	862.0000
47.7924	909.0000
47.8129	816.0000
47.8334	801.0000
47.8538	847.0000
47.8743	820.0000
47.8948	851.0000
47.9153	875.0000
47.9358	834.0000
47.9562	792.0000
47.9767	871.0000
47.9972	801.0000
48.0177	815.0000
48.0382	772.0000
48.0586	827.0000
48.0791	792.0000
48.0996	819.0000
48.1201	798.0000
48.1406	806.0000
48.1610	800.0000
48.1815	775.0000
48.2020	835.0000
48.2225	829.0000
48.2430	840.0000
48.2634	797.0000
48.2839	748.0000
48.3044	780.0000
48.3249	805.0000
48.3454	845.0000
48.3659	821.0000
48.3863	764.0000
48.4068	811.0000
48.4273	819.0000
48.4478	801.0000
48.4683	837.0000
48.4887	774.0000
48.5092	799.0000
48.5297	799.0000
48.5502	781.0000
48.5707	761.0000
48.5911	806.0000
48.6116	785.0000
48.6321	808.0000
48.6526	823.0000
48.6731	782.0000
48.6935	863.0000
48.7140	745.0000
48.7345	827.0000
48.7550	826.0000
48.7755	810.0000
48.7959	800.0000
48.8164	801.0000
48.8369	774.0000
48.8574	854.0000
48.8779	827.0000
48.8983	819.0000
48.9188	806.0000
48.9393	803.0000
48.9598	825.0000
48.9803	850.0000
49.0008	840.0000
49.0212	865.0000
49.0417	909.0000
49.0622	895.0000
49.0827	863.0000
49.1032	870.0000
49.1236	904.0000
49.1441	868.0000
49.1646	909.0000
49.1851	874.0000
49.2056	897.0000
49.2260	877.0000
49.2465	890.0000
49.2670	844.0000
49.2875	796.0000
49.3080	872.0000
49.3284	854.0000
49.3489	851.0000
49.3694	813.0000
49.3899	846.0000
49.4104	833.0000
49.4308	817.0000
49.4513	826.0000
49.4718	794.0000
49.4923	824.0000
49.5128	843.0000
49.5332	810.0000
49.5537	838.0000
49.5742	854.0000
49.5947	843.0000
49.6152	795.0000
49.6357	840.0000
49.6561	852.0000
49.6766	831.0000
49.6971	822.0000
49.7176	793.0000
49.7381	857.0000
49.7585	826.0000
49.7790	860.0000
49.7995	820.0000
49.8200	863.0000
49.8405	909.0000
49.8609	936.0000
49.8814	932.0000
49.9019	905.0000
49.9224	915.0000
49.9429	926.0000
49.9633	919.0000
49.9838	918.0000
