20.0001	1077.0000
20.0206	1012.0000
20.0411	1060.0000
20.0615	1068.0000
20.0820	1040.0000
20.1025	1054.0000
20.1230	970.0000
20.1435	1025.0000
20.1639	969.0000
20.1844	1030.0000
20.2049	1017.0000
20.2254	986.0000
20.2459	1036.0000
20.2663	1024.0000
20.2868	1037.0000
20.3073	1072.0000
20.3278	961.0000
20.3483	1034.0000
20.3688	1043.0000
20.3892	1067.0000
20.4097	1092.0000
20.4302	1063.0000
20.4507	1073.0000
20.4712	1039.0000
20.4916	1060.0000
20.5121	1048.0000
20.5326	1009.0000
20.5531	1075.0000
20.5736	1054.0000
20.5940	1007.0000
20.6145	1046.0000
20.6350	1089.0000
20.6555	1071.0000
20.6760	1081.0000
20.6964	1106.0000
20.7169	1052.0000
20.7374	1048.0000
20.7579	1043.0000
20.7784	1051.0000
20.7988	1129.0000
20.8193	1114.0000
20.8398	1148.0000
20.8603	1056.0000
20.8808	1146.0000
20.9012	1077.0000
20.9217	1063.0000
20.9422	1113.0000
20.9627	1058.0000
20.9832	1071.0000
21.0037	1121.0000
21.0241	1062.0000
21.0446	1141.0000
21.0651	1086.0000
21.0856	1119.0000
21.1061	1173.0000
21.1265	1114.0000
21.1470	1101.0000
21.1675	1108.0000
21.1880	1149.0000
21.2085	1156.0000
21.2289	1073.0000
21.2494	1139.0000
21.2699	1149.0000
21.2904	1161.0000
21.3109	1144.0000
21.3313	1193.0000
21.3518	1167.0000
21.3723	1181.0000
21.3928	1191.0000
21.4133	1114.0000
21.4337	1156.0000
21.4542	1182.0000
21.4747	1198.0000
21.4952	1176.0000
21.5157	1222.0000
21.5362	1187.0000
21.5566	1209.0000
21.5771	1206.0000
21.5976	1147.0000
21.6181	1215.0000
21.6386	1191.0000
21.6590	1197.0000
21.6795	1189.0000
21.7000	1243.0000
21.7205	1185.0000
21.7410	1261.0000
21.7614	1202.0000
21.7819	1175.0000
21.8024	1167.0000
21.8229	1205.0000
21.8434	1231.0000
21.8638	1210.0000
21.8843	1186.0000
21.9048	1186.0000
21.9253	1250.0000
21.9458	1218.0000
21.9662	1300.0000
21.9867	1289.0000
22.0072	1267.0000
22.0277	1261.0000
22.0482	1299.0000
22.0686	1278.0000
22.0891	1292.0000
22.1096	1337.0000
22.1301	1191.0000
22.1506	1257.0000
22.1711	1296.0000
22.1915	1306.0000
22.2120	1284.0000
22.2325	1288.0000
22.2530	1355.0000
22.2735	1283.0000
22.2939	1305.0000
22.3144	1262.0000
22.3349	1304.0000
22.3554	1309.0000
22.3759	1336.0000
22.3963	1328.0000
22.4168	1385.0000
22.4373	1336.0000
22.4578	1339.0000
22.4783	1362.0000
22.4987	1256.0000
22.5192	1375.0000
22.5397	1386.0000
22.5602	1384.0000
22.5807	1362.0000
22.6011	1326.0000
22.6216	1356.0000
22.6421	1362.0000
22.6626	1325.0000
22.6831	1396.0000
22.7035	1390.0000
22.7240	1417.0000
22.7445	1332.0000
22.7650	1360.0000
22.7855	1388.0000
22.8060	1351.0000
22.8264	1388.0000
22.8469	1364.0000
22.8674	1399.0000
22.8879	1368.0000
22.9084	1349.0000
22.9288	1279.0000
22.9493	1440.0000
22.9698	1335.0000
22.9903	1365.0000
23.0108	1401.0000
23.0312	1387.0000
23.0517	1405.0000
23.0722	1406.0000
23.0927	1332.0000
23.1132	1346.0000
23.1336	1324.0000
23.1541	1342.0000
23.1746	1382.0000
23.1951	1388.0000
23.2156	1361.0000
23.2360	1348.0000
23.2565	1352.0000
23.2770	1301.0000
23.2975	1353.0000
23.3180	1367.0000
23.3385	1309.0000
23.3589	1280.0000
23.3794	1357.0000
23.3999	1349.0000
23.4204	1329.0000
23.4409	1286.0000
23.4613	1360.0000
23.4818	1364.0000
23.5023	1320.0000
23.5228	1304.0000
23.5433	1282.0000
23.5637	1315.0000
23.5842	1297.0000
23.6047	1303.0000
23.6252	1247.0000
23.6457	1274.0000
23.6661	1292.0000
23.6866	1257.0000
23.7071	1189.0000
23.7276	1219.0000
23.7481	1187.0000
23.7685	1259.0000
23.7890	1293.0000
23.8095	1197.0000
23.8300	1266.0000
23.8505	1235.0000
23.8709	1222.0000
23.8914	1205.0000
23.9119	1277.0000
23.9324	1146.0000
23.9529	1252.0000
23.9734	1194.0000
23.9938	1261.0000
24.0143	1200.0000
24.0348	1203.0000
24.0553	1240.0000
24.0758	1111.0000
24.0962	1230.0000
24.1167	1226.0000
24.1372	1185.0000
24.1577	1182.0000
24.1782	1229.0000
24.1986	1222.0000
24.2191	1170.0000
24.2396	1201.0000
24.2601	1249.0000
24.2806	1199.0000
24.3010	1260.0000
24.3215	1259.0000
24.3420	1320.0000
24.3625	1226.0000
24.3830	1234.0000
24.4034	1308.0000
24.4239	1281.0000
24.4444	1249.0000
24.4649	1303.0000
24.4854	1344.0000
24.5059	1308.0000
24.5263	1356.0000
24.5468	1331.0000
24.5673	1330.0000
24.5878	1320.0000
24.6083	1439.0000
24.6287	1367.0000
24.6492	1399.0000
24.6697	1300.0000
24.6902	1394.0000
24.7107	1412.0000
24.7311	1461.0000
24.7516	1442.0000
24.7721	1394.0000
24.7926	1366.0000
24.8131	1313.0000
24.8335	1288.0000
24.8540	1183.0000
24.8745	1251.0000
24.8950	1197.0000
24.9155	1182.0000
24.9359	1125.0000
24.9564	1199.0000
24.9769	1174.0000
24.9974	1142.0000
25.0179	1151.0000
25.0383	1145.0000
25.0588	1160.0000
25.0793	1177.0000
25.0998	1089.0000
25.1203	1168.0000
25.1408	1129.0000
25.1612	1132.0000
25.1817	1127.0000
25.2022	1121.0000
25.2227	1097.0000
25.2432	1152.0000
25.2636	1112.0000
25.2841	1227.0000
25.3046	1113.0000
25.3251	1121.0000
25.3456	1117.0000
25.3660	1217.0000
25.3865	1136.0000
25.4070	1231.0000
25.4275	1149.0000
25.4480	1232.0000
25.4684	1161.0000
25.4889	1219.0000
25.5094	1196.0000
25.5299	1306.0000
25.5504	1299.0000
25.5708	1240.0000
25.5913	1233.0000
25.6118	1139.0000
25.6323	1179.0000
25.6528	1224.0000
25.6732	1203.0000
25.6937	1183.0000
25.7142	1135.0000
25.7347	1133.0000
25.7552	1069.0000
25.7757	1113.0000
25.7961	1035.0000
25.8166	1113.0000
25.8371	1117.0000
25.8576	1020.0000
25.8781	1072.0000
25.8985	1046.0000
25.9190	1039.0000
25.9395	988.0000
25.9600	1022.0000
25.9805	1078.0000
26.0009	1081.0000
26.0214	1113.0000
26.0419	1102.0000
26.0624	1087.0000
26.0829	1073.0000
26.1033	1064.0000
26.1238	1072.0000
26.1443	1081.0000
26.1648	1023.0000
26.1853	1097.0000
26.2057	988.0000
26.2262	1013.0000
26.2467	1012.0000
26.2672	1044.0000
26.2877	1057.0000
26.3082	998.0000
26.3286	1038.0000
26.3491	1035.0000
26.3696	1070.0000
26.3901	1012.0000
26.4106	1041.0000
26.4310	987.0000
26.4515	984.0000
26.4720	1061.0000
26.4925	1013.0000
26.5130	947.0000
26.5334	1042.0000
26.5539	980.0000
26.5744	1031.0000
26.5949	978.0000
26.6154	987.0000
26.6358	1040.0000
26.6563	943.0000
26.6768	1003.0000
26.6973	1003.0000
26.7178	1000.0000
26.7382	1016.0000
26.7587	1037.0000
26.7792	1021.0000
26.7997	958.0000
26.8202	955.0000
26.8406	960.0000
26.8611	1047.0000
26.8816	931.0000
26.9021	997.0000
26.9226	989.0000
26.9431	952.0000
26.9635	999.0000
26.9840	1003.0000
27.0045	919.0000
27.0250	932.0000
27.0455	1026.0000
27.0659	958.0000
27.0864	1024.0000
27.1069	963.0000
27.1274	979.0000
27.1479	986.0000
27.1683	990.0000
27.1888	984.0000
27.2093	980.0000
27.2298	952.0000
27.2503	963.0000
27.2707	975.0000
27.2912	998.0000
27.3117	947.0000
27.3322	940.0000
27.3527	960.0000
27.3731	914.0000
27.3936	944.0000
27.4141	970.0000
27.4346	969.0000
27.4551	962.0000
27.4755	969.0000
27.4960	967.0000
27.5165	966.0000
27.5370	938.0000
27.5575	941.0000
27.5780	1009.0000
27.5984	1007.0000
27.6189	970.0000
27.6394	931.0000
27.6599	998.0000
27.6804	932.0000
27.7008	936.0000
27.7213	944.0000
27.7418	980.0000
27.7623	969.0000
27.7828	958.0000
27.8032	942.0000
27.8237	962.0000
27.8442	884.0000
27.8647	983.0000
27.8852	956.0000
27.9056	1005.0000
27.9261	937.0000
27.9466	954.0000
27.9671	937.0000
27.9876	984.0000
28.0080	931.0000
28.0285	921.0000
28.0490	972.0000
28.0695	962.0000
28.0900	943.0000
28.1105	948.0000
28.1309	1008.0000
28.1514	944.0000
28.1719	931.0000
28.1924	966.0000
28.2129	920.0000
28.2333	992.0000
28.2538	949.0000
28.2743	951.0000
28.2948	939.0000
28.3153	989.0000
28.3357	1001.0000
28.3562	940.0000
28.3767	928.0000
28.3972	1010.0000
28.4177	936.0000
28.4381	942.0000
28.4586	989.0000
28.4791	975.0000
28.4996	892.0000
28.5201	919.0000
28.5405	947.0000
28.5610	951.0000
28.5815	927.0000
28.6020	928.0000
28.6225	970.0000
28.6429	944.0000
28.6634	903.0000
28.6839	908.0000
28.7044	912.0000
28.7249	930.0000
28.7454	940.0000
28.7658	861.0000
28.7863	912.0000
28.8068	999.0000
28.8273	910.0000
28.8478	953.0000
28.8682	912.0000
28.8887	932.0000
28.9092	922.0000
28.9297	974.0000
28.9502	925.0000
28.9706	882.0000
28.9911	931.0000
29.0116	951.0000
29.0321	946.0000
29.0526	918.0000
29.0730	886.0000
29.0935	883.0000
29.1140	933.0000
29.1345	920.0000
29.1550	931.0000
29.1754	940.0000
29.1959	955.0000
29.2164	855.0000
29.2369	909.0000
29.2574	865.0000
29.2779	949.0000
29.2983	921.0000
29.3188	974.0000
29.3393	882.0000
29.3598	949.0000
29.3803	888.0000
29.4007	870.0000
29.4212	898.0000
29.4417	878.0000
29.4622	904.0000
29.4827	868.0000
29.5031	985.0000
29.5236	882.0000
29.5441	940.0000
29.5646	906.0000
29.5851	878.0000
29.6055	897.0000
29.6260	919.0000
29.6465	957.0000
29.6670	959.0000
29.6875	970.0000
29.7079	1015.0000
29.7284	979.0000
29.7489	1025.0000
29.7694	1011.0000
29.7899	1023.0000
29.8103	1049.0000
29.8308	987.0000
29.8513	1023.0000
29.8718	1033.0000
29.8923	997.0000
29.9128	990.0000
29.9332	984.0000
29.9537	887.0000
29.9742	943.0000
29.9947	908.0000
30.0152	890.0000
30.0356	881.0000
30.0561	946.0000
30.0766	945.0000
30.0971	913.0000
30.1176	960.0000
30.1380	904.0000
30.1585	900.0000
30.1790	931.0000
30.1995	928.0000
30.2200	907.0000
30.2404	910.0000
30.2609	933.0000
30.2814	873.0000
30.3019	851.0000
30.3224	943.0000
30.3428	873.0000
30.3633	901.0000
30.3838	913.0000
30.4043	876.0000
30.4248	908.0000
30.4452	943.0000
30.4657	887.0000
30.4862	911.0000
30.5067	924.0000
30.5272	941.0000
30.5477	904.0000
30.5681	907.0000
30.5886	888.0000
30.6091	888.0000
30.6296	944.0000
30.6501	884.0000
30.6705	886.0000
30.6910	914.0000
30.7115	927.0000
30.7320	853.0000
30.7525	874.0000
30.7729	870.0000
30.7934	880.0000
30.8139	857.0000
30.8344	920.0000
30.8549	921.0000
30.8753	880.0000
30.8958	920.0000
30.9163	911.0000
30.9368	910.0000
30.9573	831.0000
30.9777	854.0000
30.9982	918.0000
31.0187	879.0000
31.0392	829.0000
31.0597	915.0000
31.0802	883.0000
31.1006	820.0000
31.1211	877.0000
31.1416	858.0000
31.1621	841.0000
31.1826	888.0000
31.2030	860.0000
31.2235	863.0000
31.2440	839.0000
31.2645	885.0000
31.2850	895.0000
31.3054	898.0000
31.3259	821.0000
31.3464	893.0000
31.3669	889.0000
31.3874	874.0000
31.4078	895.0000
31.4283	840.0000
31.4488	861.0000
31.4693	852.0000
31.4898	861.0000
31.5102	863.0000
31.5307	864.0000
31.5512	868.0000
31.5717	899.0000
31.5922	867.0000
31.6126	878.0000
31.6331	863.0000
31.6536	847.0000
31.6741	902.0000
31.6946	818.0000
31.7151	850.0000
31.7355	825.0000
31.7560	836.0000
31.7765	886.0000
31.7970	904.0000
31.8175	842.0000
31.8379	859.0000
31.8584	917.0000
31.8789	853.0000
31.8994	901.0000
31.9199	878.0000
31.9403	901.0000
31.9608	936.0000
31.9813	889.0000
32.0018	857.0000
32.0223	860.0000
32.0427	856.0000
32.0632	944.0000
32.0837	849.0000
32.1042	924.0000
32.1247	898.0000
32.1451	895.0000
32.1656	882.0000
32.1861	893.0000
32.2066	926.0000
32.2271	830.0000
32.2475	868.0000
32.2680	866.0000
32.2885	912.0000
32.3090	879.0000
32.3295	835.0000
32.3500	918.0000
32.3704	854.0000
32.3909	868.0000
32.4114	891.0000
32.4319	864.0000
32.4524	864.0000
32.4728	859.0000
32.4933	863.0000
32.5138	902.0000
32.5343	838.0000
32.5548	821.0000
32.5752	819.0000
32.5957	831.0000
32.6162	878.0000
32.6367	867.0000
32.6572	850.0000
32.6776	816.0000
32.6981	894.0000
32.7186	816.0000
32.7391	872.0000
32.7596	894.0000
32.7800	868.0000
32.8005	841.0000
32.8210	862.0000
32.8415	847.0000
32.8620	888.0000
32.8825	860.0000
32.9029	898.0000
32.9234	875.0000
32.9439	858.0000
32.9644	828.0000
32.9849	916.0000
33.0053	773.0000
33.0258	865.0000
33.0463	830.0000
33.0668	836.0000
33.0873	848.0000
33.1077	830.0000
33.1282	868.0000
33.1487	838.0000
33.1692	831.0000
33.1897	879.0000
33.2101	879.0000
33.2306	867.0000
33.2511	831.0000
33.2716	889.0000
33.2921	883.0000
33.3125	885.0000
33.3330	899.0000
33.3535	863.0000
33.3740	821.0000
33.3945	853.0000
33.4149	838.0000
33.4354	848.0000
33.4559	797.0000
33.4764	804.0000
33.4969	856.0000
33.5174	851.0000
33.5378	820.0000
33.5583	835.0000
33.5788	893.0000
33.5993	807.0000
33.6198	845.0000
33.6402	839.0000
33.6607	889.0000
33.6812	812.0000
33.7017	865.0000
33.7222	824.0000
33.7426	828.0000
33.7631	836.0000
33.7836	855.0000
33.8041	861.0000
33.8246	864.0000
33.8450	888.0000
33.8655	855.0000
33.8860	826.0000
33.9065	851.0000
33.9270	831.0000
33.9474	855.0000
33.9679	894.0000
33.9884	898.0000
34.0089	861.0000
34.0294	823.0000
34.0499	867.0000
34.0703	874.0000
34.0908	798.0000
34.1113	874.0000
34.1318	859.0000
34.1523	839.0000
34.1727	819.0000
34.1932	828.0000
34.2137	860.0000
34.2342	869.0000
34.2547	828.0000
34.2751	862.0000
34.2956	861.0000
34.3161	902.0000
34.3366	807.0000
34.3571	905.0000
34.3775	837.0000
34.3980	855.0000
34.4185	827.0000
34.4390	860.0000
34.4595	856.0000
34.4799	852.0000
34.5004	816.0000
34.5209	831.0000
34.5414	876.0000
34.5619	869.0000
34.5823	814.0000
34.6028	825.0000
34.6233	812.0000
34.6438	855.0000
34.6643	863.0000
34.6848	837.0000
34.7052	847.0000
34.7257	838.0000
34.7462	837.0000
34.7667	900.0000
34.7872	913.0000
34.8076	940.0000
34.8281	909.0000
34.8486	964.0000
34.8691	988.0000
34.8896	926.0000
34.9100	966.0000
34.9305	885.0000
34.9510	935.0000
34.9715	925.0000
34.9920	1016.0000
35.0124	908.0000
35.0329	870.0000
35.0534	921.0000
35.0739	880.0000
35.0944	900.0000
35.1148	882.0000
35.1353	846.0000
35.1558	960.0000
35.1763	896.0000
35.1968	829.0000
35.2172	900.0000
35.2377	954.0000
35.2582	912.0000
35.2787	926.0000
35.2992	872.0000
35.3197	899.0000
35.3401	904.0000
35.3606	888.0000
35.3811	904.0000
35.4016	876.0000
35.4221	901.0000
35.4425	865.0000
35.4630	862.0000
35.4835	897.0000
35.5040	883.0000
35.5245	854.0000
35.5449	827.0000
35.5654	831.0000
35.5859	839.0000
35.6064	870.0000
35.6269	866.0000
35.6473	889.0000
35.6678	846.0000
35.6883	826.0000
35.7088	817.0000
35.7293	817.0000
35.7497	829.0000
35.7702	879.0000
35.7907	903.0000
35.8112	887.0000
35.8317	862.0000
35.8522	888.0000
35.8726	888.0000
35.8931	921.0000
35.9136	886.0000
35.9341	905.0000
35.9546	915.0000
35.9750	958.0000
35.9955	940.0000
36.0160	881.0000
36.0365	894.0000
36.0570	928.0000
36.0774	852.0000
36.0979	893.0000
36.1184	853.0000
36.1389	820.0000
36.1594	866.0000
36.1798	852.0000
36.2003	860.0000
36.2208	868.0000
36.2413	861.0000
36.2618	810.0000
36.2822	863.0000
36.3027	824.0000
36.3232	859.0000
36.3437	825.0000
36.3642	804.0000
36.3846	913.0000
36.4051	844.0000
36.4256	847.0000
36.4461	867.0000
36.4666	822.0000
36.4871	859.0000
36.5075	849.0000
36.5280	859.0000
36.5485	843.0000
36.5690	842.0000
36.5895	835.0000
36.6099	854.0000
36.6304	789.0000
36.6509	846.0000
36.6714	886.0000
36.6919	827.0000
36.7123	876.0000
36.7328	854.0000
36.7533	845.0000
36.7738	864.0000
36.7943	922.0000
36.8147	899.0000
36.8352	883.0000
36.8557	850.0000
36.8762	848.0000
36.8967	863.0000
36.9171	890.0000
36.9376	830.0000
36.9581	849.0000
36.9786	830.0000
36.9991	854.0000
37.0195	860.0000
37.0400	816.0000
37.0605	863.0000
37.0810	856.0000
37.1015	864.0000
37.1220	877.0000
37.1424	892.0000
37.1629	871.0000
37.1834	868.0000
37.2039	869.0000
37.2244	845.0000
37.2448	944.0000
37.2653	907.0000
37.2858	903.0000
37.3063	852.0000
37.3268	923.0000
37.3472	936.0000
37.3677	953.0000
37.3882	910.0000
37.4087	941.0000
37.4292	967.0000
37.4496	951.0000
37.4701	961.0000
37.4906	971.0000
37.5111	984.0000
37.5316	937.0000
37.5520	997.0000
37.5725	992.0000
37.5930	988.0000
37.6135	1033.0000
37.6340	1054.0000
37.6545	1020.0000
37.6749	1059.0000
37.6954	1092.0000
37.7159	1116.0000
37.7364	1175.0000
37.7569	1243.0000
37.7773	1157.0000
37.7978	1237.0000
37.8183	1175.0000
37.8388	1310.0000
37.8593	1362.0000
37.8797	1378.0000
37.9002	1422.0000
37.9207	1438.0000
37.9412	1476.0000
37.9617	1508.0000
37.9821	1603.0000
38.0026	1668.0000
38.0231	1663.0000
38.0436	1777.0000
38.0641	1770.0000
38.0845	1778.0000
38.1050	1892.0000
38.1255	1947.0000
38.1460	1861.0000
38.1665	1943.0000
38.1869	1870.0000
38.2074	2031.0000
38.2279	1971.0000
38.2484	2035.0000
38.2689	2074.0000
38.2894	1982.0000
38.3098	2064.0000
38.3303	2022.0000
38.3508	1941.0000
38.3713	1896.0000
38.3918	1923.0000
38.4122	1884.0000
38.4327	1929.0000
38.4532	1949.0000
38.4737	1944.0000
38.4942	1889.0000
38.5146	1967.0000
38.5351	2064.0000
38.5556	1991.0000
38.5761	2036.0000
38.5966	1966.0000
38.6170	2024.0000
38.6375	2090.0000
38.6580	1959.0000
38.6785	1936.0000
38.6990	1907.0000
38.7194	1759.0000
38.7399	1710.0000
38.7604	1657.0000
38.7809	1558.0000
38.8014	1487.0000
38.8219	1408.0000
38.8423	1337.0000
38.8628	1260.0000
38.8833	1231.0000
38.9038	1187.0000
38.9243	1134.0000
38.9447	1211.0000
38.9652	1108.0000
38.9857	1095.0000
39.0062	1072.0000
39.0267	1067.0000
39.0471	1033.0000
39.0676	1034.0000
39.0881	1004.0000
39.1086	1021.0000
39.1291	1013.0000
39.1495	1018.0000
39.1700	955.0000
39.1905	1000.0000
39.2110	954.0000
39.2315	982.0000
39.2519	982.0000
39.2724	991.0000
39.2929	916.0000
39.3134	960.0000
39.3339	940.0000
39.3543	892.0000
39.3748	865.0000
39.3953	878.0000
39.4158	903.0000
39.4363	881.0000
39.4568	846.0000
39.4772	882.0000
39.4977	885.0000
39.5182	953.0000
39.5387	899.0000
39.5592	857.0000
39.5796	897.0000
39.6001	869.0000
39.6206	892.0000
39.6411	908.0000
39.6616	863.0000
39.6820	849.0000
39.7025	852.0000
39.7230	856.0000
39.7435	878.0000
39.7640	893.0000
39.7844	868.0000
39.8049	861.0000
39.8254	839.0000
39.8459	850.0000
39.8664	855.0000
39.8868	853.0000
39.9073	823.0000
39.9278	824.0000
39.9483	876.0000
39.9688	812.0000
39.9892	888.0000
40.0097	886.0000
40.0302	861.0000
40.0507	840.0000
40.0712	887.0000
40.0917	861.0000
40.1121	883.0000
40.1326	881.0000
40.1531	874.0000
40.1736	824.0000
40.1941	886.0000
40.2145	849.0000
40.2350	854.0000
40.2555	850.0000
40.2760	817.0000
40.2965	854.0000
40.3169	867.0000
40.3374	859.0000
40.3579	845.0000
40.3784	848.0000
40.3989	861.0000
40.4193	882.0000
40.4398	862.0000
40.4603	863.0000
40.4808	817.0000
40.5013	878.0000
40.5217	846.0000
40.5422	845.0000
40.5627	858.0000
40.5832	900.0000
40.6037	894.0000
40.6242	808.0000
40.6446	852.0000
40.6651	856.0000
40.6856	876.0000
40.7061	865.0000
40.7266	883.0000
40.7470	843.0000
40.7675	840.0000
40.7880	865.0000
40.8085	872.0000
40.8290	891.0000
40.8494	914.0000
40.8699	933.0000
40.8904	883.0000
40.9109	890.0000
40.9314	951.0000
40.9518	904.0000
40.9723	932.0000
40.9928	906.0000
41.0133	962.0000
41.0338	925.0000
41.0542	932.0000
41.0747	992.0000
41.0952	970.0000
41.1157	952.0000
41.1362	1006.0000
41.1566	1080.0000
41.1771	1094.0000
41.1976	1105.0000
41.2181	1164.0000
41.2386	1186.0000
41.2591	1158.0000
41.2795	1315.0000
41.3000	1313.0000
41.3205	1276.0000
41.3410	1332.0000
41.3615	1295.0000
41.3819	1295.0000
41.4024	1233.0000
41.4229	1206.0000
41.4434	1178.0000
41.4639	1112.0000
41.4843	1068.0000
41.5048	1028.0000
41.5253	1006.0000
41.5458	967.0000
41.5663	939.0000
41.5867	970.0000
41.6072	931.0000
41.6277	922.0000
41.6482	891.0000
41.6687	995.0000
41.6891	915.0000
41.7096	957.0000
41.7301	930.0000
41.7506	930.0000
41.7711	907.0000
41.7915	923.0000
41.8120	897.0000
41.8325	955.0000
41.8530	900.0000
41.8735	893.0000
41.8940	937.0000
41.9144	923.0000
41.9349	859.0000
41.9554	905.0000
41.9759	914.0000
41.9964	847.0000
42.0168	930.0000
42.0373	899.0000
42.0578	888.0000
42.0783	929.0000
42.0988	942.0000
42.1192	943.0000
42.1397	916.0000
42.1602	940.0000
42.1807	955.0000
42.2012	952.0000
42.2216	916.0000
42.2421	962.0000
42.2626	1049.0000
42.2831	940.0000
42.3036	951.0000
42.3240	912.0000
42.3445	992.0000
42.3650	1018.0000
42.3855	1014.0000
42.4060	1002.0000
42.4265	941.0000
42.4469	985.0000
42.4674	993.0000
42.4879	1004.0000
42.5084	1010.0000
42.5289	950.0000
42.5493	898.0000
42.5698	938.0000
42.5903	967.0000
42.6108	953.0000
42.6313	896.0000
42.6517	887.0000
42.6722	939.0000
42.6927	922.0000
42.7132	916.0000
42.7337	890.0000
42.7541	922.0000
42.7746	951.0000
42.7951	893.0000
42.8156	868.0000
42.8361	895.0000
42.8565	874.0000
42.8770	929.0000
42.8975	903.0000
42.9180	952.0000
42.9385	931.0000
42.9589	973.0000
42.9794	934.0000
42.9999	935.0000
43.0204	960.0000
43.0409	949.0000
43.0614	974.0000
43.0818	954.0000
43.1023	922.0000
43.1228	932.0000
43.1433	958.0000
43.1638	950.0000
43.1842	972.0000
43.2047	923.0000
43.2252	958.0000
43.2457	1008.0000
43.2662	991.0000
43.2866	967.0000
43.3071	947.0000
43.3276	963.0000
43.3481	986.0000
43.3686	957.0000
43.3890	969.0000
43.4095	997.0000
43.4300	1026.0000
43.4505	1002.0000
43.4710	1072.0000
43.4914	1061.0000
43.5119	1093.0000
43.5324	1122.0000
43.5529	1189.0000
43.5734	1136.0000
43.5939	1139.0000
43.6143	1160.0000
43.6348	1204.0000
43.6553	1237.0000
43.6758	1184.0000
43.6963	1166.0000
43.7167	1232.0000
43.7372	1186.0000
43.7577	1162.0000
43.7782	1223.0000
43.7987	1231.0000
43.8191	1278.0000
43.8396	1307.0000
43.8601	1344.0000
43.8806	1403.0000
43.9011	1387.0000
43.9215	1468.0000
43.9420	1457.0000
43.9625	1576.0000
43.9830	1554.0000
44.0035	1622.0000
44.0239	1623.0000
44.0444	1687.0000
44.0649	1597.0000
44.0854	1662.0000
44.1059	1534.0000
44.1263	1489.0000
44.1468	1498.0000
44.1673	1471.0000
44.1878	1443.0000
44.2083	1268.0000
44.2288	1291.0000
44.2492	1236.0000
44.2697	1290.0000
44.2902	1241.0000
44.3107	1228.0000
44.3312	1174.0000
44.3516	1139.0000
44.3721	1091.0000
44.3926	1143.0000
44.4131	1162.0000
44.4336	1101.0000
44.4540	1125.0000
44.4745	1120.0000
44.4950	1093.0000
44.5155	1156.0000
44.5360	1038.0000
44.5564	1075.0000
44.5769	1093.0000
44.5974	1085.0000
44.6179	1075.0000
44.6384	1123.0000
44.6588	1101.0000
44.6793	1062.0000
44.6998	1090.0000
44.7203	1071.0000
44.7408	1143.0000
44.7612	1098.0000
44.7817	1062.0000
44.8022	1106.0000
44.8227	1101.0000
44.8432	1120.0000
44.8637	1016.0000
44.8841	1038.0000
44.9046	1167.0000
44.9251	1044.0000
44.9456	1101.0000
44.9661	1162.0000
44.9865	1103.0000
45.0070	1099.0000
45.0275	1070.0000
45.0480	1070.0000
45.0685	1115.0000
45.0889	1107.0000
45.1094	1153.0000
45.1299	1150.0000
45.1504	1067.0000
45.1709	1113.0000
45.1913	1045.0000
45.2118	1050.0000
45.2323	1024.0000
45.2528	1148.0000
45.2733	1101.0000
45.2937	1077.0000
45.3142	1105.0000
45.3347	1136.0000
45.3552	1117.0000
45.3757	1117.0000
45.3962	1188.0000
45.4166	1143.0000
45.4371	1175.0000
45.4576	1198.0000
45.4781	1194.0000
45.4986	1254.0000
45.5190	1262.0000
45.5395	1356.0000
45.5600	1337.0000
45.5805	1425.0000
45.6010	1513.0000
45.6214	1515.0000
45.6419	1686.0000
45.6624	1868.0000
45.6829	2129.0000
45.7034	2568.0000
45.7238	3409.0000
45.7443	4643.0000
45.7648	6625.0000
45.7853	8738.0000
45.8058	10999.0000
45.8262	12519.0000
45.8467	13209.0000
45.8672	12513.0000
45.8877	11187.0000
45.9082	9839.0000
45.9286	8880.0000
45.9491	8228.0000
45.9696	7514.0000
45.9901	6285.0000
46.0106	5151.0000
46.0311	3846.0000
46.0515	2876.0000
46.0720	2145.0000
46.0925	1694.0000
46.1130	1536.0000
46.1335	1433.0000
46.1539	1266.0000
46.1744	1246.0000
46.1949	1236.0000
46.2154	1175.0000
46.2359	1019.0000
46.2563	1012.0000
46.2768	1034.0000
46.2973	1016.0000
46.3178	964.0000
46.3383	957.0000
46.3587	1003.0000
46.3792	1002.0000
46.3997	895.0000
46.4202	928.0000
46.4407	955.0000
46.4611	956.0000
46.4816	929.0000
46.5021	992.0000
46.5226	985.0000
46.5431	915.0000
46.5635	985.0000
46.5840	937.0000
46.6045	945.0000
46.6250	946.0000
46.6455	938.0000
46.6660	951.0000
46.6864	926.0000
46.7069	916.0000
46.7274	951.0000
46.7479	942.0000
46.7684	951.0000
46.7888	954.0000
46.8093	938.0000
46.8298	909.0000
46.8503	954.0000
46.8708	968.0000
46.8912	903.0000
46.9117	893.0000
46.9322	911.0000
46.9527	953.0000
46.9732	953.0000
46.9936	871.0000
47.0141	898.0000
47.0346	948.0000
47.0551	900.0000
47.0756	883.0000
47.0960	991.0000
47.1165	913.0000
47.1370	828.0000
47.1575	917.0000
47.1780	897.0000
47.1985	880.0000
47.2189	863.0000
47.2394	876.0000
47.2599	925.0000
47.2804	925.0000
47.3009	886.0000
47.3213	873.0000
47.3418	856.0000
47.3623	881.0000
47.3828	915.0000
47.4033	856.0000
47.4237	884.0000
47.4442	925.0000
47.4647	886.0000
47.4852	946.0000
47.5057	842.0000
47.5261	836.0000
47.5466	854.0000
47.5671	889.0000
47.5876	921.0000
47.6081	898.0000
47.6285	856.0000
47.6490	874.0000
47.6695	893.0000
47.6900	822.0000
47.7105	830.0000
47.7309	848.0000
47.7514	830.0000
47.7719	815.0000
47.7924	853.0000
47.8129	822.0000
47.8334	811.0000
47.8538	837.0000
47.8743	835.0000
47.8948	839.0000
47.9153	876.0000
47.9358	816.0000
47.9562	833.0000
47.9767	801.0000
47.9972	855.0000
48.0177	765.0000
48.0382	889.0000
48.0586	836.0000
48.0791	835.0000
48.0996	815.0000
48.1201	897.0000
48.1406	822.0000
48.1610	795.0000
48.1815	824.0000
48.2020	790.0000
48.2225	797.0000
48.2430	799.0000
48.2634	801.0000
48.2839	803.0000
48.3044	808.0000
48.3249	765.0000
48.3454	808.0000
48.3659	796.0000
48.3863	813.0000
48.4068	809.0000
48.4273	831.0000
48.4478	792.0000
48.4683	777.0000
48.4887	785.0000
48.5092	836.0000
48.5297	823.0000
48.5502	832.0000
48.5707	806.0000
48.5911	747.0000
48.6116	781.0000
48.6321	856.0000
48.6526	766.0000
48.6731	822.0000
48.6935	813.0000
48.7140	826.0000
48.7345	836.0000
48.7550	847.0000
48.7755	818.0000
48.7959	810.0000
48.8164	828.0000
48.8369	805.0000
48.8574	819.0000
48.8779	760.0000
48.8983	803.0000
48.9188	816.0000
48.9393	846.0000
48.9598	791.0000
48.9803	835.0000
49.0008	818.0000
49.0212	862.0000
49.0417	876.0000
49.0622	908.0000
49.0827	902.0000
49.1032	937.0000
49.1236	926.0000
49.1441	966.0000
49.1646	899.0000
49.1851	910.0000
49.2056	865.0000
49.2260	871.0000
49.2465	872.0000
49.2670	899.0000
49.2875	839.0000
49.3080	928.0000
49.3284	802.0000
49.3489	841.0000
49.3694	828.0000
49.3899	833.0000
49.4104	829.0000
49.4308	848.0000
49.4513	827.0000
49.4718	797.0000
49.4923	835.0000
49.5128	781.0000
49.5332	818.0000
49.5537	876.0000
49.5742	865.0000
49.5947	808.0000
49.6152	866.0000
49.6357	808.0000
49.6561	792.0000
49.6766	813.0000
49.6971	858.0000
49.7176	837.0000
49.7381	853.0000
49.7585	838.0000
49.7790	837.0000
49.7995	903.0000
49.8200	867.0000
49.8405	900.0000
49.8609	871.0000
49.8814	911.0000
49.9019	936.0000
49.9224	849.0000
49.9429	920.0000
49.9633	917.0000
49.9838	883.0000
