20.0001	1032.0000
20.0206	1082.0000
20.0411	1166.0000
20.0615	1037.0000
20.0820	1053.0000
20.1025	1050.0000
20.1230	1083.0000
20.1435	1134.0000
20.1639	1105.0000
20.1844	1070.0000
20.2049	1040.0000
20.2254	1172.0000
20.2459	1133.0000
20.2663	1104.0000
20.2868	1101.0000
20.3073	1136.0000
20.3278	1108.0000
20.3483	1169.0000
20.3688	1078.0000
20.3892	1114.0000
20.4097	1096.0000
20.4302	1152.0000
20.4507	1113.0000
20.4712	1113.0000
20.4916	1136.0000
20.5121	1127.0000
20.5326	1086.0000
20.5531	1145.0000
20.5736	1136.0000
20.5940	1146.0000
20.6145	1127.0000
20.6350	1163.0000
20.6555	1126.0000
20.6760	1171.0000
20.6964	1214.0000
20.7169	1132.0000
20.7374	1198.0000
20.7579	1117.0000
20.7784	1117.0000
20.7988	1194.0000
20.8193	1175.0000
20.8398	1193.0000
20.8603	1151.0000
20.8808	1187.0000
20.9012	1181.0000
20.9217	1175.0000
20.9422	1093.0000
20.9627	1196.0000
20.9832	1230.0000
21.0037	1160.0000
21.0241	1177.0000
21.0446	1168.0000
21.0651	1183.0000
21.0856	1141.0000
21.1061	1181.0000
21.1265	1166.0000
21.1470	1224.0000
21.1675	1184.0000
21.1880	1163.0000
21.2085	1242.0000
21.2289	1238.0000
21.2494	1237.0000
21.2699	1224.0000
21.2904	1241.0000
21.3109	1195.0000
21.3313	1122.0000
21.3518	1198.0000
21.3723	1269.0000
21.3928	1180.0000
21.4133	1177.0000
21.4337	1234.0000
21.4542	1297.0000
21.4747	1268.0000
21.4952	1250.0000
21.5157	1251.0000
21.5362	1265.0000
21.5566	1301.0000
21.5771	1257.0000
21.5976	1289.0000
21.6181	1207.0000
21.6386	1192.0000
21.6590	1300.0000
21.6795	1266.0000
21.7000	1318.0000
21.7205	1217.0000
21.7410	1286.0000
21.7614	1243.0000
21.7819	1237.0000
21.8024	1291.0000
21.8229	1290.0000
21.8434	1283.0000
21.8638	1302.0000
21.8843	1240.0000
21.9048	1296.0000
21.9253	1312.0000
21.9458	1290.0000
21.9662	1274.0000
21.9867	1334.0000
22.0072	1287.0000
22.0277	1259.0000
22.0482	1302.0000
22.0686	1372.0000
22.0891	1296.0000
22.1096	1334.0000
22.1301	1297.0000
22.1506	1372.0000
22.1711	1336.0000
22.1915	1290.0000
22.2120	1340.0000
22.2325	1430.0000
22.2530	1295.0000
22.2735	1345.0000
22.2939	1377.0000
22.3144	1339.0000
22.3349	1355.0000
22.3554	1327.0000
22.3759	1376.0000
22.3963	1321.0000
22.4168	1427.0000
22.4373	1320.0000
22.4578	1408.0000
22.4783	1387.0000
22.4987	1384.0000
22.5192	1432.0000
22.5397	1416.0000
22.5602	1359.0000
22.5807	1382.0000
22.6011	1452.0000
22.6216	1363.0000
22.6421	1404.0000
22.6626	1359.0000
22.6831	1432.0000
22.7035	1455.0000
22.7240	1413.0000
22.7445	1368.0000
22.7650	1401.0000
22.7855	1356.0000
22.8060	1363.0000
22.8264	1366.0000
22.8469	1396.0000
22.8674	1378.0000
22.8879	1424.0000
22.9084	1387.0000
22.9288	1392.0000
22.9493	1378.0000
22.9698	1441.0000
22.9903	1435.0000
23.0108	1448.0000
23.0312	1427.0000
23.0517	1439.0000
23.0722	1342.0000
23.0927	1303.0000
23.1132	1404.0000
23.1336	1444.0000
23.1541	1463.0000
23.1746	1448.0000
23.1951	1403.0000
23.2156	1378.0000
23.2360	1361.0000
23.2565	1371.0000
23.2770	1423.0000
23.2975	1417.0000
23.3180	1393.0000
23.3385	1357.0000
23.3589	1322.0000
23.3794	1390.0000
23.3999	1349.0000
23.4204	1356.0000
23.4409	1367.0000
23.4613	1435.0000
23.4818	1273.0000
23.5023	1294.0000
23.5228	1327.0000
23.5433	1355.0000
23.5637	1378.0000
23.5842	1268.0000
23.6047	1372.0000
23.6252	1319.0000
23.6457	1330.0000
23.6661	1298.0000
23.6866	1309.0000
23.7071	1415.0000
23.7276	1306.0000
23.7481	1375.0000
23.7685	1301.0000
23.7890	1333.0000
23.8095	1279.0000
23.8300	1332.0000
23.8505	1277.0000
23.8709	1323.0000
23.8914	1309.0000
23.9119	1364.0000
23.9324	1236.0000
23.9529	1333.0000
23.9734	1268.0000
23.9938	1258.0000
24.0143	1295.0000
24.0348	1353.0000
24.0553	1311.0000
24.0758	1287.0000
24.0962	1297.0000
24.1167	1255.0000
24.1372	1292.0000
24.1577	1266.0000
24.1782	1259.0000
24.1986	1292.0000
24.2191	1233.0000
24.2396	1325.0000
24.2601	1227.0000
24.2806	1236.0000
24.3010	1283.0000
24.3215	1323.0000
24.3420	1254.0000
24.3625	1276.0000
24.3830	1312.0000
24.4034	1330.0000
24.4239	1293.0000
24.4444	1315.0000
24.4649	1327.0000
24.4854	1357.0000
24.5059	1345.0000
24.5263	1296.0000
24.5468	1329.0000
24.5673	1468.0000
24.5878	1413.0000
24.6083	1393.0000
24.6287	1493.0000
24.6492	1367.0000
24.6697	1449.0000
24.6902	1400.0000
24.7107	1465.0000
24.7311	1500.0000
24.7516	1457.0000
24.7721	1442.0000
24.7926	1396.0000
24.8131	1346.0000
24.8335	1329.0000
24.8540	1314.0000
24.8745	1224.0000
24.8950	1218.0000
24.9155	1234.0000
24.9359	1223.0000
24.9564	1214.0000
24.9769	1176.0000
24.9974	1206.0000
25.0179	1177.0000
25.0383	1153.0000
25.0588	1158.0000
25.0793	1195.0000
25.0998	1209.0000
25.1203	1116.0000
25.1408	1157.0000
25.1612	1190.0000
25.1817	1137.0000
25.2022	1262.0000
25.2227	1183.0000
25.2432	1180.0000
25.2636	1161.0000
25.2841	1153.0000
25.3046	1197.0000
25.3251	1187.0000
25.3456	1182.0000
25.3660	1218.0000
25.3865	1185.0000
25.4070	1218.0000
25.4275	1162.0000
25.4480	1217.0000
25.4684	1190.0000
25.4889	1231.0000
25.5094	1278.0000
25.5299	1292.0000
25.5504	1215.0000
25.5708	1161.0000
25.5913	1204.0000
25.6118	1218.0000
25.6323	1189.0000
25.6528	1220.0000
25.6732	1189.0000
25.6937	1220.0000
25.7142	1196.0000
25.7347	1153.0000
25.7552	1170.0000
25.7757	1106.0000
25.7961	1040.0000
25.8166	1106.0000
25.8371	1133.0000
25.8576	1101.0000
25.8781	1119.0000
25.8985	1133.0000
25.9190	1136.0000
25.9395	1159.0000
25.9600	1067.0000
25.9805	1112.0000
26.0009	1051.0000
26.0214	1031.0000
26.0419	1079.0000
26.0624	1104.0000
26.0829	1060.0000
26.1033	1129.0000
26.1238	1054.0000
26.1443	1088.0000
26.1648	1132.0000
26.1853	1103.0000
26.2057	1115.0000
26.2262	1102.0000
26.2467	1063.0000
26.2672	1038.0000
26.2877	1053.0000
26.3082	1080.0000
26.3286	1010.0000
26.3491	1093.0000
26.3696	1006.0000
26.3901	1019.0000
26.4106	1012.0000
26.4310	1060.0000
26.4515	1042.0000
26.4720	1031.0000
26.4925	1048.0000
26.5130	1032.0000
26.5334	1023.0000
26.5539	1055.0000
26.5744	1066.0000
26.5949	1036.0000
26.6154	1018.0000
26.6358	1018.0000
26.6563	1074.0000
26.6768	1072.0000
26.6973	1008.0000
26.7178	1046.0000
26.7382	1015.0000
26.7587	1004.0000
26.7792	1008.0000
26.7997	1039.0000
26.8202	1034.0000
26.8406	1065.0000
26.8611	1062.0000
26.8816	1021.0000
26.9021	1007.0000
26.9226	1022.0000
26.9431	995.0000
26.9635	1006.0000
26.9840	1026.0000
27.0045	1000.0000
27.0250	969.0000
27.0455	995.0000
27.0659	952.0000
27.0864	971.0000
27.1069	947.0000
27.1274	965.0000
27.1479	973.0000
27.1683	993.0000
27.1888	990.0000
27.2093	987.0000
27.2298	999.0000
27.2503	1057.0000
27.2707	1015.0000
27.2912	967.0000
27.3117	996.0000
27.3322	1012.0000
27.3527	943.0000
27.3731	994.0000
27.3936	1033.0000
27.4141	1057.0000
27.4346	1039.0000
27.4551	967.0000
27.4755	985.0000
27.4960	958.0000
27.5165	996.0000
27.5370	947.0000
27.5575	969.0000
27.5780	978.0000
27.5984	1017.0000
27.6189	952.0000
27.6394	964.0000
27.6599	930.0000
27.6804	981.0000
27.7008	985.0000
27.7213	989.0000
27.7418	1007.0000
27.7623	921.0000
27.7828	967.0000
27.8032	987.0000
27.8237	1001.0000
27.8442	960.0000
27.8647	968.0000
27.8852	926.0000
27.9056	904.0000
27.9261	929.0000
27.9466	935.0000
27.9671	906.0000
27.9876	929.0000
28.0080	917.0000
28.0285	967.0000
28.0490	1024.0000
28.0695	920.0000
28.0900	949.0000
28.1105	1044.0000
28.1309	943.0000
28.1514	983.0000
28.1719	968.0000
28.1924	963.0000
28.2129	969.0000
28.2333	910.0000
28.2538	989.0000
28.2743	991.0000
28.2948	957.0000
28.3153	992.0000
28.3357	908.0000
28.3562	959.0000
28.3767	976.0000
28.3972	943.0000
28.4177	956.0000
28.4381	948.0000
28.4586	999.0000
28.4791	946.0000
28.4996	927.0000
28.5201	952.0000
28.5405	943.0000
28.5610	988.0000
28.5815	919.0000
28.6020	969.0000
28.6225	975.0000
28.6429	955.0000
28.6634	942.0000
28.6839	957.0000
28.7044	915.0000
28.7249	983.0000
28.7454	965.0000
28.7658	943.0000
28.7863	950.0000
28.8068	977.0000
28.8273	958.0000
28.8478	981.0000
28.8682	947.0000
28.8887	929.0000
28.9092	907.0000
28.9297	957.0000
28.9502	931.0000
28.9706	922.0000
28.9911	945.0000
29.0116	938.0000
29.0321	936.0000
29.0526	934.0000
29.0730	989.0000
29.0935	971.0000
29.1140	935.0000
29.1345	975.0000
29.1550	900.0000
29.1754	920.0000
29.1959	908.0000
29.2164	888.0000
29.2369	964.0000
29.2574	882.0000
29.2779	949.0000
29.2983	947.0000
29.3188	910.0000
29.3393	969.0000
29.3598	940.0000
29.3803	902.0000
29.4007	967.0000
29.4212	987.0000
29.4417	933.0000
29.4622	991.0000
29.4827	921.0000
29.5031	926.0000
29.5236	919.0000
29.5441	977.0000
29.5646	895.0000
29.5851	943.0000
29.6055	943.0000
29.6260	935.0000
29.6465	980.0000
29.6670	1036.0000
29.6875	933.0000
29.7079	928.0000
29.7284	949.0000
29.7489	1011.0000
29.7694	1000.0000
29.7899	1009.0000
29.8103	1038.0000
29.8308	1031.0000
29.8513	1049.0000
29.8718	1062.0000
29.8923	1006.0000
29.9128	977.0000
29.9332	1034.0000
29.9537	986.0000
29.9742	973.0000
29.9947	975.0000
30.0152	950.0000
30.0356	934.0000
30.0561	910.0000
30.0766	913.0000
30.0971	869.0000
30.1176	949.0000
30.1380	913.0000
30.1585	892.0000
30.1790	904.0000
30.1995	894.0000
30.2200	923.0000
30.2404	878.0000
30.2609	948.0000
30.2814	872.0000
30.3019	919.0000
30.3224	931.0000
30.3428	933.0000
30.3633	961.0000
30.3838	885.0000
30.4043	935.0000
30.4248	971.0000
30.4452	919.0000
30.4657	944.0000
30.4862	912.0000
30.5067	964.0000
30.5272	926.0000
30.5477	897.0000
30.5681	892.0000
30.5886	841.0000
30.6091	877.0000
30.6296	896.0000
30.6501	940.0000
30.6705	951.0000
30.6910	851.0000
30.7115	893.0000
30.7320	956.0000
30.7525	917.0000
30.7729	879.0000
30.7934	915.0000
30.8139	901.0000
30.8344	894.0000
30.8549	892.0000
30.8753	933.0000
30.8958	859.0000
30.9163	910.0000
30.9368	877.0000
30.9573	972.0000
30.9777	861.0000
30.9982	879.0000
31.0187	912.0000
31.0392	882.0000
31.0597	890.0000
31.0802	919.0000
31.1006	893.0000
31.1211	936.0000
31.1416	922.0000
31.1621	876.0000
31.1826	922.0000
31.2030	868.0000
31.2235	911.0000
31.2440	849.0000
31.2645	875.0000
31.2850	850.0000
31.3054	906.0000
31.3259	916.0000
31.3464	909.0000
31.3669	860.0000
31.3874	895.0000
31.4078	912.0000
31.4283	966.0000
31.4488	857.0000
31.4693	904.0000
31.4898	868.0000
31.5102	877.0000
31.5307	924.0000
31.5512	907.0000
31.5717	920.0000
31.5922	889.0000
31.6126	911.0000
31.6331	917.0000
31.6536	885.0000
31.6741	891.0000
31.6946	894.0000
31.7151	859.0000
31.7355	926.0000
31.7560	868.0000
31.7765	944.0000
31.7970	921.0000
31.8175	846.0000
31.8379	928.0000
31.8584	919.0000
31.8789	892.0000
31.8994	890.0000
31.9199	861.0000
31.9403	865.0000
31.9608	926.0000
31.9813	916.0000
32.0018	900.0000
32.0223	912.0000
32.0427	836.0000
32.0632	859.0000
32.0837	848.0000
32.1042	861.0000
32.1247	884.0000
32.1451	888.0000
32.1656	906.0000
32.1861	857.0000
32.2066	908.0000
32.2271	872.0000
32.2475	866.0000
32.2680	867.0000
32.2885	900.0000
32.3090	911.0000
32.3295	901.0000
32.3500	884.0000
32.3704	901.0000
32.3909	894.0000
32.4114	901.0000
32.4319	888.0000
32.4524	868.0000
32.4728	902.0000
32.4933	878.0000
32.5138	868.0000
32.5343	874.0000
32.5548	865.0000
32.5752	836.0000
32.5957	903.0000
32.6162	866.0000
32.6367	885.0000
32.6572	867.0000
32.6776	928.0000
32.6981	901.0000
32.7186	873.0000
32.7391	870.0000
32.7596	881.0000
32.7800	813.0000
32.8005	910.0000
32.8210	870.0000
32.8415	868.0000
32.8620	924.0000
32.8825	893.0000
32.9029	896.0000
32.9234	812.0000
32.9439	875.0000
32.9644	885.0000
32.9849	804.0000
33.0053	835.0000
33.0258	866.0000
33.0463	890.0000
33.0668	860.0000
33.0873	874.0000
33.1077	887.0000
33.1282	927.0000
33.1487	840.0000
33.1692	817.0000
33.1897	798.0000
33.2101	838.0000
33.2306	835.0000
33.2511	860.0000
33.2716	830.0000
33.2921	874.0000
33.3125	885.0000
33.3330	858.0000
33.3535	894.0000
33.3740	826.0000
33.3945	913.0000
33.4149	859.0000
33.4354	804.0000
33.4559	873.0000
33.4764	879.0000
33.4969	822.0000
33.5174	879.0000
33.5378	834.0000
33.5583	889.0000
33.5788	870.0000
33.5993	895.0000
33.6198	897.0000
33.6402	920.0000
33.6607	850.0000
33.6812	839.0000
33.7017	859.0000
33.7222	833.0000
33.7426	899.0000
33.7631	895.0000
33.7836	962.0000
33.8041	825.0000
33.8246	856.0000
33.8450	902.0000
33.8655	850.0000
33.8860	891.0000
33.9065	885.0000
33.9270	837.0000
33.9474	839.0000
33.9679	868.0000
33.9884	867.0000
34.0089	885.0000
34.0294	844.0000
34.0499	870.0000
34.0703	885.0000
34.0908	866.0000
34.1113	874.0000
34.1318	898.0000
34.1523	834.0000
34.1727	892.0000
34.1932	840.0000
34.2137	891.0000
34.2342	870.0000
34.2547	883.0000
34.2751	859.0000
34.2956	811.0000
34.3161	850.0000
34.3366	849.0000
34.3571	876.0000
34.3775	867.0000
34.3980	827.0000
34.4185	854.0000
34.4390	879.0000
34.4595	831.0000
34.4799	903.0000
34.5004	811.0000
34.5209	830.0000
34.5414	821.0000
34.5619	863.0000
34.5823	829.0000
34.6028	865.0000
34.6233	881.0000
34.6438	903.0000
34.6643	857.0000
34.6848	899.0000
34.7052	898.0000
34.7257	896.0000
34.7462	867.0000
34.7667	941.0000
34.7872	931.0000
34.8076	900.0000
34.8281	930.0000
34.8486	926.0000
34.8691	938.0000
34.8896	960.0000
34.9100	932.0000
34.9305	959.0000
34.9510	952.0000
34.9715	955.0000
34.9920	946.0000
35.0124	907.0000
35.0329	907.0000
35.0534	923.0000
35.0739	924.0000
35.0944	944.0000
35.1148	922.0000
35.1353	892.0000
35.1558	903.0000
35.1763	925.0000
35.1968	931.0000
35.2172	949.0000
35.2377	928.0000
35.2582	898.0000
35.2787	950.0000
35.2992	887.0000
35.3197	935.0000
35.3401	894.0000
35.3606	924.0000
35.3811	910.0000
35.4016	854.0000
35.4221	890.0000
35.4425	862.0000
35.4630	879.0000
35.4835	879.0000
35.5040	882.0000
35.5245	886.0000
35.5449	903.0000
35.5654	948.0000
35.5859	848.0000
35.6064	874.0000
35.6269	879.0000
35.6473	902.0000
35.6678	911.0000
35.6883	885.0000
35.7088	834.0000
35.7293	862.0000
35.7497	861.0000
35.7702	893.0000
35.7907	884.0000
35.8112	855.0000
35.8317	810.0000
35.8522	867.0000
35.8726	920.0000
35.8931	927.0000
35.9136	924.0000
35.9341	937.0000
35.9546	922.0000
35.9750	912.0000
35.9955	889.0000
36.0160	907.0000
36.0365	937.0000
36.0570	890.0000
36.0774	872.0000
36.0979	918.0000
36.1184	915.0000
36.1389	903.0000
36.1594	851.0000
36.1798	885.0000
36.2003	881.0000
36.2208	872.0000
36.2413	877.0000
36.2618	849.0000
36.2822	857.0000
36.3027	883.0000
36.3232	820.0000
36.3437	807.0000
36.3642	875.0000
36.3846	828.0000
36.4051	866.0000
36.4256	829.0000
36.4461	876.0000
36.4666	865.0000
36.4871	895.0000
36.5075	889.0000
36.5280	888.0000
36.5485	824.0000
36.5690	911.0000
36.5895	866.0000
36.6099	793.0000
36.6304	858.0000
36.6509	849.0000
36.6714	862.0000
36.6919	802.0000
36.7123	869.0000
36.7328	853.0000
36.7533	869.0000
36.7738	875.0000
36.7943	872.0000
36.8147	899.0000
36.8352	829.0000
36.8557	833.0000
36.8762	842.0000
36.8967	894.0000
36.9171	853.0000
36.9376	883.0000
36.9581	895.0000
36.9786	829.0000
36.9991	889.0000
37.0195	802.0000
37.0400	866.0000
37.0605	894.0000
37.0810	895.0000
37.1015	845.0000
37.1220	917.0000
37.1424	921.0000
37.1629	918.0000
37.1834	908.0000
37.2039	874.0000
37.2244	897.0000
37.2448	875.0000
37.2653	969.0000
37.2858	951.0000
37.3063	946.0000
37.3268	886.0000
37.3472	886.0000
37.3677	922.0000
37.3882	915.0000
37.4087	940.0000
37.4292	984.0000
37.4496	903.0000
37.4701	951.0000
37.4906	953.0000
37.5111	1015.0000
37.5316	1018.0000
37.5520	953.0000
37.5725	971.0000
37.5930	1000.0000
37.6135	1076.0000
37.6340	998.0000
37.6545	1002.0000
37.6749	971.0000
37.6954	1039.0000
37.7159	1096.0000
37.7364	1112.0000
37.7569	1141.0000
37.7773	1088.0000
37.7978	1204.0000
37.8183	1188.0000
37.8388	1204.0000
37.8593	1224.0000
37.8797	1261.0000
37.9002	1333.0000
37.9207	1334.0000
37.9412	1422.0000
37.9617	1386.0000
37.9821	1515.0000
38.0026	1490.0000
38.0231	1482.0000
38.0436	1625.0000
38.0641	1573.0000
38.0845	1629.0000
38.1050	1674.0000
38.1255	1831.0000
38.1460	1785.0000
38.1665	1771.0000
38.1869	1807.0000
38.2074	1839.0000
38.2279	1938.0000
38.2484	2016.0000
38.2689	1974.0000
38.2894	1985.0000
38.3098	1983.0000
38.3303	1943.0000
38.3508	1960.0000
38.3713	1989.0000
38.3918	1943.0000
38.4122	2026.0000
38.4327	1989.0000
38.4532	1968.0000
38.4737	1998.0000
38.4942	1999.0000
38.5146	2003.0000
38.5351	1995.0000
38.5556	2101.0000
38.5761	2106.0000
38.5966	2043.0000
38.6170	2189.0000
38.6375	2117.0000
38.6580	2075.0000
38.6785	2019.0000
38.6990	1888.0000
38.7194	1880.0000
38.7399	1829.0000
38.7604	1675.0000
38.7809	1577.0000
38.8014	1494.0000
38.8219	1523.0000
38.8423	1387.0000
38.8628	1310.0000
38.8833	1249.0000
38.9038	1249.0000
38.9243	1182.0000
38.9447	1163.0000
38.9652	1121.0000
38.9857	1066.0000
39.0062	1045.0000
39.0267	1097.0000
39.0471	1131.0000
39.0676	1056.0000
39.0881	1021.0000
39.1086	1063.0000
39.1291	1069.0000
39.1495	988.0000
39.1700	935.0000
39.1905	1000.0000
39.2110	936.0000
39.2315	972.0000
39.2519	962.0000
39.2724	1023.0000
39.2929	1001.0000
39.3134	948.0000
39.3339	969.0000
39.3543	958.0000
39.3748	963.0000
39.3953	938.0000
39.4158	946.0000
39.4363	882.0000
39.4568	947.0000
39.4772	907.0000
39.4977	918.0000
39.5182	916.0000
39.5387	882.0000
39.5592	945.0000
39.5796	916.0000
39.6001	883.0000
39.6206	921.0000
39.6411	918.0000
39.6616	923.0000
39.6820	890.0000
39.7025	892.0000
39.7230	891.0000
39.7435	916.0000
39.7640	910.0000
39.7844	906.0000
39.8049	867.0000
39.8254	920.0000
39.8459	893.0000
39.8664	956.0000
39.8868	956.0000
39.9073	970.0000
39.9278	913.0000
39.9483	878.0000
39.9688	909.0000
39.9892	872.0000
40.0097	960.0000
40.0302	876.0000
40.0507	915.0000
40.0712	934.0000
40.0917	927.0000
40.1121	897.0000
40.1326	864.0000
40.1531	899.0000
40.1736	904.0000
40.1941	892.0000
40.2145	907.0000
40.2350	939.0000
40.2555	964.0000
40.2760	879.0000
40.2965	835.0000
40.3169	903.0000
40.3374	906.0000
40.3579	892.0000
40.3784	921.0000
40.3989	964.0000
40.4193	924.0000
40.4398	873.0000
40.4603	917.0000
40.4808	886.0000
40.5013	886.0000
40.5217	964.0000
40.5422	929.0000
40.5627	909.0000
40.5832	906.0000
40.6037	915.0000
40.6242	921.0000
40.6446	876.0000
40.6651	931.0000
40.6856	825.0000
40.7061	934.0000
40.7266	909.0000
40.7470	890.0000
40.7675	898.0000
40.7880	963.0000
40.8085	955.0000
40.8290	919.0000
40.8494	863.0000
40.8699	926.0000
40.8904	942.0000
40.9109	942.0000
40.9314	942.0000
40.9518	895.0000
40.9723	970.0000
40.9928	960.0000
41.0133	957.0000
41.0338	981.0000
41.0542	990.0000
41.0747	976.0000
41.0952	960.0000
41.1157	1056.0000
41.1362	1077.0000
41.1566	1077.0000
41.1771	1111.0000
41.1976	1223.0000
41.2181	1196.0000
41.2386	1200.0000
41.2591	1282.0000
41.2795	1323.0000
41.3000	1368.0000
41.3205	1405.0000
41.3410	1361.0000
41.3615	1377.0000
41.3819	1311.0000
41.4024	1224.0000
41.4229	1270.0000
41.4434	1257.0000
41.4639	1125.0000
41.4843	1138.0000
41.5048	1064.0000
41.5253	1011.0000
41.5458	1094.0000
41.5663	1027.0000
41.5867	980.0000
41.6072	926.0000
41.6277	988.0000
41.6482	973.0000
41.6687	990.0000
41.6891	1000.0000
41.7096	1018.0000
41.7301	932.0000
41.7506	925.0000
41.7711	965.0000
41.7915	939.0000
41.8120	905.0000
41.8325	919.0000
41.8530	942.0000
41.8735	987.0000
41.8940	968.0000
41.9144	957.0000
41.9349	925.0000
41.9554	954.0000
41.9759	886.0000
41.9964	930.0000
42.0168	1004.0000
42.0373	934.0000
42.0578	900.0000
42.0783	948.0000
42.0988	911.0000
42.1192	963.0000
42.1397	925.0000
42.1602	1000.0000
42.1807	974.0000
42.2012	964.0000
42.2216	983.0000
42.2421	1015.0000
42.2626	1065.0000
42.2831	1062.0000
42.3036	1006.0000
42.3240	1047.0000
42.3445	1015.0000
42.3650	1029.0000
42.3855	1000.0000
42.4060	1027.0000
42.4265	1045.0000
42.4469	953.0000
42.4674	1050.0000
42.4879	979.0000
42.5084	998.0000
42.5289	1007.0000
42.5493	976.0000
42.5698	961.0000
42.5903	945.0000
42.6108	942.0000
42.6313	966.0000
42.6517	919.0000
42.6722	977.0000
42.6927	892.0000
42.7132	960.0000
42.7337	933.0000
42.7541	971.0000
42.7746	995.0000
42.7951	1038.0000
42.8156	943.0000
42.8361	979.0000
42.8565	920.0000
42.8770	985.0000
42.8975	936.0000
42.9180	957.0000
42.9385	944.0000
42.9589	985.0000
42.9794	984.0000
42.9999	989.0000
43.0204	1047.0000
43.0409	1044.0000
43.0614	973.0000
43.0818	955.0000
43.1023	1021.0000
43.1228	1021.0000
43.1433	1018.0000
43.1638	979.0000
43.1842	989.0000
43.2047	987.0000
43.2252	983.0000
43.2457	1011.0000
43.2662	973.0000
43.2866	1035.0000
43.3071	979.0000
43.3276	1008.0000
43.3481	1027.0000
43.3686	1024.0000
43.3890	1038.0000
43.4095	1087.0000
43.4300	1084.0000
43.4505	979.0000
43.4710	1143.0000
43.4914	1068.0000
43.5119	1133.0000
43.5324	1124.0000
43.5529	1189.0000
43.5734	1215.0000
43.5939	1110.0000
43.6143	1159.0000
43.6348	1202.0000
43.6553	1181.0000
43.6758	1186.0000
43.6963	1215.0000
43.7167	1180.0000
43.7372	1268.0000
43.7577	1211.0000
43.7782	1267.0000
43.7987	1276.0000
43.8191	1318.0000
43.8396	1323.0000
43.8601	1352.0000
43.8806	1426.0000
43.9011	1431.0000
43.9215	1445.0000
43.9420	1516.0000
43.9625	1546.0000
43.9830	1682.0000
44.0035	1675.0000
44.0239	1682.0000
44.0444	1752.0000
44.0649	1568.0000
44.0854	1614.0000
44.1059	1545.0000
44.1263	1577.0000
44.1468	1539.0000
44.1673	1478.0000
44.1878	1377.0000
44.2083	1382.0000
44.2288	1372.0000
44.2492	1238.0000
44.2697	1255.0000
44.2902	1202.0000
44.3107	1211.0000
44.3312	1149.0000
44.3516	1144.0000
44.3721	1156.0000
44.3926	1134.0000
44.4131	1100.0000
44.4336	1110.0000
44.4540	1118.0000
44.4745	1124.0000
44.4950	1063.0000
44.5155	1124.0000
44.5360	1076.0000
44.5564	1140.0000
44.5769	1073.0000
44.5974	1138.0000
44.6179	1107.0000
44.6384	1138.0000
44.6588	1075.0000
44.6793	1160.0000
44.6998	1105.0000
44.7203	1094.0000
44.7408	1135.0000
44.7612	1088.0000
44.7817	1128.0000
44.8022	1101.0000
44.8227	1140.0000
44.8432	1093.0000
44.8637	1046.0000
44.8841	1093.0000
44.9046	1094.0000
44.9251	1115.0000
44.9456	1109.0000
44.9661	1146.0000
44.9865	1137.0000
45.0070	1115.0000
45.0275	1074.0000
45.0480	1054.0000
45.0685	1130.0000
45.0889	1068.0000
45.1094	1085.0000
45.1299	1094.0000
45.1504	1048.0000
45.1709	1043.0000
45.1913	1079.0000
45.2118	1125.0000
45.2323	1031.0000
45.2528	1055.0000
45.2733	1073.0000
45.2937	1085.0000
45.3142	1133.0000
45.3347	1060.0000
45.3552	1107.0000
45.3757	1106.0000
45.3962	1134.0000
45.4166	1141.0000
45.4371	1160.0000
45.4576	1219.0000
45.4781	1248.0000
45.4986	1225.0000
45.5190	1277.0000
45.5395	1300.0000
45.5600	1307.0000
45.5805	1361.0000
45.6010	1454.0000
45.6214	1528.0000
45.6419	1608.0000
45.6624	1804.0000
45.6829	2075.0000
45.7034	2500.0000
45.7238	3257.0000
45.7443	4438.0000
45.7648	5953.0000
45.7853	8057.0000
45.8058	10413.0000
45.8262	12328.0000
45.8467	12989.0000
45.8672	12643.0000
45.8877	11580.0000
45.9082	10118.0000
45.9286	9024.0000
45.9491	8072.0000
45.9696	7600.0000
45.9901	6624.0000
46.0106	5513.0000
46.0311	4341.0000
46.0515	3059.0000
46.0720	2264.0000
46.0925	1815.0000
46.1130	1494.0000
46.1335	1501.0000
46.1539	1258.0000
46.1744	1275.0000
46.1949	1220.0000
46.2154	1155.0000
46.2359	1116.0000
46.2563	1093.0000
46.2768	1012.0000
46.2973	1014.0000
46.3178	997.0000
46.3383	972.0000
46.3587	1043.0000
46.3792	942.0000
46.3997	926.0000
46.4202	1012.0000
46.4407	975.0000
46.4611	960.0000
46.4816	918.0000
46.5021	958.0000
46.5226	946.0000
46.5431	957.0000
46.5635	929.0000
46.5840	960.0000
46.6045	923.0000
46.6250	927.0000
46.6455	975.0000
46.6660	933.0000
46.6864	989.0000
46.7069	939.0000
46.7274	943.0000
46.7479	909.0000
46.7684	972.0000
46.7888	961.0000
46.8093	984.0000
46.8298	952.0000
46.8503	910.0000
46.8708	913.0000
46.8912	929.0000
46.9117	895.0000
46.9322	907.0000
46.9527	913.0000
46.9732	898.0000
46.9936	855.0000
47.0141	868.0000
47.0346	909.0000
47.0551	918.0000
47.0756	841.0000
47.0960	877.0000
47.1165	914.0000
47.1370	921.0000
47.1575	943.0000
47.1780	879.0000
47.1985	876.0000
47.2189	920.0000
47.2394	909.0000
47.2599	887.0000
47.2804	892.0000
47.3009	859.0000
47.3213	880.0000
47.3418	895.0000
47.3623	958.0000
47.3828	909.0000
47.4033	919.0000
47.4237	966.0000
47.4442	936.0000
47.4647	843.0000
47.4852	906.0000
47.5057	860.0000
47.5261	886.0000
47.5466	887.0000
47.5671	863.0000
47.5876	872.0000
47.6081	923.0000
47.6285	856.0000
47.6490	829.0000
47.6695	873.0000
47.6900	818.0000
47.7105	864.0000
47.7309	838.0000
47.7514	881.0000
47.7719	873.0000
47.7924	865.0000
47.8129	769.0000
47.8334	831.0000
47.8538	858.0000
47.8743	825.0000
47.8948	867.0000
47.9153	806.0000
47.9358	843.0000
47.9562	810.0000
47.9767	811.0000
47.9972	881.0000
48.0177	781.0000
48.0382	847.0000
48.0586	818.0000
48.0791	781.0000
48.0996	826.0000
48.1201	868.0000
48.1406	792.0000
48.1610	825.0000
48.1815	830.0000
48.2020	781.0000
48.2225	795.0000
48.2430	819.0000
48.2634	808.0000
48.2839	840.0000
48.3044	873.0000
48.3249	830.0000
48.3454	833.0000
48.3659	826.0000
48.3863	823.0000
48.4068	812.0000
48.4273	835.0000
48.4478	847.0000
48.4683	788.0000
48.4887	773.0000
48.5092	813.0000
48.5297	742.0000
48.5502	785.0000
48.5707	865.0000
48.5911	777.0000
48.6116	797.0000
48.6321	804.0000
48.6526	821.0000
48.6731	840.0000
48.6935	801.0000
48.7140	796.0000
48.7345	832.0000
48.7550	758.0000
48.7755	805.0000
48.7959	790.0000
48.8164	801.0000
48.8369	837.0000
48.8574	776.0000
48.8779	836.0000
48.8983	804.0000
48.9188	889.0000
48.9393	805.0000
48.9598	814.0000
48.9803	862.0000
49.0008	869.0000
49.0212	881.0000
49.0417	831.0000
49.0622	842.0000
49.0827	869.0000
49.1032	922.0000
49.1236	917.0000
49.1441	935.0000
49.1646	877.0000
49.1851	879.0000
49.2056	938.0000
49.2260	926.0000
49.2465	935.0000
49.2670	862.0000
49.2875	925.0000
49.3080	866.0000
49.3284	794.0000
49.3489	891.0000
49.3694	869.0000
49.3899	809.0000
49.4104	799.0000
49.4308	883.0000
49.4513	807.0000
49.4718	869.0000
49.4923	832.0000
49.5128	818.0000
49.5332	822.0000
49.5537	864.0000
49.5742	831.0000
49.5947	817.0000
49.6152	878.0000
49.6357	844.0000
49.6561	785.0000
49.6766	826.0000
49.6971	851.0000
49.7176	832.0000
49.7381	880.0000
49.7585	835.0000
49.7790	852.0000
49.7995	879.0000
49.8200	831.0000
49.8405	886.0000
49.8609	881.0000
49.8814	902.0000
49.9019	895.0000
49.9224	879.0000
49.9429	874.0000
49.9633	865.0000
49.9838	880.0000
