20.0001	999.0000
20.0206	1058.0000
20.0411	1022.0000
20.0615	1032.0000
20.0820	1008.0000
20.1025	1041.0000
20.1230	1039.0000
20.1435	1014.0000
20.1639	1029.0000
20.1844	1047.0000
20.2049	1085.0000
20.2254	1058.0000
20.2459	1034.0000
20.2663	1043.0000
20.2868	1063.0000
20.3073	1109.0000
20.3278	1041.0000
20.3483	1076.0000
20.3688	1067.0000
20.3892	1044.0000
20.4097	1088.0000
20.4302	1040.0000
20.4507	1105.0000
20.4712	1074.0000
20.4916	1119.0000
20.5121	1061.0000
20.5326	1068.0000
20.5531	1046.0000
20.5736	1123.0000
20.5940	1111.0000
20.6145	1117.0000
20.6350	1051.0000
20.6555	1107.0000
20.6760	1103.0000
20.6964	1109.0000
20.7169	1035.0000
20.7374	1098.0000
20.7579	1079.0000
20.7784	1112.0000
20.7988	1121.0000
20.8193	1200.0000
20.8398	1077.0000
20.8603	1103.0000
20.8808	1101.0000
20.9012	1097.0000
20.9217	1091.0000
20.9422	1098.0000
20.9627	1063.0000
20.9832	1103.0000
21.0037	1083.0000
21.0241	1138.0000
21.0446	1090.0000
21.0651	1168.0000
21.0856	1180.0000
21.1061	1157.0000
21.1265	1133.0000
21.1470	1126.0000
21.1675	1178.0000
21.1880	1164.0000
21.2085	1182.0000
21.2289	1103.0000
21.2494	1158.0000
21.2699	1113.0000
21.2904	1213.0000
21.3109	1149.0000
21.3313	1282.0000
21.3518	1204.0000
21.3723	1209.0000
21.3928	1164.0000
21.4133	1160.0000
21.4337	1202.0000
21.4542	1193.0000
21.4747	1276.0000
21.4952	1250.0000
21.5157	1212.0000
21.5362	1158.0000
21.5566	1156.0000
21.5771	1151.0000
21.5976	1187.0000
21.6181	1218.0000
21.6386	1159.0000
21.6590	1261.0000
21.6795	1221.0000
21.7000	1216.0000
21.7205	1248.0000
21.7410	1253.0000
21.7614	1182.0000
21.7819	1247.0000
21.8024	1207.0000
21.8229	1235.0000
21.8434	1257.0000
21.8638	1226.0000
21.8843	1269.0000
21.9048	1223.0000
21.9253	1247.0000
21.9458	1238.0000
21.9662	1240.0000
21.9867	1222.0000
22.0072	1271.0000
22.0277	1282.0000
22.0482	1248.0000
22.0686	1276.0000
22.0891	1304.0000
22.1096	1304.0000
22.1301	1195.0000
22.1506	1292.0000
22.1711	1281.0000
22.1915	1336.0000
22.2120	1300.0000
22.2325	1278.0000
22.2530	1289.0000
22.2735	1257.0000
22.2939	1350.0000
22.3144	1271.0000
22.3349	1298.0000
22.3554	1331.0000
22.3759	1253.0000
22.3963	1318.0000
22.4168	1308.0000
22.4373	1322.0000
22.4578	1292.0000
22.4783	1345.0000
22.4987	1286.0000
22.5192	1345.0000
22.5397	1372.0000
22.5602	1313.0000
22.5807	1373.0000
22.6011	1341.0000
22.6216	1388.0000
22.6421	1359.0000
22.6626	1347.0000
22.6831	1296.0000
22.7035	1335.0000
22.7240	1323.0000
22.7445	1296.0000
22.7650	1330.0000
22.7855	1388.0000
22.8060	1327.0000
22.8264	1274.0000
22.8469	1389.0000
22.8674	1354.0000
22.8879	1282.0000
22.9084	1312.0000
22.9288	1365.0000
22.9493	1343.0000
22.9698	1370.0000
22.9903	1289.0000
23.0108	1350.0000
23.0312	1384.0000
23.0517	1359.0000
23.0722	1355.0000
23.0927	1348.0000
23.1132	1345.0000
23.1336	1358.0000
23.1541	1387.0000
23.1746	1294.0000
23.1951	1244.0000
23.2156	1344.0000
23.2360	1258.0000
23.2565	1313.0000
23.2770	1354.0000
23.2975	1403.0000
23.3180	1375.0000
23.3385	1366.0000
23.3589	1284.0000
23.3794	1337.0000
23.3999	1295.0000
23.4204	1269.0000
23.4409	1345.0000
23.4613	1323.0000
23.4818	1296.0000
23.5023	1338.0000
23.5228	1295.0000
23.5433	1373.0000
23.5637	1279.0000
23.5842	1315.0000
23.6047	1245.0000
23.6252	1205.0000
23.6457	1290.0000
23.6661	1317.0000
23.6866	1231.0000
23.7071	1297.0000
23.7276	1223.0000
23.7481	1281.0000
23.7685	1265.0000
23.7890	1331.0000
23.8095	1305.0000
23.8300	1270.0000
23.8505	1370.0000
23.8709	1261.0000
23.8914	1213.0000
23.9119	1238.0000
23.9324	1260.0000
23.9529	1236.0000
23.9734	1202.0000
23.9938	1224.0000
24.0143	1228.0000
24.0348	1266.0000
24.0553	1196.0000
24.0758	1176.0000
24.0962	1220.0000
24.1167	1241.0000
24.1372	1232.0000
24.1577	1210.0000
24.1782	1248.0000
24.1986	1221.0000
24.2191	1196.0000
24.2396	1305.0000
24.2601	1250.0000
24.2806	1201.0000
24.3010	1262.0000
24.3215	1324.0000
24.3420	1233.0000
24.3625	1273.0000
24.3830	1266.0000
24.4034	1309.0000
24.4239	1293.0000
24.4444	1275.0000
24.4649	1306.0000
24.4854	1324.0000
24.5059	1314.0000
24.5263	1375.0000
24.5468	1329.0000
24.5673	1353.0000
24.5878	1365.0000
24.6083	1335.0000
24.6287	1359.0000
24.6492	1377.0000
24.6697	1402.0000
24.6902	1420.0000
24.7107	1462.0000
24.7311	1437.0000
24.7516	1429.0000
24.7721	1427.0000
24.7926	1371.0000
24.8131	1340.0000
24.8335	1291.0000
24.8540	1194.0000
24.8745	1287.0000
24.8950	1237.0000
24.9155	1118.0000
24.9359	1213.0000
24.9564	1175.0000
24.9769	1158.0000
24.9974	1147.0000
25.0179	1139.0000
25.0383	1153.0000
25.0588	1120.0000
25.0793	1111.0000
25.0998	1108.0000
25.1203	1148.0000
25.1408	1097.0000
25.1612	1126.0000
25.1817	1123.0000
25.2022	1133.0000
25.2227	1177.0000
25.2432	1065.0000
25.2636	1143.0000
25.2841	1107.0000
25.3046	1121.0000
25.3251	1165.0000
25.3456	1152.0000
25.3660	1169.0000
25.3865	1218.0000
25.4070	1142.0000
25.4275	1147.0000
25.4480	1185.0000
25.4684	1140.0000
25.4889	1131.0000
25.5094	1239.0000
25.5299	1253.0000
25.5504	1226.0000
25.5708	1275.0000
25.5913	1142.0000
25.6118	1185.0000
25.6323	1136.0000
25.6528	1216.0000
25.6732	1126.0000
25.6937	1136.0000
25.7142	1149.0000
25.7347	1213.0000
25.7552	1074.0000
25.7757	1111.0000
25.7961	1068.0000
25.8166	995.0000
25.8371	1035.0000
25.8576	1116.0000
25.8781	1057.0000
25.8985	1063.0000
25.9190	1087.0000
25.9395	1043.0000
25.9600	1122.0000
25.9805	1092.0000
26.0009	1019.0000
26.0214	1094.0000
26.0419	1083.0000
26.0624	1078.0000
26.0829	1078.0000
26.1033	1068.0000
26.1238	1064.0000
26.1443	1080.0000
26.1648	1062.0000
26.1853	1054.0000
26.2057	1061.0000
26.2262	1020.0000
26.2467	1062.0000
26.2672	993.0000
26.2877	1047.0000
26.3082	1007.0000
26.3286	1060.0000
26.3491	1020.0000
26.3696	982.0000
26.3901	1000.0000
26.4106	1049.0000
26.4310	1009.0000
26.4515	1013.0000
26.4720	964.0000
26.4925	990.0000
26.5130	1012.0000
26.5334	1027.0000
26.5539	998.0000
26.5744	1020.0000
26.5949	1012.0000
26.6154	975.0000
26.6358	1058.0000
26.6563	976.0000
26.6768	1017.0000
26.6973	987.0000
26.7178	1012.0000
26.7382	1012.0000
26.7587	941.0000
26.7792	1057.0000
26.7997	1034.0000
26.8202	1003.0000
26.8406	1003.0000
26.8611	1020.0000
26.8816	1017.0000
26.9021	997.0000
26.9226	980.0000
26.9431	991.0000
26.9635	1009.0000
26.9840	943.0000
27.0045	967.0000
27.0250	982.0000
27.0455	962.0000
27.0659	907.0000
27.0864	970.0000
27.1069	931.0000
27.1274	993.0000
27.1479	1008.0000
27.1683	950.0000
27.1888	1015.0000
27.2093	995.0000
27.2298	981.0000
27.2503	913.0000
27.2707	1029.0000
27.2912	1009.0000
27.3117	963.0000
27.3322	961.0000
27.3527	942.0000
27.3731	1007.0000
27.3936	979.0000
27.4141	975.0000
27.4346	906.0000
27.4551	985.0000
27.4755	948.0000
27.4960	998.0000
27.5165	981.0000
27.5370	971.0000
27.5575	946.0000
27.5780	961.0000
27.5984	954.0000
27.6189	895.0000
27.6394	975.0000
27.6599	1006.0000
27.6804	919.0000
27.7008	981.0000
27.7213	994.0000
27.7418	977.0000
27.7623	954.0000
27.7828	1000.0000
27.8032	926.0000
27.8237	911.0000
27.8442	969.0000
27.8647	898.0000
27.8852	933.0000
27.9056	977.0000
27.9261	910.0000
27.9466	1030.0000
27.9671	950.0000
27.9876	995.0000
28.0080	1009.0000
28.0285	913.0000
28.0490	994.0000
28.0695	928.0000
28.0900	961.0000
28.1105	965.0000
28.1309	1025.0000
28.1514	1022.0000
28.1719	992.0000
28.1924	963.0000
28.2129	981.0000
28.2333	963.0000
28.2538	1045.0000
28.2743	964.0000
28.2948	1029.0000
28.3153	1069.0000
28.3357	1029.0000
28.3562	1054.0000
28.3767	1017.0000
28.3972	1059.0000
28.4177	1088.0000
28.4381	1094.0000
28.4586	1083.0000
28.4791	1068.0000
28.4996	1158.0000
28.5201	1103.0000
28.5405	1132.0000
28.5610	1097.0000
28.5815	1028.0000
28.6020	1013.0000
28.6225	1036.0000
28.6429	994.0000
28.6634	1027.0000
28.6839	1033.0000
28.7044	979.0000
28.7249	1008.0000
28.7454	997.0000
28.7658	1009.0000
28.7863	945.0000
28.8068	917.0000
28.8273	887.0000
28.8478	960.0000
28.8682	984.0000
28.8887	993.0000
28.9092	948.0000
28.9297	911.0000
28.9502	963.0000
28.9706	941.0000
28.9911	918.0000
29.0116	921.0000
29.0321	891.0000
29.0526	867.0000
29.0730	993.0000
29.0935	945.0000
29.1140	936.0000
29.1345	909.0000
29.1550	936.0000
29.1754	965.0000
29.1959	943.0000
29.2164	946.0000
29.2369	899.0000
29.2574	934.0000
29.2779	887.0000
29.2983	871.0000
29.3188	946.0000
29.3393	933.0000
29.3598	969.0000
29.3803	884.0000
29.4007	883.0000
29.4212	904.0000
29.4417	931.0000
29.4622	950.0000
29.4827	961.0000
29.5031	860.0000
29.5236	957.0000
29.5441	904.0000
29.5646	928.0000
29.5851	933.0000
29.6055	882.0000
29.6260	946.0000
29.6465	948.0000
29.6670	935.0000
29.6875	966.0000
29.7079	994.0000
29.7284	1036.0000
29.7489	993.0000
29.7694	972.0000
29.7899	986.0000
29.8103	1047.0000
29.8308	965.0000
29.8513	1034.0000
29.8718	992.0000
29.8923	1057.0000
29.9128	959.0000
29.9332	1014.0000
29.9537	949.0000
29.9742	891.0000
29.9947	932.0000
30.0152	886.0000
30.0356	925.0000
30.0561	899.0000
30.0766	908.0000
30.0971	908.0000
30.1176	902.0000
30.1380	851.0000
30.1585	883.0000
30.1790	910.0000
30.1995	921.0000
30.2200	917.0000
30.2404	916.0000
30.2609	890.0000
30.2814	879.0000
30.3019	900.0000
30.3224	898.0000
30.3428	918.0000
30.3633	868.0000
30.3838	940.0000
30.4043	881.0000
30.4248	868.0000
30.4452	895.0000
30.4657	895.0000
30.4862	891.0000
30.5067	934.0000
30.5272	848.0000
30.5477	909.0000
30.5681	927.0000
30.5886	867.0000
30.6091	982.0000
30.6296	885.0000
30.6501	884.0000
30.6705	900.0000
30.6910	883.0000
30.7115	871.0000
30.7320	932.0000
30.7525	873.0000
30.7729	908.0000
30.7934	879.0000
30.8139	908.0000
30.8344	903.0000
30.8549	818.0000
30.8753	864.0000
30.8958	869.0000
30.9163	886.0000
30.9368	832.0000
30.9573	878.0000
30.9777	869.0000
30.9982	906.0000
31.0187	883.0000
31.0392	854.0000
31.0597	893.0000
31.0802	851.0000
31.1006	903.0000
31.1211	844.0000
31.1416	883.0000
31.1621	853.0000
31.1826	917.0000
31.2030	880.0000
31.2235	852.0000
31.2440	894.0000
31.2645	831.0000
31.2850	810.0000
31.3054	844.0000
31.3259	898.0000
31.3464	908.0000
31.3669	816.0000
31.3874	931.0000
31.4078	914.0000
31.4283	898.0000
31.4488	894.0000
31.4693	869.0000
31.4898	856.0000
31.5102	879.0000
31.5307	857.0000
31.5512	827.0000
31.5717	880.0000
31.5922	886.0000
31.6126	875.0000
31.6331	839.0000
31.6536	876.0000
31.6741	840.0000
31.6946	873.0000
31.7151	870.0000
31.7355	916.0000
31.7560	821.0000
31.7765	826.0000
31.7970	827.0000
31.8175	888.0000
31.8379	836.0000
31.8584	862.0000
31.8789	909.0000
31.8994	835.0000
31.9199	853.0000
31.9403	858.0000
31.9608	876.0000
31.9813	860.0000
32.0018	865.0000
32.0223	888.0000
32.0427	899.0000
32.0632	869.0000
32.0837	877.0000
32.1042	865.0000
32.1247	861.0000
32.1451	842.0000
32.1656	859.0000
32.1861	858.0000
32.2066	841.0000
32.2271	780.0000
32.2475	812.0000
32.2680	874.0000
32.2885	827.0000
32.3090	850.0000
32.3295	871.0000
32.3500	916.0000
32.3704	898.0000
32.3909	837.0000
32.4114	856.0000
32.4319	843.0000
32.4524	826.0000
32.4728	845.0000
32.4933	828.0000
32.5138	875.0000
32.5343	839.0000
32.5548	837.0000
32.5752	861.0000
32.5957	849.0000
32.6162	844.0000
32.6367	876.0000
32.6572	858.0000
32.6776	848.0000
32.6981	880.0000
32.7186	828.0000
32.7391	827.0000
32.7596	840.0000
32.7800	848.0000
32.8005	925.0000
32.8210	875.0000
32.8415	898.0000
32.8620	895.0000
32.8825	881.0000
32.9029	832.0000
32.9234	819.0000
32.9439	870.0000
32.9644	846.0000
32.9849	871.0000
33.0053	791.0000
33.0258	835.0000
33.0463	802.0000
33.0668	857.0000
33.0873	853.0000
33.1077	793.0000
33.1282	848.0000
33.1487	809.0000
33.1692	830.0000
33.1897	861.0000
33.2101	767.0000
33.2306	853.0000
33.2511	830.0000
33.2716	862.0000
33.2921	848.0000
33.3125	824.0000
33.3330	798.0000
33.3535	794.0000
33.3740	840.0000
33.3945	814.0000
33.4149	845.0000
33.4354	840.0000
33.4559	821.0000
33.4764	821.0000
33.4969	875.0000
33.5174	884.0000
33.5378	844.0000
33.5583	835.0000
33.5788	838.0000
33.5993	870.0000
33.6198	857.0000
33.6402	866.0000
33.6607	786.0000
33.6812	833.0000
33.7017	805.0000
33.7222	856.0000
33.7426	800.0000
33.7631	858.0000
33.7836	805.0000
33.8041	820.0000
33.8246	850.0000
33.8450	790.0000
33.8655	876.0000
33.8860	837.0000
33.9065	803.0000
33.9270	840.0000
33.9474	840.0000
33.9679	800.0000
33.9884	812.0000
34.0089	814.0000
34.0294	876.0000
34.0499	833.0000
34.0703	829.0000
34.0908	745.0000
34.1113	762.0000
34.1318	847.0000
34.1523	818.0000
34.1727	865.0000
34.1932	812.0000
34.2137	839.0000
34.2342	864.0000
34.2547	819.0000
34.2751	809.0000
34.2956	826.0000
34.3161	810.0000
34.3366	810.0000
34.3571	815.0000
34.3775	831.0000
34.3980	851.0000
34.4185	832.0000
34.4390	843.0000
34.4595	824.0000
34.4799	848.0000
34.5004	838.0000
34.5209	818.0000
34.5414	763.0000
34.5619	801.0000
34.5823	820.0000
34.6028	833.0000
34.6233	860.0000
34.6438	816.0000
34.6643	840.0000
34.6848	855.0000
34.7052	857.0000
34.7257	878.0000
34.7462	871.0000
34.7667	903.0000
34.7872	876.0000
34.8076	915.0000
34.8281	897.0000
34.8486	927.0000
34.8691	910.0000
34.8896	870.0000
34.9100	987.0000
34.9305	895.0000
34.9510	923.0000
34.9715	877.0000
34.9920	908.0000
35.0124	926.0000
35.0329	934.0000
35.0534	866.0000
35.0739	851.0000
35.0944	899.0000
35.1148	845.0000
35.1353	886.0000
35.1558	883.0000
35.1763	872.0000
35.1968	886.0000
35.2172	909.0000
35.2377	891.0000
35.2582	902.0000
35.2787	869.0000
35.2992	889.0000
35.3197	846.0000
35.3401	821.0000
35.3606	894.0000
35.3811	930.0000
35.4016	861.0000
35.4221	832.0000
35.4425	838.0000
35.4630	811.0000
35.4835	827.0000
35.5040	792.0000
35.5245	829.0000
35.5449	856.0000
35.5654	867.0000
35.5859	856.0000
35.6064	845.0000
35.6269	864.0000
35.6473	839.0000
35.6678	793.0000
35.6883	832.0000
35.7088	848.0000
35.7293	774.0000
35.7497	822.0000
35.7702	872.0000
35.7907	859.0000
35.8112	852.0000
35.8317	835.0000
35.8522	890.0000
35.8726	888.0000
35.8931	893.0000
35.9136	849.0000
35.9341	882.0000
35.9546	937.0000
35.9750	874.0000
35.9955	882.0000
36.0160	901.0000
36.0365	934.0000
36.0570	870.0000
36.0774	880.0000
36.0979	858.0000
36.1184	902.0000
36.1389	827.0000
36.1594	840.0000
36.1798	868.0000
36.2003	871.0000
36.2208	848.0000
36.2413	813.0000
36.2618	845.0000
36.2822	862.0000
36.3027	832.0000
36.3232	844.0000
36.3437	882.0000
36.3642	820.0000
36.3846	857.0000
36.4051	816.0000
36.4256	839.0000
36.4461	831.0000
36.4666	896.0000
36.4871	805.0000
36.5075	782.0000
36.5280	904.0000
36.5485	786.0000
36.5690	874.0000
36.5895	898.0000
36.6099	814.0000
36.6304	808.0000
36.6509	923.0000
36.6714	833.0000
36.6919	853.0000
36.7123	810.0000
36.7328	878.0000
36.7533	843.0000
36.7738	800.0000
36.7943	885.0000
36.8147	839.0000
36.8352	800.0000
36.8557	803.0000
36.8762	872.0000
36.8967	880.0000
36.9171	893.0000
36.9376	781.0000
36.9581	849.0000
36.9786	815.0000
36.9991	805.0000
37.0195	874.0000
37.0400	850.0000
37.0605	825.0000
37.0810	849.0000
37.1015	871.0000
37.1220	855.0000
37.1424	858.0000
37.1629	905.0000
37.1834	912.0000
37.2039	883.0000
37.2244	892.0000
37.2448	895.0000
37.2653	852.0000
37.2858	895.0000
37.3063	922.0000
37.3268	887.0000
37.3472	882.0000
37.3677	926.0000
37.3882	903.0000
37.4087	870.0000
37.4292	888.0000
37.4496	920.0000
37.4701	967.0000
37.4906	957.0000
37.5111	949.0000
37.5316	947.0000
37.5520	1003.0000
37.5725	1006.0000
37.5930	971.0000
37.6135	1043.0000
37.6340	1046.0000
37.6545	1015.0000
37.6749	1021.0000
37.6954	1057.0000
37.7159	1065.0000
37.7364	1160.0000
37.7569	1098.0000
37.7773	1194.0000
37.7978	1171.0000
37.8183	1172.0000
37.8388	1195.0000
37.8593	1220.0000
37.8797	1300.0000
37.9002	1243.0000
37.9207	1337.0000
37.9412	1325.0000
37.9617	1394.0000
37.9821	1398.0000
38.0026	1472.0000
38.0231	1491.0000
38.0436	1536.0000
38.0641	1554.0000
38.0845	1527.0000
38.1050	1561.0000
38.1255	1650.0000
38.1460	1664.0000
38.1665	1663.0000
38.1869	1694.0000
38.2074	1688.0000
38.2279	1721.0000
38.2484	1762.0000
38.2689	1804.0000
38.2894	1843.0000
38.3098	1852.0000
38.3303	1802.0000
38.3508	1895.0000
38.3713	1762.0000
38.3918	1846.0000
38.4122	1880.0000
38.4327	1889.0000
38.4532	1877.0000
38.4737	1889.0000
38.4942	1971.0000
38.5146	1999.0000
38.5351	2069.0000
38.5556	2030.0000
38.5761	2129.0000
38.5966	2157.0000
38.6170	2150.0000
38.6375	2068.0000
38.6580	2094.0000
38.6785	2085.0000
38.6990	2031.0000
38.7194	1860.0000
38.7399	1756.0000
38.7604	1693.0000
38.7809	1613.0000
38.8014	1546.0000
38.8219	1440.0000
38.8423	1431.0000
38.8628	1363.0000
38.8833	1256.0000
38.9038	1255.0000
38.9243	1199.0000
38.9447	1226.0000
38.9652	1171.0000
38.9857	1153.0000
39.0062	1082.0000
39.0267	1086.0000
39.0471	1103.0000
39.0676	1081.0000
39.0881	1081.0000
39.1086	1063.0000
39.1291	1106.0000
39.1495	991.0000
39.1700	1023.0000
39.1905	952.0000
39.2110	1018.0000
39.2315	916.0000
39.2519	911.0000
39.2724	1004.0000
39.2929	949.0000
39.3134	922.0000
39.3339	925.0000
39.3543	1033.0000
39.3748	972.0000
39.3953	946.0000
39.4158	984.0000
39.4363	894.0000
39.4568	912.0000
39.4772	967.0000
39.4977	905.0000
39.5182	897.0000
39.5387	890.0000
39.5592	836.0000
39.5796	837.0000
39.6001	906.0000
39.6206	925.0000
39.6411	934.0000
39.6616	908.0000
39.6820	869.0000
39.7025	871.0000
39.7230	918.0000
39.7435	876.0000
39.7640	892.0000
39.7844	843.0000
39.8049	872.0000
39.8254	867.0000
39.8459	854.0000
39.8664	865.0000
39.8868	819.0000
39.9073	867.0000
39.9278	835.0000
39.9483	880.0000
39.9688	854.0000
39.9892	862.0000
40.0097	845.0000
40.0302	905.0000
40.0507	814.0000
40.0712	883.0000
40.0917	873.0000
40.1121	867.0000
40.1326	870.0000
40.1531	851.0000
40.1736	873.0000
40.1941	898.0000
40.2145	895.0000
40.2350	841.0000
40.2555	796.0000
40.2760	817.0000
40.2965	853.0000
40.3169	881.0000
40.3374	926.0000
40.3579	819.0000
40.3784	812.0000
40.3989	895.0000
40.4193	865.0000
40.4398	852.0000
40.4603	934.0000
40.4808	841.0000
40.5013	854.0000
40.5217	845.0000
40.5422	898.0000
40.5627	889.0000
40.5832	854.0000
40.6037	818.0000
40.6242	859.0000
40.6446	871.0000
40.6651	825.0000
40.6856	868.0000
40.7061	861.0000
40.7266	831.0000
40.7470	888.0000
40.7675	902.0000
40.7880	902.0000
40.8085	870.0000
40.8290	854.0000
40.8494	852.0000
40.8699	902.0000
40.8904	855.0000
40.9109	885.0000
40.9314	862.0000
40.9518	911.0000
40.9723	915.0000
40.9928	878.0000
41.0133	922.0000
41.0338	926.0000
41.0542	962.0000
41.0747	1058.0000
41.0952	1025.0000
41.1157	1042.0000
41.1362	1038.0000
41.1566	1006.0000
41.1771	1079.0000
41.1976	1077.0000
41.2181	1149.0000
41.2386	1185.0000
41.2591	1321.0000
41.2795	1269.0000
41.3000	1289.0000
41.3205	1349.0000
41.3410	1325.0000
41.3615	1293.0000
41.3819	1278.0000
41.4024	1249.0000
41.4229	1232.0000
41.4434	1176.0000
41.4639	1140.0000
41.4843	1076.0000
41.5048	1046.0000
41.5253	1044.0000
41.5458	1013.0000
41.5663	968.0000
41.5867	911.0000
41.6072	978.0000
41.6277	911.0000
41.6482	903.0000
41.6687	953.0000
41.6891	918.0000
41.7096	939.0000
41.7301	935.0000
41.7506	925.0000
41.7711	942.0000
41.7915	953.0000
41.8120	938.0000
41.8325	899.0000
41.8530	936.0000
41.8735	910.0000
41.8940	888.0000
41.9144	953.0000
41.9349	924.0000
41.9554	937.0000
41.9759	911.0000
41.9964	865.0000
42.0168	933.0000
42.0373	887.0000
42.0578	898.0000
42.0783	958.0000
42.0988	900.0000
42.1192	919.0000
42.1397	868.0000
42.1602	948.0000
42.1807	979.0000
42.2012	967.0000
42.2216	992.0000
42.2421	985.0000
42.2626	949.0000
42.2831	992.0000
42.3036	923.0000
42.3240	997.0000
42.3445	955.0000
42.3650	963.0000
42.3855	999.0000
42.4060	1022.0000
42.4265	1043.0000
42.4469	988.0000
42.4674	967.0000
42.4879	975.0000
42.5084	952.0000
42.5289	933.0000
42.5493	937.0000
42.5698	903.0000
42.5903	934.0000
42.6108	926.0000
42.6313	945.0000
42.6517	939.0000
42.6722	892.0000
42.6927	897.0000
42.7132	897.0000
42.7337	902.0000
42.7541	923.0000
42.7746	895.0000
42.7951	960.0000
42.8156	904.0000
42.8361	888.0000
42.8565	934.0000
42.8770	927.0000
42.8975	928.0000
42.9180	950.0000
42.9385	943.0000
42.9589	935.0000
42.9794	899.0000
42.9999	977.0000
43.0204	987.0000
43.0409	970.0000
43.0614	974.0000
43.0818	1017.0000
43.1023	985.0000
43.1228	951.0000
43.1433	960.0000
43.1638	992.0000
43.1842	942.0000
43.2047	965.0000
43.2252	1014.0000
43.2457	979.0000
43.2662	1021.0000
43.2866	949.0000
43.3071	982.0000
43.3276	924.0000
43.3481	1000.0000
43.3686	981.0000
43.3890	943.0000
43.4095	987.0000
43.4300	1024.0000
43.4505	990.0000
43.4710	1013.0000
43.4914	1051.0000
43.5119	1079.0000
43.5324	1206.0000
43.5529	1063.0000
43.5734	1091.0000
43.5939	1134.0000
43.6143	1199.0000
43.6348	1127.0000
43.6553	1101.0000
43.6758	1187.0000
43.6963	1141.0000
43.7167	1174.0000
43.7372	1198.0000
43.7577	1243.0000
43.7782	1200.0000
43.7987	1238.0000
43.8191	1209.0000
43.8396	1292.0000
43.8601	1275.0000
43.8806	1325.0000
43.9011	1401.0000
43.9215	1480.0000
43.9420	1503.0000
43.9625	1623.0000
43.9830	1617.0000
44.0035	1578.0000
44.0239	1625.0000
44.0444	1652.0000
44.0649	1613.0000
44.0854	1616.0000
44.1059	1539.0000
44.1263	1536.0000
44.1468	1519.0000
44.1673	1397.0000
44.1878	1358.0000
44.2083	1293.0000
44.2288	1313.0000
44.2492	1258.0000
44.2697	1248.0000
44.2902	1188.0000
44.3107	1110.0000
44.3312	1184.0000
44.3516	1167.0000
44.3721	1136.0000
44.3926	1119.0000
44.4131	1020.0000
44.4336	1012.0000
44.4540	1104.0000
44.4745	1079.0000
44.4950	1077.0000
44.5155	1026.0000
44.5360	1050.0000
44.5564	1043.0000
44.5769	966.0000
44.5974	1028.0000
44.6179	1008.0000
44.6384	1057.0000
44.6588	988.0000
44.6793	1034.0000
44.6998	1096.0000
44.7203	1004.0000
44.7408	1042.0000
44.7612	1004.0000
44.7817	1044.0000
44.8022	1054.0000
44.8227	1030.0000
44.8432	1037.0000
44.8637	1003.0000
44.8841	1043.0000
44.9046	1045.0000
44.9251	1057.0000
44.9456	1057.0000
44.9661	1071.0000
44.9865	979.0000
45.0070	1029.0000
45.0275	1028.0000
45.0480	1055.0000
45.0685	1074.0000
45.0889	1030.0000
45.1094	988.0000
45.1299	1052.0000
45.1504	1011.0000
45.1709	1093.0000
45.1913	1034.0000
45.2118	1035.0000
45.2323	1044.0000
45.2528	1025.0000
45.2733	1037.0000
45.2937	1020.0000
45.3142	1109.0000
45.3347	1067.0000
45.3552	1066.0000
45.3757	1045.0000
45.3962	1132.0000
45.4166	1098.0000
45.4371	1146.0000
45.4576	1095.0000
45.4781	1220.0000
45.4986	1194.0000
45.5190	1191.0000
45.5395	1305.0000
45.5600	1359.0000
45.5805	1304.0000
45.6010	1343.0000
45.6214	1508.0000
45.6419	1573.0000
45.6624	1860.0000
45.6829	2053.0000
45.7034	2633.0000
45.7238	3456.0000
45.7443	4757.0000
45.7648	6559.0000
45.7853	8755.0000
45.8058	11081.0000
45.8262	12394.0000
45.8467	13092.0000
45.8672	12512.0000
45.8877	11080.0000
45.9082	9770.0000
45.9286	8798.0000
45.9491	8246.0000
45.9696	7438.0000
45.9901	6392.0000
46.0106	5069.0000
46.0311	3875.0000
46.0515	2756.0000
46.0720	2111.0000
46.0925	1733.0000
46.1130	1481.0000
46.1335	1343.0000
46.1539	1310.0000
46.1744	1222.0000
46.1949	1087.0000
46.2154	1124.0000
46.2359	1073.0000
46.2563	1105.0000
46.2768	1041.0000
46.2973	962.0000
46.3178	1004.0000
46.3383	981.0000
46.3587	1002.0000
46.3792	966.0000
46.3997	954.0000
46.4202	991.0000
46.4407	922.0000
46.4611	940.0000
46.4816	947.0000
46.5021	965.0000
46.5226	945.0000
46.5431	912.0000
46.5635	988.0000
46.5840	930.0000
46.6045	937.0000
46.6250	971.0000
46.6455	922.0000
46.6660	938.0000
46.6864	934.0000
46.7069	978.0000
46.7274	920.0000
46.7479	910.0000
46.7684	920.0000
46.7888	887.0000
46.8093	895.0000
46.8298	999.0000
46.8503	910.0000
46.8708	915.0000
46.8912	956.0000
46.9117	922.0000
46.9322	933.0000
46.9527	921.0000
46.9732	931.0000
46.9936	937.0000
47.0141	988.0000
47.0346	939.0000
47.0551	928.0000
47.0756	939.0000
47.0960	943.0000
47.1165	953.0000
47.1370	974.0000
47.1575	983.0000
47.1780	902.0000
47.1985	939.0000
47.2189	959.0000
47.2394	982.0000
47.2599	968.0000
47.2804	955.0000
47.3009	975.0000
47.3213	976.0000
47.3418	999.0000
47.3623	1023.0000
47.3828	1030.0000
47.4033	1030.0000
47.4237	959.0000
47.4442	1044.0000
47.4647	1011.0000
47.4852	1004.0000
47.5057	1026.0000
47.5261	995.0000
47.5466	943.0000
47.5671	925.0000
47.5876	871.0000
47.6081	949.0000
47.6285	891.0000
47.6490	890.0000
47.6695	909.0000
47.6900	942.0000
47.7105	920.0000
47.7309	845.0000
47.7514	869.0000
47.7719	859.0000
47.7924	887.0000
47.8129	902.0000
47.8334	842.0000
47.8538	862.0000
47.8743	832.0000
47.8948	847.0000
47.9153	841.0000
47.9358	869.0000
47.9562	871.0000
47.9767	811.0000
47.9972	823.0000
48.0177	819.0000
48.0382	757.0000
48.0586	834.0000
48.0791	796.0000
48.0996	855.0000
48.1201	807.0000
48.1406	803.0000
48.1610	835.0000
48.1815	838.0000
48.2020	824.0000
48.2225	841.0000
48.2430	797.0000
48.2634	743.0000
48.2839	836.0000
48.3044	745.0000
48.3249	818.0000
48.3454	786.0000
48.3659	826.0000
48.3863	762.0000
48.4068	829.0000
48.4273	851.0000
48.4478	806.0000
48.4683	814.0000
48.4887	784.0000
48.5092	747.0000
48.5297	810.0000
48.5502	820.0000
48.5707	827.0000
48.5911	772.0000
48.6116	754.0000
48.6321	769.0000
48.6526	804.0000
48.6731	752.0000
48.6935	761.0000
48.7140	813.0000
48.7345	807.0000
48.7550	797.0000
48.7755	808.0000
48.7959	763.0000
48.8164	800.0000
48.8369	793.0000
48.8574	774.0000
48.8779	746.0000
48.8983	817.0000
48.9188	852.0000
48.9393	793.0000
48.9598	770.0000
48.9803	846.0000
49.0008	779.0000
49.0212	836.0000
49.0417	889.0000
49.0622	850.0000
49.0827	929.0000
49.1032	902.0000
49.1236	900.0000
49.1441	938.0000
49.1646	858.0000
49.1851	895.0000
49.2056	902.0000
49.2260	869.0000
49.2465	869.0000
49.2670	815.0000
49.2875	890.0000
49.3080	836.0000
49.3284	806.0000
49.3489	802.0000
49.3694	803.0000
49.3899	853.0000
49.4104	873.0000
49.4308	834.0000
49.4513	835.0000
49.4718	852.0000
49.4923	805.0000
49.5128	768.0000
49.5332	818.0000
49.5537	810.0000
49.5742	868.0000
49.5947	840.0000
49.6152	799.0000
49.6357	821.0000
49.6561	781.0000
49.6766	803.0000
49.6971	828.0000
49.7176	853.0000
49.7381	767.0000
49.7585	872.0000
49.7790	830.0000
49.7995	850.0000
49.8200	863.0000
49.8405	860.0000
49.8609	894.0000
49.8814	837.0000
49.9019	862.0000
49.9224	858.0000
49.9429	903.0000
49.9633	928.0000
49.9838	966.0000
