20.0001	1060.0000
20.0206	1049.0000
20.0411	1039.0000
20.0615	1141.0000
20.0820	1091.0000
20.1025	1054.0000
20.1230	1080.0000
20.1435	1063.0000
20.1639	1071.0000
20.1844	1104.0000
20.2049	1127.0000
20.2254	1044.0000
20.2459	1133.0000
20.2663	1069.0000
20.2868	1124.0000
20.3073	1108.0000
20.3278	1072.0000
20.3483	1059.0000
20.3688	1071.0000
20.3892	1147.0000
20.4097	1081.0000
20.4302	1102.0000
20.4507	1094.0000
20.4712	1099.0000
20.4916	1100.0000
20.5121	1098.0000
20.5326	1238.0000
20.5531	1170.0000
20.5736	1132.0000
20.5940	1148.0000
20.6145	1140.0000
20.6350	1219.0000
20.6555	1165.0000
20.6760	1123.0000
20.6964	1112.0000
20.7169	1145.0000
20.7374	1138.0000
20.7579	1154.0000
20.7784	1156.0000
20.7988	1112.0000
20.8193	1147.0000
20.8398	1194.0000
20.8603	1162.0000
20.8808	1119.0000
20.9012	1112.0000
20.9217	1162.0000
20.9422	1135.0000
20.9627	1134.0000
20.9832	1139.0000
21.0037	1179.0000
21.0241	1181.0000
21.0446	1186.0000
21.0651	1188.0000
21.0856	1225.0000
21.1061	1156.0000
21.1265	1231.0000
21.1470	1191.0000
21.1675	1204.0000
21.1880	1110.0000
21.2085	1177.0000
21.2289	1247.0000
21.2494	1236.0000
21.2699	1309.0000
21.2904	1184.0000
21.3109	1225.0000
21.3313	1199.0000
21.3518	1215.0000
21.3723	1225.0000
21.3928	1211.0000
21.4133	1209.0000
21.4337	1253.0000
21.4542	1261.0000
21.4747	1233.0000
21.4952	1202.0000
21.5157	1263.0000
21.5362	1282.0000
21.5566	1259.0000
21.5771	1226.0000
21.5976	1284.0000
21.6181	1247.0000
21.6386	1219.0000
21.6590	1282.0000
21.6795	1248.0000
21.7000	1279.0000
21.7205	1325.0000
21.7410	1253.0000
21.7614	1271.0000
21.7819	1206.0000
21.8024	1267.0000
21.8229	1291.0000
21.8434	1280.0000
21.8638	1218.0000
21.8843	1324.0000
21.9048	1304.0000
21.9253	1281.0000
21.9458	1287.0000
21.9662	1325.0000
21.9867	1305.0000
22.0072	1336.0000
22.0277	1265.0000
22.0482	1344.0000
22.0686	1259.0000
22.0891	1305.0000
22.1096	1317.0000
22.1301	1311.0000
22.1506	1296.0000
22.1711	1313.0000
22.1915	1248.0000
22.2120	1341.0000
22.2325	1315.0000
22.2530	1345.0000
22.2735	1299.0000
22.2939	1337.0000
22.3144	1363.0000
22.3349	1319.0000
22.3554	1315.0000
22.3759	1363.0000
22.3963	1311.0000
22.4168	1313.0000
22.4373	1387.0000
22.4578	1396.0000
22.4783	1413.0000
22.4987	1407.0000
22.5192	1347.0000
22.5397	1402.0000
22.5602	1353.0000
22.5807	1377.0000
22.6011	1391.0000
22.6216	1351.0000
22.6421	1384.0000
22.6626	1382.0000
22.6831	1427.0000
22.7035	1370.0000
22.7240	1375.0000
22.7445	1431.0000
22.7650	1409.0000
22.7855	1406.0000
22.8060	1346.0000
22.8264	1343.0000
22.8469	1301.0000
22.8674	1382.0000
22.8879	1346.0000
22.9084	1398.0000
22.9288	1396.0000
22.9493	1347.0000
22.9698	1421.0000
22.9903	1282.0000
23.0108	1330.0000
23.0312	1435.0000
23.0517	1336.0000
23.0722	1394.0000
23.0927	1383.0000
23.1132	1345.0000
23.1336	1389.0000
23.1541	1353.0000
23.1746	1312.0000
23.1951	1399.0000
23.2156	1387.0000
23.2360	1359.0000
23.2565	1393.0000
23.2770	1334.0000
23.2975	1388.0000
23.3180	1389.0000
23.3385	1347.0000
23.3589	1343.0000
23.3794	1300.0000
23.3999	1345.0000
23.4204	1309.0000
23.4409	1335.0000
23.4613	1347.0000
23.4818	1333.0000
23.5023	1386.0000
23.5228	1298.0000
23.5433	1351.0000
23.5637	1346.0000
23.5842	1293.0000
23.6047	1384.0000
23.6252	1280.0000
23.6457	1354.0000
23.6661	1281.0000
23.6866	1362.0000
23.7071	1269.0000
23.7276	1320.0000
23.7481	1344.0000
23.7685	1337.0000
23.7890	1267.0000
23.8095	1299.0000
23.8300	1290.0000
23.8505	1250.0000
23.8709	1281.0000
23.8914	1345.0000
23.9119	1259.0000
23.9324	1331.0000
23.9529	1300.0000
23.9734	1331.0000
23.9938	1239.0000
24.0143	1320.0000
24.0348	1291.0000
24.0553	1281.0000
24.0758	1238.0000
24.0962	1255.0000
24.1167	1210.0000
24.1372	1210.0000
24.1577	1263.0000
24.1782	1260.0000
24.1986	1259.0000
24.2191	1246.0000
24.2396	1235.0000
24.2601	1263.0000
24.2806	1255.0000
24.3010	1260.0000
24.3215	1183.0000
24.3420	1310.0000
24.3625	1270.0000
24.3830	1283.0000
24.4034	1329.0000
24.4239	1292.0000
24.4444	1336.0000
24.4649	1357.0000
24.4854	1272.0000
24.5059	1385.0000
24.5263	1375.0000
24.5468	1361.0000
24.5673	1357.0000
24.5878	1400.0000
24.6083	1349.0000
24.6287	1382.0000
24.6492	1427.0000
24.6697	1389.0000
24.6902	1419.0000
24.7107	1383.0000
24.7311	1393.0000
24.7516	1461.0000
24.7721	1419.0000
24.7926	1347.0000
24.8131	1366.0000
24.8335	1317.0000
24.8540	1262.0000
24.8745	1224.0000
24.8950	1262.0000
24.9155	1192.0000
24.9359	1171.0000
24.9564	1204.0000
24.9769	1165.0000
24.9974	1163.0000
25.0179	1195.0000
25.0383	1188.0000
25.0588	1191.0000
25.0793	1136.0000
25.0998	1233.0000
25.1203	1163.0000
25.1408	1191.0000
25.1612	1120.0000
25.1817	1168.0000
25.2022	1118.0000
25.2227	1166.0000
25.2432	1133.0000
25.2636	1186.0000
25.2841	1220.0000
25.3046	1121.0000
25.3251	1169.0000
25.3456	1179.0000
25.3660	1187.0000
25.3865	1157.0000
25.4070	1182.0000
25.4275	1161.0000
25.4480	1267.0000
25.4684	1277.0000
25.4889	1220.0000
25.5094	1272.0000
25.5299	1217.0000
25.5504	1256.0000
25.5708	1149.0000
25.5913	1259.0000
25.6118	1265.0000
25.6323	1250.0000
25.6528	1185.0000
25.6732	1167.0000
25.6937	1200.0000
25.7142	1157.0000
25.7347	1119.0000
25.7552	1128.0000
25.7757	1123.0000
25.7961	1118.0000
25.8166	1090.0000
25.8371	1070.0000
25.8576	1077.0000
25.8781	1045.0000
25.8985	1138.0000
25.9190	1125.0000
25.9395	1080.0000
25.9600	1146.0000
25.9805	1069.0000
26.0009	1045.0000
26.0214	1089.0000
26.0419	1122.0000
26.0624	1100.0000
26.0829	1127.0000
26.1033	1054.0000
26.1238	1095.0000
26.1443	1061.0000
26.1648	1110.0000
26.1853	1068.0000
26.2057	1028.0000
26.2262	1077.0000
26.2467	1049.0000
26.2672	1065.0000
26.2877	1032.0000
26.3082	1068.0000
26.3286	1045.0000
26.3491	1052.0000
26.3696	1077.0000
26.3901	982.0000
26.4106	1044.0000
26.4310	1090.0000
26.4515	988.0000
26.4720	1090.0000
26.4925	1001.0000
26.5130	1094.0000
26.5334	1057.0000
26.5539	1026.0000
26.5744	1023.0000
26.5949	957.0000
26.6154	1020.0000
26.6358	986.0000
26.6563	1078.0000
26.6768	1030.0000
26.6973	1081.0000
26.7178	986.0000
26.7382	1010.0000
26.7587	1055.0000
26.7792	1038.0000
26.7997	992.0000
26.8202	1003.0000
26.8406	1030.0000
26.8611	1015.0000
26.8816	1039.0000
26.9021	1014.0000
26.9226	1020.0000
26.9431	984.0000
26.9635	964.0000
26.9840	981.0000
27.0045	961.0000
27.0250	1005.0000
27.0455	1038.0000
27.0659	999.0000
27.0864	1020.0000
27.1069	1037.0000
27.1274	950.0000
27.1479	1016.0000
27.1683	961.0000
27.1888	986.0000
27.2093	963.0000
27.2298	1033.0000
27.2503	1006.0000
27.2707	984.0000
27.2912	1038.0000
27.3117	917.0000
27.3322	1021.0000
27.3527	1002.0000
27.3731	941.0000
27.3936	1018.0000
27.4141	958.0000
27.4346	998.0000
27.4551	929.0000
27.4755	977.0000
27.4960	936.0000
27.5165	995.0000
27.5370	1006.0000
27.5575	973.0000
27.5780	995.0000
27.5984	974.0000
27.6189	976.0000
27.6394	985.0000
27.6599	965.0000
27.6804	988.0000
27.7008	951.0000
27.7213	1007.0000
27.7418	1014.0000
27.7623	930.0000
27.7828	1004.0000
27.8032	904.0000
27.8237	949.0000
27.8442	956.0000
27.8647	964.0000
27.8852	937.0000
27.9056	961.0000
27.9261	987.0000
27.9466	962.0000
27.9671	958.0000
27.9876	996.0000
28.0080	955.0000
28.0285	953.0000
28.0490	968.0000
28.0695	1003.0000
28.0900	923.0000
28.1105	920.0000
28.1309	953.0000
28.1514	987.0000
28.1719	954.0000
28.1924	976.0000
28.2129	981.0000
28.2333	963.0000
28.2538	1046.0000
28.2743	1038.0000
28.2948	989.0000
28.3153	997.0000
28.3357	967.0000
28.3562	1055.0000
28.3767	1006.0000
28.3972	1049.0000
28.4177	1057.0000
28.4381	1060.0000
28.4586	1051.0000
28.4791	1071.0000
28.4996	1088.0000
28.5201	1097.0000
28.5405	1049.0000
28.5610	1027.0000
28.5815	1025.0000
28.6020	998.0000
28.6225	1009.0000
28.6429	1005.0000
28.6634	978.0000
28.6839	1009.0000
28.7044	965.0000
28.7249	947.0000
28.7454	939.0000
28.7658	937.0000
28.7863	982.0000
28.8068	970.0000
28.8273	936.0000
28.8478	947.0000
28.8682	968.0000
28.8887	953.0000
28.9092	886.0000
28.9297	989.0000
28.9502	977.0000
28.9706	1007.0000
28.9911	930.0000
29.0116	943.0000
29.0321	909.0000
29.0526	950.0000
29.0730	933.0000
29.0935	918.0000
29.1140	901.0000
29.1345	908.0000
29.1550	974.0000
29.1754	918.0000
29.1959	933.0000
29.2164	867.0000
29.2369	921.0000
29.2574	889.0000
29.2779	952.0000
29.2983	950.0000
29.3188	928.0000
29.3393	954.0000
29.3598	933.0000
29.3803	915.0000
29.4007	935.0000
29.4212	896.0000
29.4417	890.0000
29.4622	918.0000
29.4827	933.0000
29.5031	861.0000
29.5236	946.0000
29.5441	953.0000
29.5646	962.0000
29.5851	984.0000
29.6055	975.0000
29.6260	953.0000
29.6465	976.0000
29.6670	916.0000
29.6875	966.0000
29.7079	989.0000
29.7284	1023.0000
29.7489	1037.0000
29.7694	1042.0000
29.7899	1067.0000
29.8103	998.0000
29.8308	1106.0000
29.8513	1075.0000
29.8718	945.0000
29.8923	990.0000
29.9128	1039.0000
29.9332	1038.0000
29.9537	919.0000
29.9742	959.0000
29.9947	974.0000
30.0152	934.0000
30.0356	928.0000
30.0561	986.0000
30.0766	920.0000
30.0971	921.0000
30.1176	930.0000
30.1380	894.0000
30.1585	941.0000
30.1790	946.0000
30.1995	872.0000
30.2200	890.0000
30.2404	938.0000
30.2609	938.0000
30.2814	870.0000
30.3019	960.0000
30.3224	881.0000
30.3428	921.0000
30.3633	890.0000
30.3838	876.0000
30.4043	923.0000
30.4248	885.0000
30.4452	879.0000
30.4657	890.0000
30.4862	878.0000
30.5067	911.0000
30.5272	870.0000
30.5477	897.0000
30.5681	853.0000
30.5886	898.0000
30.6091	903.0000
30.6296	946.0000
30.6501	904.0000
30.6705	937.0000
30.6910	933.0000
30.7115	864.0000
30.7320	891.0000
30.7525	870.0000
30.7729	920.0000
30.7934	906.0000
30.8139	882.0000
30.8344	844.0000
30.8549	907.0000
30.8753	909.0000
30.8958	903.0000
30.9163	906.0000
30.9368	876.0000
30.9573	888.0000
30.9777	909.0000
30.9982	823.0000
31.0187	886.0000
31.0392	857.0000
31.0597	864.0000
31.0802	881.0000
31.1006	940.0000
31.1211	910.0000
31.1416	893.0000
31.1621	890.0000
31.1826	893.0000
31.2030	960.0000
31.2235	930.0000
31.2440	848.0000
31.2645	885.0000
31.2850	941.0000
31.3054	878.0000
31.3259	908.0000
31.3464	837.0000
31.3669	852.0000
31.3874	830.0000
31.4078	881.0000
31.4283	923.0000
31.4488	846.0000
31.4693	890.0000
31.4898	884.0000
31.5102	912.0000
31.5307	846.0000
31.5512	860.0000
31.5717	848.0000
31.5922	869.0000
31.6126	851.0000
31.6331	866.0000
31.6536	885.0000
31.6741	903.0000
31.6946	834.0000
31.7151	927.0000
31.7355	826.0000
31.7560	841.0000
31.7765	880.0000
31.7970	895.0000
31.8175	861.0000
31.8379	903.0000
31.8584	872.0000
31.8789	884.0000
31.8994	902.0000
31.9199	836.0000
31.9403	861.0000
31.9608	870.0000
31.9813	819.0000
32.0018	888.0000
32.0223	824.0000
32.0427	869.0000
32.0632	897.0000
32.0837	838.0000
32.1042	886.0000
32.1247	896.0000
32.1451	850.0000
32.1656	938.0000
32.1861	874.0000
32.2066	870.0000
32.2271	882.0000
32.2475	850.0000
32.2680	880.0000
32.2885	855.0000
32.3090	851.0000
32.3295	823.0000
32.3500	869.0000
32.3704	821.0000
32.3909	882.0000
32.4114	866.0000
32.4319	880.0000
32.4524	898.0000
32.4728	825.0000
32.4933	892.0000
32.5138	881.0000
32.5343	887.0000
32.5548	914.0000
32.5752	865.0000
32.5957	842.0000
32.6162	899.0000
32.6367	838.0000
32.6572	859.0000
32.6776	834.0000
32.6981	865.0000
32.7186	885.0000
32.7391	876.0000
32.7596	906.0000
32.7800	894.0000
32.8005	859.0000
32.8210	919.0000
32.8415	820.0000
32.8620	884.0000
32.8825	825.0000
32.9029	863.0000
32.9234	844.0000
32.9439	812.0000
32.9644	901.0000
32.9849	833.0000
33.0053	911.0000
33.0258	824.0000
33.0463	831.0000
33.0668	848.0000
33.0873	879.0000
33.1077	821.0000
33.1282	899.0000
33.1487	937.0000
33.1692	846.0000
33.1897	838.0000
33.2101	805.0000
33.2306	874.0000
33.2511	896.0000
33.2716	846.0000
33.2921	877.0000
33.3125	816.0000
33.3330	899.0000
33.3535	886.0000
33.3740	820.0000
33.3945	843.0000
33.4149	873.0000
33.4354	894.0000
33.4559	884.0000
33.4764	790.0000
33.4969	886.0000
33.5174	889.0000
33.5378	855.0000
33.5583	832.0000
33.5788	903.0000
33.5993	835.0000
33.6198	896.0000
33.6402	880.0000
33.6607	878.0000
33.6812	825.0000
33.7017	888.0000
33.7222	811.0000
33.7426	871.0000
33.7631	829.0000
33.7836	866.0000
33.8041	890.0000
33.8246	874.0000
33.8450	899.0000
33.8655	900.0000
33.8860	911.0000
33.9065	814.0000
33.9270	889.0000
33.9474	857.0000
33.9679	859.0000
33.9884	879.0000
34.0089	826.0000
34.0294	880.0000
34.0499	858.0000
34.0703	839.0000
34.0908	838.0000
34.1113	884.0000
34.1318	843.0000
34.1523	857.0000
34.1727	852.0000
34.1932	847.0000
34.2137	823.0000
34.2342	930.0000
34.2547	901.0000
34.2751	860.0000
34.2956	863.0000
34.3161	888.0000
34.3366	881.0000
34.3571	818.0000
34.3775	829.0000
34.3980	823.0000
34.4185	860.0000
34.4390	857.0000
34.4595	836.0000
34.4799	928.0000
34.5004	771.0000
34.5209	754.0000
34.5414	879.0000
34.5619	819.0000
34.5823	850.0000
34.6028	815.0000
34.6233	894.0000
34.6438	875.0000
34.6643	839.0000
34.6848	855.0000
34.7052	846.0000
34.7257	879.0000
34.7462	871.0000
34.7667	845.0000
34.7872	870.0000
34.8076	867.0000
34.8281	921.0000
34.8486	932.0000
34.8691	957.0000
34.8896	860.0000
34.9100	913.0000
34.9305	926.0000
34.9510	878.0000
34.9715	928.0000
34.9920	974.0000
35.0124	919.0000
35.0329	860.0000
35.0534	854.0000
35.0739	864.0000
35.0944	933.0000
35.1148	917.0000
35.1353	917.0000
35.1558	874.0000
35.1763	951.0000
35.1968	857.0000
35.2172	899.0000
35.2377	902.0000
35.2582	954.0000
35.2787	939.0000
35.2992	911.0000
35.3197	881.0000
35.3401	928.0000
35.3606	839.0000
35.3811	837.0000
35.4016	862.0000
35.4221	865.0000
35.4425	874.0000
35.4630	816.0000
35.4835	839.0000
35.5040	796.0000
35.5245	832.0000
35.5449	891.0000
35.5654	834.0000
35.5859	824.0000
35.6064	859.0000
35.6269	852.0000
35.6473	825.0000
35.6678	812.0000
35.6883	854.0000
35.7088	843.0000
35.7293	820.0000
35.7497	832.0000
35.7702	862.0000
35.7907	857.0000
35.8112	867.0000
35.8317	882.0000
35.8522	889.0000
35.8726	938.0000
35.8931	884.0000
35.9136	903.0000
35.9341	988.0000
35.9546	906.0000
35.9750	844.0000
35.9955	914.0000
36.0160	922.0000
36.0365	956.0000
36.0570	893.0000
36.0774	882.0000
36.0979	852.0000
36.1184	937.0000
36.1389	841.0000
36.1594	906.0000
36.1798	843.0000
36.2003	856.0000
36.2208	822.0000
36.2413	824.0000
36.2618	910.0000
36.2822	814.0000
36.3027	865.0000
36.3232	862.0000
36.3437	815.0000
36.3642	853.0000
36.3846	824.0000
36.4051	831.0000
36.4256	869.0000
36.4461	888.0000
36.4666	813.0000
36.4871	797.0000
36.5075	887.0000
36.5280	871.0000
36.5485	826.0000
36.5690	850.0000
36.5895	829.0000
36.6099	882.0000
36.6304	835.0000
36.6509	790.0000
36.6714	867.0000
36.6919	863.0000
36.7123	884.0000
36.7328	856.0000
36.7533	840.0000
36.7738	871.0000
36.7943	870.0000
36.8147	885.0000
36.8352	857.0000
36.8557	919.0000
36.8762	870.0000
36.8967	865.0000
36.9171	826.0000
36.9376	902.0000
36.9581	868.0000
36.9786	926.0000
36.9991	836.0000
37.0195	856.0000
37.0400	896.0000
37.0605	890.0000
37.0810	893.0000
37.1015	871.0000
37.1220	950.0000
37.1424	905.0000
37.1629	911.0000
37.1834	930.0000
37.2039	855.0000
37.2244	847.0000
37.2448	925.0000
37.2653	923.0000
37.2858	890.0000
37.3063	941.0000
37.3268	919.0000
37.3472	915.0000
37.3677	912.0000
37.3882	952.0000
37.4087	973.0000
37.4292	985.0000
37.4496	948.0000
37.4701	934.0000
37.4906	969.0000
37.5111	968.0000
37.5316	973.0000
37.5520	1073.0000
37.5725	1002.0000
37.5930	997.0000
37.6135	1046.0000
37.6340	1056.0000
37.6545	975.0000
37.6749	1072.0000
37.6954	1137.0000
37.7159	1092.0000
37.7364	1171.0000
37.7569	1128.0000
37.7773	1236.0000
37.7978	1223.0000
37.8183	1225.0000
37.8388	1248.0000
37.8593	1250.0000
37.8797	1325.0000
37.9002	1368.0000
37.9207	1342.0000
37.9412	1397.0000
37.9617	1394.0000
37.9821	1419.0000
38.0026	1403.0000
38.0231	1489.0000
38.0436	1573.0000
38.0641	1558.0000
38.0845	1560.0000
38.1050	1651.0000
38.1255	1626.0000
38.1460	1651.0000
38.1665	1698.0000
38.1869	1739.0000
38.2074	1735.0000
38.2279	1726.0000
38.2484	1813.0000
38.2689	1865.0000
38.2894	1780.0000
38.3098	1806.0000
38.3303	1773.0000
38.3508	1865.0000
38.3713	1816.0000
38.3918	1872.0000
38.4122	1885.0000
38.4327	1825.0000
38.4532	1794.0000
38.4737	1817.0000
38.4942	1912.0000
38.5146	1975.0000
38.5351	2043.0000
38.5556	1973.0000
38.5761	2092.0000
38.5966	2081.0000
38.6170	2043.0000
38.6375	2071.0000
38.6580	2070.0000
38.6785	2028.0000
38.6990	1932.0000
38.7194	1942.0000
38.7399	1716.0000
38.7604	1683.0000
38.7809	1547.0000
38.8014	1527.0000
38.8219	1348.0000
38.8423	1417.0000
38.8628	1364.0000
38.8833	1314.0000
38.9038	1240.0000
38.9243	1201.0000
38.9447	1214.0000
38.9652	1087.0000
38.9857	1114.0000
39.0062	1072.0000
39.0267	1183.0000
39.0471	1041.0000
39.0676	1025.0000
39.0881	1081.0000
39.1086	1061.0000
39.1291	1051.0000
39.1495	1031.0000
39.1700	1083.0000
39.1905	1013.0000
39.2110	996.0000
39.2315	977.0000
39.2519	957.0000
39.2724	951.0000
39.2929	917.0000
39.3134	951.0000
39.3339	956.0000
39.3543	956.0000
39.3748	969.0000
39.3953	1012.0000
39.4158	944.0000
39.4363	872.0000
39.4568	971.0000
39.4772	964.0000
39.4977	902.0000
39.5182	1005.0000
39.5387	910.0000
39.5592	936.0000
39.5796	908.0000
39.6001	908.0000
39.6206	918.0000
39.6411	863.0000
39.6616	897.0000
39.6820	897.0000
39.7025	954.0000
39.7230	927.0000
39.7435	894.0000
39.7640	920.0000
39.7844	894.0000
39.8049	922.0000
39.8254	863.0000
39.8459	891.0000
39.8664	915.0000
39.8868	904.0000
39.9073	915.0000
39.9278	892.0000
39.9483	932.0000
39.9688	887.0000
39.9892	920.0000
40.0097	927.0000
40.0302	923.0000
40.0507	911.0000
40.0712	905.0000
40.0917	947.0000
40.1121	926.0000
40.1326	865.0000
40.1531	862.0000
40.1736	902.0000
40.1941	824.0000
40.2145	889.0000
40.2350	915.0000
40.2555	920.0000
40.2760	890.0000
40.2965	854.0000
40.3169	955.0000
40.3374	943.0000
40.3579	899.0000
40.3784	902.0000
40.3989	903.0000
40.4193	873.0000
40.4398	874.0000
40.4603	883.0000
40.4808	857.0000
40.5013	893.0000
40.5217	888.0000
40.5422	877.0000
40.5627	899.0000
40.5832	931.0000
40.6037	882.0000
40.6242	928.0000
40.6446	815.0000
40.6651	896.0000
40.6856	904.0000
40.7061	907.0000
40.7266	887.0000
40.7470	907.0000
40.7675	921.0000
40.7880	892.0000
40.8085	887.0000
40.8290	878.0000
40.8494	900.0000
40.8699	934.0000
40.8904	932.0000
40.9109	950.0000
40.9314	920.0000
40.9518	952.0000
40.9723	955.0000
40.9928	940.0000
41.0133	969.0000
41.0338	1006.0000
41.0542	998.0000
41.0747	988.0000
41.0952	958.0000
41.1157	962.0000
41.1362	1065.0000
41.1566	1139.0000
41.1771	1130.0000
41.1976	1116.0000
41.2181	1166.0000
41.2386	1252.0000
41.2591	1280.0000
41.2795	1306.0000
41.3000	1284.0000
41.3205	1327.0000
41.3410	1319.0000
41.3615	1371.0000
41.3819	1292.0000
41.4024	1326.0000
41.4229	1246.0000
41.4434	1162.0000
41.4639	1198.0000
41.4843	1133.0000
41.5048	1043.0000
41.5253	1110.0000
41.5458	1001.0000
41.5663	1006.0000
41.5867	950.0000
41.6072	943.0000
41.6277	935.0000
41.6482	939.0000
41.6687	965.0000
41.6891	1038.0000
41.7096	1041.0000
41.7301	917.0000
41.7506	963.0000
41.7711	940.0000
41.7915	921.0000
41.8120	933.0000
41.8325	936.0000
41.8530	897.0000
41.8735	948.0000
41.8940	934.0000
41.9144	944.0000
41.9349	920.0000
41.9554	919.0000
41.9759	929.0000
41.9964	986.0000
42.0168	962.0000
42.0373	971.0000
42.0578	983.0000
42.0783	940.0000
42.0988	1024.0000
42.1192	994.0000
42.1397	971.0000
42.1602	905.0000
42.1807	1050.0000
42.2012	1024.0000
42.2216	983.0000
42.2421	1060.0000
42.2626	1005.0000
42.2831	967.0000
42.3036	959.0000
42.3240	977.0000
42.3445	1017.0000
42.3650	996.0000
42.3855	1034.0000
42.4060	1008.0000
42.4265	1006.0000
42.4469	1009.0000
42.4674	974.0000
42.4879	1055.0000
42.5084	942.0000
42.5289	989.0000
42.5493	955.0000
42.5698	945.0000
42.5903	939.0000
42.6108	952.0000
42.6313	939.0000
42.6517	948.0000
42.6722	983.0000
42.6927	975.0000
42.7132	954.0000
42.7337	932.0000
42.7541	928.0000
42.7746	963.0000
42.7951	992.0000
42.8156	889.0000
42.8361	934.0000
42.8565	902.0000
42.8770	936.0000
42.8975	953.0000
42.9180	935.0000
42.9385	964.0000
42.9589	911.0000
42.9794	923.0000
42.9999	931.0000
43.0204	989.0000
43.0409	1052.0000
43.0614	985.0000
43.0818	1028.0000
43.1023	1013.0000
43.1228	979.0000
43.1433	970.0000
43.1638	1031.0000
43.1842	964.0000
43.2047	942.0000
43.2252	999.0000
43.2457	1014.0000
43.2662	1005.0000
43.2866	964.0000
43.3071	978.0000
43.3276	993.0000
43.3481	992.0000
43.3686	1007.0000
43.3890	990.0000
43.4095	1030.0000
43.4300	957.0000
43.4505	1101.0000
43.4710	1056.0000
43.4914	1082.0000
43.5119	1128.0000
43.5324	1169.0000
43.5529	1157.0000
43.5734	1133.0000
43.5939	1201.0000
43.6143	1161.0000
43.6348	1195.0000
43.6553	1140.0000
43.6758	1175.0000
43.6963	1174.0000
43.7167	1144.0000
43.7372	1199.0000
43.7577	1250.0000
43.7782	1291.0000
43.7987	1296.0000
43.8191	1257.0000
43.8396	1302.0000
43.8601	1326.0000
43.8806	1390.0000
43.9011	1446.0000
43.9215	1498.0000
43.9420	1529.0000
43.9625	1530.0000
43.9830	1547.0000
44.0035	1612.0000
44.0239	1643.0000
44.0444	1590.0000
44.0649	1644.0000
44.0854	1603.0000
44.1059	1585.0000
44.1263	1569.0000
44.1468	1556.0000
44.1673	1414.0000
44.1878	1356.0000
44.2083	1287.0000
44.2288	1360.0000
44.2492	1306.0000
44.2697	1244.0000
44.2902	1179.0000
44.3107	1108.0000
44.3312	1186.0000
44.3516	1165.0000
44.3721	1154.0000
44.3926	1110.0000
44.4131	1096.0000
44.4336	1131.0000
44.4540	1077.0000
44.4745	1070.0000
44.4950	1089.0000
44.5155	975.0000
44.5360	1000.0000
44.5564	1045.0000
44.5769	1092.0000
44.5974	1100.0000
44.6179	1043.0000
44.6384	1087.0000
44.6588	1015.0000
44.6793	1095.0000
44.6998	1008.0000
44.7203	1134.0000
44.7408	987.0000
44.7612	1028.0000
44.7817	1043.0000
44.8022	1018.0000
44.8227	1000.0000
44.8432	1010.0000
44.8637	1130.0000
44.8841	1060.0000
44.9046	1020.0000
44.9251	1046.0000
44.9456	1007.0000
44.9661	1101.0000
44.9865	1022.0000
45.0070	1013.0000
45.0275	1019.0000
45.0480	1024.0000
45.0685	1041.0000
45.0889	1029.0000
45.1094	1001.0000
45.1299	987.0000
45.1504	1059.0000
45.1709	1104.0000
45.1913	966.0000
45.2118	1000.0000
45.2323	1027.0000
45.2528	1129.0000
45.2733	1035.0000
45.2937	1040.0000
45.3142	1005.0000
45.3347	1111.0000
45.3552	1026.0000
45.3757	1086.0000
45.3962	1120.0000
45.4166	1103.0000
45.4371	1144.0000
45.4576	1197.0000
45.4781	1105.0000
45.4986	1174.0000
45.5190	1221.0000
45.5395	1255.0000
45.5600	1259.0000
45.5805	1321.0000
45.6010	1382.0000
45.6214	1500.0000
45.6419	1547.0000
45.6624	1793.0000
45.6829	2047.0000
45.7034	2652.0000
45.7238	3396.0000
45.7443	4518.0000
45.7648	6288.0000
45.7853	8302.0000
45.8058	10692.0000
45.8262	12331.0000
45.8467	13202.0000
45.8672	12586.0000
45.8877	11420.0000
45.9082	9979.0000
45.9286	8929.0000
45.9491	8123.0000
45.9696	7506.0000
45.9901	6456.0000
46.0106	5405.0000
46.0311	3978.0000
46.0515	2886.0000
46.0720	2240.0000
46.0925	1814.0000
46.1130	1482.0000
46.1335	1470.0000
46.1539	1286.0000
46.1744	1199.0000
46.1949	1180.0000
46.2154	1135.0000
46.2359	1038.0000
46.2563	1084.0000
46.2768	1059.0000
46.2973	1035.0000
46.3178	972.0000
46.3383	1015.0000
46.3587	964.0000
46.3792	983.0000
46.3997	943.0000
46.4202	965.0000
46.4407	971.0000
46.4611	954.0000
46.4816	938.0000
46.5021	982.0000
46.5226	996.0000
46.5431	968.0000
46.5635	934.0000
46.5840	988.0000
46.6045	986.0000
46.6250	1007.0000
46.6455	851.0000
46.6660	882.0000
46.6864	994.0000
46.7069	947.0000
46.7274	929.0000
46.7479	919.0000
46.7684	943.0000
46.7888	947.0000
46.8093	922.0000
46.8298	922.0000
46.8503	934.0000
46.8708	930.0000
46.8912	931.0000
46.9117	947.0000
46.9322	951.0000
46.9527	953.0000
46.9732	966.0000
46.9936	896.0000
47.0141	904.0000
47.0346	876.0000
47.0551	891.0000
47.0756	904.0000
47.0960	906.0000
47.1165	919.0000
47.1370	930.0000
47.1575	890.0000
47.1780	889.0000
47.1985	989.0000
47.2189	922.0000
47.2394	912.0000
47.2599	955.0000
47.2804	975.0000
47.3009	900.0000
47.3213	912.0000
47.3418	968.0000
47.3623	1007.0000
47.3828	932.0000
47.4033	940.0000
47.4237	921.0000
47.4442	962.0000
47.4647	948.0000
47.4852	997.0000
47.5057	913.0000
47.5261	920.0000
47.5466	961.0000
47.5671	992.0000
47.5876	894.0000
47.6081	867.0000
47.6285	931.0000
47.6490	867.0000
47.6695	883.0000
47.6900	869.0000
47.7105	902.0000
47.7309	877.0000
47.7514	793.0000
47.7719	865.0000
47.7924	833.0000
47.8129	867.0000
47.8334	870.0000
47.8538	836.0000
47.8743	857.0000
47.8948	797.0000
47.9153	824.0000
47.9358	811.0000
47.9562	853.0000
47.9767	841.0000
47.9972	804.0000
48.0177	860.0000
48.0382	845.0000
48.0586	787.0000
48.0791	773.0000
48.0996	853.0000
48.1201	834.0000
48.1406	812.0000
48.1610	811.0000
48.1815	798.0000
48.2020	804.0000
48.2225	775.0000
48.2430	805.0000
48.2634	852.0000
48.2839	840.0000
48.3044	819.0000
48.3249	748.0000
48.3454	809.0000
48.3659	782.0000
48.3863	792.0000
48.4068	840.0000
48.4273	801.0000
48.4478	828.0000
48.4683	804.0000
48.4887	837.0000
48.5092	786.0000
48.5297	829.0000
48.5502	792.0000
48.5707	824.0000
48.5911	799.0000
48.6116	857.0000
48.6321	780.0000
48.6526	843.0000
48.6731	838.0000
48.6935	817.0000
48.7140	850.0000
48.7345	833.0000
48.7550	770.0000
48.7755	812.0000
48.7959	825.0000
48.8164	778.0000
48.8369	776.0000
48.8574	772.0000
48.8779	769.0000
48.8983	803.0000
48.9188	802.0000
48.9393	765.0000
48.9598	848.0000
48.9803	784.0000
49.0008	843.0000
49.0212	858.0000
49.0417	906.0000
49.0622	879.0000
49.0827	917.0000
49.1032	875.0000
49.1236	921.0000
49.1441	946.0000
49.1646	951.0000
49.1851	833.0000
49.2056	896.0000
49.2260	856.0000
49.2465	868.0000
49.2670	902.0000
49.2875	848.0000
49.3080	898.0000
49.3284	850.0000
49.3489	835.0000
49.3694	845.0000
49.3899	852.0000
49.4104	807.0000
49.4308	805.0000
49.4513	838.0000
49.4718	840.0000
49.4923	834.0000
49.5128	853.0000
49.5332	797.0000
49.5537	858.0000
49.5742	802.0000
49.5947	842.0000
49.6152	844.0000
49.6357	823.0000
49.6561	849.0000
49.6766	866.0000
49.6971	833.0000
49.7176	825.0000
49.7381	804.0000
49.7585	818.0000
49.7790	824.0000
49.7995	845.0000
49.8200	822.0000
49.8405	872.0000
49.8609	854.0000
49.8814	880.0000
49.9019	836.0000
49.9224	869.0000
49.9429	942.0000
49.9633	930.0000
49.9838	936.0000
