790.00000000      -9.33339176
790.25000000      -25.45856431
790.50000000      20.59027871
790.75000000      132.90314511
791.00000000      -135.86995732
791.25000000      -15.75902080
791.50000000      57.77596243
791.75000000      81.68500013
792.00000000      111.37810004
792.25000000      -202.75473010
792.50000000      -358.44348259
792.75000000      -8.98814972
793.00000000      156.23127621
793.25000000      56.98480287
793.50000000      16.23243792
793.75000000      33.33418903
794.00000000      -214.97993616
794.25000000      -161.77993002
794.50000000      -46.18578495
794.75000000      -404.74749332
795.00000000      -360.89504755
795.25000000      -101.55844006
795.50000000      -178.39766328
795.75000000      -192.08270965
796.00000000      10.89642837
796.25000000      -244.10024169
796.50000000      -279.50271230
796.75000000      -6.78097596
797.00000000      129.53497483
797.25000000      -187.86485245
797.50000000      -287.65045033
797.75000000      -1.40181134
798.00000000      -260.96892804
798.25000000      -169.28179300
798.50000000      215.76960122
798.75000000      139.28526201
799.00000000      561.40519679
799.25000000      517.12941294
799.50000000      428.79791784
799.75000000      348.05071885
800.00000000      446.66782332
800.25000000      359.53923860
800.50000000      743.26497201
800.75000000      819.67503088
801.00000000      596.53942251
801.25000000      245.84815418
801.50000000      11.60123319
801.75000000      -121.76133319
802.00000000      -41.92953771
802.25000000      308.09662689
802.50000000      -24.00283217
802.75000000      27.21209235
803.00000000      167.51140765
803.25000000      134.57512094
803.50000000      -169.70676059
803.75000000      13.26577024
804.00000000      -189.69727941
804.25000000      26.22409761
804.50000000      -172.14009154
804.75000000      -218.80983973
805.00000000      -361.33513984
805.25000000      -205.63598477
805.50000000      -49.65236741
805.75000000      75.41571932
806.00000000      -358.77171749
806.25000000      -207.04467079
806.50000000      346.35686648
806.75000000      308.28290136
807.00000000      -75.92655911
807.25000000      8.20849209
807.50000000      -68.05193805
807.75000000      24.05215749
808.00000000      -63.67921431
808.25000000      -174.09604648
808.50000000      -180.31833205
808.75000000      -164.41606406
809.00000000      -219.49923558
809.25000000      35.79216033
809.50000000      -137.45186941
809.75000000      -120.27131789
810.00000000      -263.80617821
810.25000000      -318.57644349
810.50000000      -227.16210684
810.75000000      -319.31316141
811.00000000      -358.42960033
811.25000000      -363.31141676
811.50000000      -159.00860386
811.75000000      250.34884518
812.00000000      264.01093718
812.25000000      413.08767894
812.50000000      256.15907725
812.75000000      -150.41486111
813.00000000      -21.08412937
813.25000000      -24.28872077
813.50000000      -94.50862856
813.75000000      -74.04384600
814.00000000      230.46563363
814.25000000      -18.53018296
814.50000000      161.49871095
814.75000000      183.09232205
815.00000000      331.35065703
815.25000000      272.65372255
815.50000000      136.43152528
815.75000000      151.00407188
816.00000000      134.93136898
816.25000000      -68.78657677
816.50000000      117.99024124
816.75000000      161.06182962
817.00000000      -173.17180503
817.25000000      -341.81065610
817.50000000      -390.54471704
817.75000000      -693.32398125
818.00000000      -486.30844219
818.25000000      210.97190669
818.50000000      387.76707194
818.75000000      607.22706009
819.00000000      538.51187765
819.25000000      260.61153113
819.50000000      330.26602703
819.75000000      383.94537184
820.00000000      384.37957203
820.25000000      81.71863408
820.50000000      57.42256445
820.75000000      192.08136957
821.00000000      129.03505590
821.25000000      -198.52637015
821.50000000      -419.56290215
821.75000000      -804.02453370
822.00000000      -599.93125840
822.25000000      -322.80306986
822.50000000      74.61003829
822.75000000      160.02807243
823.00000000      272.93103891
823.25000000      161.28894408
823.50000000      -173.87820572
823.75000000      -291.78040416
824.00000000      167.73235507
824.25000000      358.04007829
824.50000000      202.06277179
824.75000000      471.11044186
825.00000000      228.48309479
825.25000000      99.24073684
825.50000000      -246.84662573
825.75000000      -197.34898667
826.00000000      -147.05633974
826.25000000      -52.12867870
826.50000000      -184.46599734
826.75000000      -178.94828944
827.00000000      -281.02554881
827.25000000      74.65223076
827.50000000      49.57505544
827.75000000      -16.68706860
828.00000000      126.84586482
828.25000000      18.27386184
828.50000000      -56.14307140
828.75000000      141.01507125
829.00000000      -53.75170409
829.25000000      -164.42339130
829.50000000      -421.19998428
829.75000000      -304.98147694
830.00000000      -363.99786318
830.25000000      -314.87913692
830.50000000      -222.08529209
830.75000000      -12.80632265
831.00000000      -316.03222252
831.25000000      -124.88298569
831.50000000      -71.08860610
831.75000000      -115.81907775
832.00000000      -7.82439461
832.25000000      -57.17455069
832.50000000      -105.07953998
832.75000000      97.84064349
833.00000000      108.26600571
833.25000000      -59.42344737
833.50000000      262.19229022
833.75000000      206.80322443
834.00000000      128.74936120
834.25000000      114.57070645
834.50000000      -47.54273389
834.75000000      -8.72095390
835.00000000      -136.85394770
835.25000000      -110.65170938
835.50000000      32.03576695
835.75000000      -98.59151285
836.00000000      68.50645710
836.25000000      21.99968266
836.50000000      177.47816966
836.75000000      117.89192396
837.00000000      215.62095139
837.25000000      -90.90474224
837.50000000      -163.52515111
837.75000000      106.73973059
838.00000000      426.85990864
838.25000000      101.89538884
838.50000000      -71.79382303
838.75000000      -137.40772121
839.00000000      129.42370007
839.25000000      483.92044655
839.50000000      360.99252398
839.75000000      533.56993809
840.00000000      747.39269461
840.25000000      741.98079925
840.50000000      592.24425773
840.75000000      163.42307573
841.00000000      -438.26274104
841.25000000      -238.82318691
841.50000000      -26.93825620
841.75000000      338.92205674
842.00000000      262.85775758
842.25000000      117.71885197
842.50000000      -288.12465446
842.75000000      -758.59275608
843.00000000      -483.20544727
843.25000000      -309.15272241
843.50000000      -404.24457590
843.75000000      -36.46100215
844.00000000      48.88800444
844.25000000      -49.46755055
844.50000000      -54.47766157
844.75000000      69.72767696
845.00000000      99.80847060
845.25000000      126.80472487
845.50000000      72.08644533
845.75000000      88.14363749
846.00000000      -127.95369311
846.25000000      -148.58554098
846.50000000      -124.69190060
846.75000000      269.95723352
847.00000000      384.52186687
847.25000000      150.98200492
847.50000000      -176.41234686
847.75000000      -74.72118300
848.00000000      141.12550195
848.25000000      -133.32228656
848.50000000      -61.67454311
848.75000000      110.59873775
849.00000000      -88.06243857
849.25000000      -129.47806665
849.50000000      -187.63814110
849.75000000      -67.59265651
850.00000000      -275.55160750
850.25000000      -169.44498869
850.50000000      19.01720530
850.75000000      -0.42502017
851.00000000      -22.04165975
851.25000000      42.38729191
851.50000000      41.59184015
851.75000000      -34.11800969
852.00000000      -34.94225230
852.25000000      -108.94088235
852.50000000      -226.17389455
852.75000000      57.77871642
853.00000000      485.89695583
853.25000000      987.46082898
853.50000000      853.03034114
853.75000000      1162.27549758
854.00000000      2615.67630355
854.25000000      4279.52276432
854.50000000      5945.86488512
854.75000000      6705.30267119
855.00000000      6714.33612775
855.25000000      6595.06526004
855.50000000      6327.49007326
855.75000000      5794.81057261
856.00000000      5346.62676330
856.25000000      5096.73865052
856.50000000      4935.24623944
856.75000000      4619.14953524
857.00000000      4298.84854308
857.25000000      3486.64326813
857.50000000      2652.33371553
857.75000000      2454.31989043
858.00000000      2218.48179796
858.25000000      1749.66944325
858.50000000      1451.69283143
858.75000000      1242.79196760
859.00000000      987.47685686
859.25000000      761.80750432
859.50000000      716.36391506
859.75000000      458.78609418
860.00000000      389.55404673
860.25000000      334.79777779
860.50000000      564.57729241
860.75000000      986.88259566
861.00000000      1265.75369257
861.25000000      868.05058818
861.50000000      748.79328752
861.75000000      646.93179561
862.00000000      788.91611746
862.25000000      611.42625809
862.50000000      281.62222249
862.75000000      104.93401565
863.00000000      419.51164256
863.25000000      559.87510820
863.50000000      248.95441753
863.75000000      -50.14042448
864.00000000      -46.78941288
864.25000000      259.56745728
864.50000000      544.66019095
864.75000000      913.29879304
865.00000000      345.33326850
865.25000000      309.61362224
865.50000000      468.88985916
865.75000000      191.40198418
866.00000000      268.43000219
866.25000000      460.90391808
866.50000000      694.74373673
866.75000000      851.72946302
867.00000000      520.34110181
867.25000000      396.38865797
867.50000000      739.68213634
867.75000000      599.94154178
868.00000000      840.53687913
868.25000000      888.21815321
868.50000000      640.34536885
868.75000000      850.35853087
869.00000000      932.03764408
869.25000000      1201.66271328
869.50000000      1615.20374327
869.75000000      1867.27073884
870.00000000      1999.96370477
870.25000000      2318.40264584
870.50000000      2730.56756681
870.75000000      2950.53847244
871.00000000      2861.90536750
871.25000000      3205.16825672
871.50000000      3478.82714485
871.75000000      3508.28203662
872.00000000      3226.23293676
872.25000000      3079.37984998
872.50000000      2647.84278100
872.75000000      2184.69173453
873.00000000      1765.16671526
873.25000000      1425.00772789
873.50000000      1375.44477709
873.75000000      1361.85786755
874.00000000      1121.99700394
874.25000000      1123.98219093
874.50000000      1426.03343316
874.75000000      1547.37073530
875.00000000      1715.92410198
875.25000000      1784.23353784
875.50000000      1999.46904752
875.75000000      1918.81063563
876.00000000      1914.32830679
876.25000000      1898.05206562
876.50000000      1352.36191671
876.75000000      1289.29786466
877.00000000      1315.31991407
877.25000000      1504.38806951
877.50000000      1888.04233556
877.75000000      1804.34271679
878.00000000      1890.60921777
878.25000000      1962.20184305
878.50000000      1884.01059717
878.75000000      1782.06548470
879.00000000      2191.22651015
879.25000000      2112.09367806
879.50000000      1825.37699295
879.75000000      1562.32645935
880.00000000      1492.21208175
