790.00000000      -196.57418087
790.25000000      -128.90017012
790.50000000      -35.05312542
790.75000000      -273.94303748
791.00000000      -290.91989706
791.25000000      -411.01369489
791.50000000      -160.68442175
791.75000000      37.01793158
792.00000000      15.50337432
792.25000000      -147.83808436
792.50000000      5.26356472
792.75000000      -269.49166929
793.00000000      -155.48377723
793.25000000      14.05725002
793.50000000      0.09142156
793.75000000      8.97874651
794.00000000      -286.55076606
794.25000000      -363.56710708
794.50000000      -263.19026750
794.75000000      24.02976173
795.00000000      245.66298963
795.25000000      -46.22057480
795.50000000      -136.28092256
795.75000000      -149.18804467
796.00000000      325.56806783
796.25000000      256.34742390
796.50000000      -57.27996753
796.75000000      -283.78409755
797.00000000      -524.69495723
797.25000000      -645.32253770
797.50000000      -547.33683007
797.75000000      -421.31782548
798.00000000      60.88448491
798.25000000      -61.65989006
798.50000000      66.15905843
798.75000000      150.44133919
799.00000000      518.29696100
799.25000000      584.80593264
799.50000000      616.20826287
799.75000000      504.30396044
800.00000000      255.64303409
800.25000000      320.27549253
800.50000000      169.76134447
800.75000000      330.93059859
801.00000000      283.55326358
801.25000000      416.61934810
801.50000000      232.12886080
801.75000000      -192.47818970
802.00000000      -344.89179476
802.25000000      -110.11194579
802.50000000      321.54136581
802.75000000      424.50814862
803.00000000      612.54841121
803.25000000      228.37216211
803.50000000      31.83940988
803.75000000      94.56016302
804.00000000      280.34443006
804.25000000      -105.98778051
804.50000000      -44.60646022
804.75000000      101.46839941
805.00000000      348.68680683
805.25000000      251.12877049
805.50000000      64.85429879
805.75000000      -98.33659983
806.00000000      -63.78391698
806.25000000      -387.31764427
806.50000000      -616.17777334
806.75000000      -529.51429582
807.00000000      -144.98720337
807.25000000      -6.11648765
807.50000000      149.35785965
807.75000000      -220.80415317
808.00000000      -96.80251780
808.25000000      -268.48722598
808.50000000      18.02173056
808.75000000      -103.34563992
809.00000000      -316.69932919
809.25000000      -335.67932902
809.50000000      -259.19563120
809.75000000      -289.28822754
810.00000000      -278.09710984
810.25000000      -99.14226994
810.50000000      -81.00369968
810.75000000      -107.43139090
811.00000000      7.17466452
811.25000000      274.01447470
811.50000000      -107.96195225
811.75000000      -304.88460824
812.00000000      -154.50348519
812.25000000      46.29142498
812.50000000      126.08013031
812.75000000      57.22263885
813.00000000      159.26895863
813.25000000      -163.22090234
813.50000000      -78.72693605
813.75000000      -324.54913452
814.00000000      -408.32748976
814.25000000      -88.61199381
814.50000000      -316.87263872
814.75000000      -113.56941655
815.00000000      168.39768063
815.25000000      58.40866073
815.50000000      144.89353165
815.75000000      -49.82769871
816.00000000      -193.19502249
816.25000000      236.79156819
816.50000000      452.27208117
816.75000000      364.04652429
817.00000000      38.51490538
817.25000000      -34.42276775
817.50000000      -57.45648730
817.75000000      47.46375452
818.00000000      234.17796549
818.25000000      348.15615337
818.50000000      207.64832591
818.75000000      248.80449085
819.00000000      293.78465593
819.25000000      376.57882884
819.50000000      69.92701730
819.75000000      -340.70077100
820.00000000      -267.57452839
820.25000000      -174.54424720
820.50000000      275.85008022
820.75000000      -77.80153849
821.00000000      -293.15909569
821.25000000      -8.03258377
821.50000000      374.61800487
821.75000000      337.84267783
822.00000000      117.62144268
822.25000000      217.43430701
822.50000000      620.53127836
822.75000000      788.63236428
823.00000000      527.21757230
823.25000000      368.25690994
823.50000000      339.77038471
823.75000000      0.54800412
824.00000000      321.73977564
824.25000000      515.72570675
824.50000000      784.42580490
824.75000000      438.15007756
825.00000000      76.19853216
825.25000000      163.63117612
825.50000000      -80.78198314
825.75000000      -244.61093822
826.00000000      178.35431827
826.25000000      75.95379372
826.50000000      -255.71250451
826.75000000      -305.52456906
827.00000000      26.06760741
827.25000000      180.41403223
827.50000000      61.00471273
827.75000000      -222.59034378
828.00000000      -66.39113000
828.25000000      48.70236135
828.50000000      275.95013754
828.75000000      258.77220585
829.00000000      168.66857353
829.25000000      308.65924781
829.50000000      407.54423593
829.75000000      320.42354511
830.00000000      -144.93281745
830.25000000      -347.15484455
830.50000000      -130.70252900
830.75000000      71.23413636
831.00000000      199.66515870
831.25000000      88.47054517
831.50000000      -132.07969709
831.75000000      -157.15556094
832.00000000      10.49296072
832.25000000      -49.20412500
832.50000000      -25.45681100
832.75000000      -65.88509020
833.00000000      45.19104448
833.25000000      -252.84839991
833.50000000      -308.58341630
833.75000000      -129.32399767
834.00000000      -402.73013698
834.25000000      -351.26182722
834.50000000      -169.72906138
834.75000000      293.73816754
835.00000000      301.24986653
835.25000000      25.09604255
835.50000000      -124.57329743
835.75000000      -27.55814646
836.00000000      306.18150241
836.25000000      235.31565610
836.50000000      181.43432153
836.75000000      74.48750562
837.00000000      209.85521526
837.25000000      -153.03254266
837.50000000      -320.01576126
837.75000000      -72.11443368
838.00000000      109.64144694
838.25000000      41.31188744
838.50000000      88.25689466
838.75000000      -268.72352458
839.00000000      -318.25936346
839.25000000      -412.13061519
839.50000000      -227.42727296
839.75000000      63.78066999
840.00000000      297.23322044
840.25000000      150.45038516
840.50000000      57.34217088
840.75000000      15.14858436
841.00000000      81.08963232
841.25000000      143.15532147
841.50000000      133.66565853
841.75000000      70.15065020
842.00000000      -188.28969685
842.25000000      -311.80537592
842.50000000      -550.02638036
842.75000000      -576.87270351
843.00000000      -564.86433872
843.25000000      -88.19127936
843.50000000      119.33648120
843.75000000      1.73894958
844.00000000      -186.29386762
844.25000000      -49.03196381
844.50000000      -22.42533240
844.75000000      -147.60396682
845.00000000      -236.90786050
845.25000000      -203.29700689
845.50000000      -19.40139944
845.75000000      394.26896838
846.00000000      160.78410310
846.25000000      -289.23598878
846.50000000      -446.73130074
846.75000000      -340.47182629
847.00000000      -334.29755896
847.25000000      -121.22849226
847.50000000      299.98538027
847.75000000      125.28406508
848.00000000      158.73756862
848.25000000      -13.10410268
848.50000000      -91.85094239
848.75000000      -209.97294410
849.00000000      31.96989859
849.25000000      176.15759208
849.50000000      159.60014276
849.75000000      266.24755700
850.00000000      106.88984116
850.25000000      256.59700161
850.50000000      399.66904468
850.75000000      424.81597672
851.00000000      263.79780404
851.25000000      207.82453298
851.50000000      613.62616983
851.75000000      805.51272089
852.00000000      373.28419245
852.25000000      116.88059079
852.50000000      89.24192218
852.75000000      202.78819287
853.00000000      377.49940912
853.25000000      999.65557716
853.50000000      2074.85670323
853.75000000      3017.60279355
854.00000000      4091.64385432
854.25000000      5129.07989176
854.50000000      5787.01091205
854.75000000      5951.03692138
855.00000000      6114.65792591
855.25000000      5531.97393182
855.50000000      6013.98494526
855.75000000      6044.89097238
856.00000000      5789.29201930
856.25000000      5434.98809216
856.50000000      4431.07919708
856.75000000      4289.56534016
857.00000000      3682.84652750
857.25000000      3262.22276520
857.50000000      2584.49405933
857.75000000      2093.06041596
858.00000000      1685.80184115
858.25000000      1696.56834096
858.50000000      1602.16992144
858.75000000      1400.84658861
859.00000000      1144.10834850
859.25000000      1215.01520713
859.50000000      944.14717050
859.75000000      844.14424461
860.00000000      592.48643546
860.25000000      545.30374901
860.50000000      775.65619124
860.75000000      657.53376812
861.00000000      625.97648559
861.25000000      451.84434960
861.50000000      186.15736608
861.75000000      442.86554096
862.00000000      161.41888016
862.25000000      122.49738958
862.50000000      303.26107511
862.75000000      345.13994266
863.00000000      644.28399811
863.25000000      700.21324731
863.50000000      569.85769614
863.75000000      867.32735046
864.00000000      918.25221610
864.25000000      749.16229890
864.50000000      442.81760470
864.75000000      239.01813930
865.00000000      192.61390853
865.25000000      492.45491818
865.50000000      625.29117405
865.75000000      113.36268191
866.00000000      211.94944755
866.25000000      438.98147673
866.50000000      599.37877521
866.75000000      969.92134874
867.00000000      818.08920306
867.25000000      826.69234390
867.50000000      800.54077699
867.75000000      473.35450803
868.00000000      397.50354275
868.25000000      595.73788682
868.50000000      890.41754595
868.75000000      760.98252582
869.00000000      957.21283209
869.25000000      1428.38847043
869.50000000      1778.47944650
869.75000000      2033.09576594
870.00000000      2122.28743439
870.25000000      2004.32445747
870.50000000      2111.03684082
870.75000000      2362.55459005
871.00000000      2840.46771075
871.25000000      3421.27620853
871.50000000      3642.48008897
871.75000000      3839.47935765
872.00000000      3408.97402014
872.25000000      3522.66408202
872.50000000      3362.64954882
872.75000000      2853.03042609
873.00000000      2680.10671939
873.25000000      2165.47843422
873.50000000      2157.43557613
873.75000000      1961.38815061
874.00000000      1947.06616317
874.25000000      1771.58961932
874.50000000      1740.17852453
874.75000000      1724.05288429
875.00000000      1555.14270407
875.25000000      1475.98798934
875.50000000      1330.75874555
875.75000000      1628.63497815
876.00000000      1831.68669258
876.25000000      2198.94389426
876.50000000      2294.79658864
876.75000000      1743.25478110
877.00000000      1660.80847708
877.25000000      1563.40768196
877.50000000      1824.59240114
877.75000000      1821.42264000
878.00000000      2618.17840392
878.25000000      2568.35969825
878.50000000      2259.67652838
878.75000000      1967.25889963
879.00000000      1659.94681736
879.25000000      1788.34028691
879.50000000      2091.14931359
879.75000000      2168.62390274
880.00000000      2105.03405966
