790.00000000      214.01986957
790.25000000      -202.89854713
790.50000000      -197.64475623
790.75000000      -33.12874692
791.00000000      -204.70050839
791.25000000      -186.39002985
791.50000000      126.34269945
791.75000000      -43.55230972
792.00000000      66.33495336
792.25000000      197.39449940
792.50000000      -136.10366090
792.75000000      -220.45951687
793.00000000      19.94694216
793.25000000      58.88572681
793.50000000      120.31684772
793.75000000      -293.39968451
794.00000000      -419.53385931
794.25000000      -104.15566609
794.50000000      -5.38509432
794.75000000      -20.77213345
795.00000000      264.25322702
795.25000000      -18.23900241
795.50000000      105.09118874
795.75000000      -3.42618907
796.00000000      -61.28112540
796.25000000      -293.11360982
796.50000000      -208.35363192
796.75000000      -186.47118132
797.00000000      36.00375235
797.25000000      20.76117946
797.50000000      121.13111034
797.75000000      -85.46644469
798.00000000      -377.88147534
798.25000000      -258.04397130
798.50000000      -22.84392232
798.75000000      579.81868185
799.00000000      327.08385145
799.25000000      528.95159669
799.50000000      698.72192777
799.75000000      693.19485488
800.00000000      428.91038817
800.25000000      292.91853780
800.50000000      185.77931389
800.75000000      129.32272655
801.00000000      104.31878589
801.25000000      131.75750198
801.50000000      89.63888488
801.75000000      1.40294464
802.00000000      -266.64030871
802.25000000      -19.49086517
802.50000000      201.53128526
802.75000000      -154.13384743
803.00000000      -100.71625330
803.25000000      117.46407761
803.50000000      -169.70284478
803.75000000      -224.61701056
804.00000000      148.53159017
804.25000000      343.56296729
804.50000000      246.30713065
804.75000000      -117.25590990
805.00000000      95.32385547
805.25000000      -186.87356344
805.50000000      -266.78815681
805.75000000      152.38008511
806.00000000      66.29117210
806.25000000      65.11511391
806.50000000      136.61192026
806.75000000      97.63160086
807.00000000      -34.48583459
807.25000000      -77.26037640
807.50000000      10.56798509
807.75000000      -109.24074047
808.00000000      -343.88654346
808.25000000      162.78058576
808.50000000      95.64065677
808.75000000      135.62367916
809.00000000      58.61966251
809.25000000      53.98861636
809.50000000      183.82055025
809.75000000      29.07547370
810.00000000      94.61339622
810.25000000      428.91432730
810.50000000      -43.60172360
810.75000000      -331.68474701
811.00000000      -368.73473349
811.25000000      123.44832639
811.50000000      112.81444203
811.75000000      186.23362284
812.00000000      -225.04412182
812.25000000      -89.90878257
812.50000000      -23.78035007
812.75000000      -197.29881498
813.00000000      124.08583201
813.25000000      20.93360021
813.50000000      -88.23550110
813.75000000      193.27853735
814.00000000      97.83572482
814.25000000      -87.11392946
814.50000000      108.95958376
814.75000000      -98.40372634
815.00000000      32.89614945
815.25000000      59.23922031
815.50000000      122.05549541
815.75000000      12.66498388
816.00000000      -148.37230513
816.25000000      -435.05636251
816.50000000      -450.24717915
816.75000000      -584.14474596
817.00000000      -742.34905387
817.25000000      -411.96009383
817.50000000      -261.66785678
817.75000000      -281.42233370
818.00000000      -147.38351557
818.25000000      -42.08139340
818.50000000      288.73404181
818.75000000      10.21279901
819.00000000      41.51488716
819.25000000      67.63031522
819.50000000      110.29909209
819.75000000      -128.00877331
820.00000000      -375.56327208
820.25000000      -167.21439535
820.50000000      231.49786577
820.75000000      162.16352011
821.00000000      77.12257651
821.25000000      73.56504380
821.50000000      -119.46906920
821.75000000      -181.92975372
822.00000000      180.16299903
822.25000000      252.28919782
822.50000000      347.69885140
822.75000000      389.11196851
823.00000000      -60.99144214
823.25000000      116.35862817
823.50000000      174.18218812
823.75000000      154.26924641
824.00000000      35.76981169
824.25000000      -55.93610738
824.50000000      38.07149783
824.75000000      337.10263595
825.00000000      82.45731559
825.25000000      -19.80445467
825.50000000      -123.91266623
825.75000000      -440.43731054
826.00000000      -330.16837903
826.25000000      -488.26586317
826.50000000      -422.62975444
826.75000000      -391.14004432
827.00000000      -235.24672432
827.25000000      424.40021405
827.50000000      533.29077925
827.75000000      543.99497975
828.00000000      372.49282398
828.25000000      324.88432038
828.50000000      83.42947735
828.75000000      73.54830330
829.00000000      550.74080662
829.25000000      369.02699567
829.50000000      -67.79312117
829.75000000      -41.61953557
830.00000000      14.31776080
830.25000000      -71.61122372
830.50000000      -36.86648084
830.75000000      -171.63800227
831.00000000      -54.91577972
831.25000000      -245.81980494
831.50000000      -460.08006966
831.75000000      -583.86656565
832.00000000      -299.92928468
832.25000000      -274.33821855
832.50000000      -153.30335905
832.75000000      60.55530200
833.00000000      169.91777277
833.25000000      312.16406143
833.50000000      212.71417612
833.75000000      270.25812496
834.00000000      354.13591609
834.25000000      444.88755761
834.50000000      340.70305760
834.75000000      -35.54757585
835.00000000      -474.75433466
835.25000000      -407.62721080
835.50000000      -309.01619622
835.75000000      -160.72128288
836.00000000      -253.70246278
836.25000000      -141.28972791
836.50000000      -223.89307028
836.75000000      -87.56248192
837.00000000      99.08204513
837.25000000      32.47051884
837.50000000      -86.23705287
837.75000000      125.93933793
838.00000000      352.96969916
838.25000000      523.91403870
838.50000000      111.13236446
838.75000000      179.42468431
839.00000000      54.16100610
839.25000000      66.56133768
839.50000000      57.53568690
839.75000000      3.01406158
840.00000000      -302.26353048
840.25000000      -257.77708148
840.50000000      -340.61658362
840.75000000      -560.54202913
841.00000000      -254.33341026
841.25000000      -115.00071925
841.50000000      151.77605163
841.75000000      294.52691011
842.00000000      380.35186389
842.25000000      528.10092069
842.50000000      -45.85591182
842.75000000      -281.43862596
843.00000000      -390.16721407
843.25000000      -183.23166850
843.50000000      -99.44198160
843.75000000      -333.77814576
844.00000000      -169.55015336
844.25000000      -253.02799680
844.50000000      25.83833151
844.75000000      253.91883915
845.00000000      152.87353369
845.25000000      -25.25757734
845.50000000      106.89551363
845.75000000      -124.17718589
846.00000000      29.59433163
846.25000000      289.83007368
846.50000000      240.59004777
846.75000000      -9.89573863
847.00000000      247.53272195
847.25000000      196.85543696
847.50000000      -110.67758613
847.75000000      -0.12633991
848.00000000      49.57918305
848.25000000      -40.01100984
848.50000000      21.49308881
848.75000000      289.61148641
849.00000000      108.81419031
849.25000000      -174.74879212
849.50000000      -104.05745352
849.75000000      210.83821344
850.00000000      456.72821610
850.25000000      419.68256176
850.50000000      231.00125773
850.75000000      496.39431131
851.00000000      570.62172978
851.25000000      505.89352041
851.50000000      126.93969045
851.75000000      69.07024716
852.00000000      240.08519777
852.25000000      81.92454950
852.50000000      555.52830957
852.75000000      830.31648517
853.00000000      836.26908351
853.25000000      1485.66611175
853.50000000      1698.06757706
853.75000000      2650.09348661
854.00000000      3792.37384753
854.25000000      5599.04866696
854.50000000      6284.21795202
854.75000000      6575.48170983
855.00000000      6718.33994747
855.25000000      6356.89267205
855.50000000      6012.13989063
855.75000000      5828.28161029
856.00000000      5469.91783807
856.25000000      5134.84858103
856.50000000      4827.17384620
856.75000000      4469.89364059
857.00000000      3873.40797122
857.25000000      3258.01684509
857.50000000      2931.52026919
857.75000000      2787.31825049
858.00000000      1974.29079596
858.25000000      1487.28791257
858.50000000      1279.11960724
858.75000000      1486.02588692
859.00000000      1324.51675853
859.25000000      970.65222899
859.50000000      1040.01230519
859.75000000      1078.23699402
860.00000000      917.80630236
860.25000000      479.85023709
860.50000000      472.42880507
860.75000000      529.53201313
861.00000000      367.19986812
861.25000000      332.29237685
861.50000000      168.82954616
861.75000000      216.76138284
862.00000000      560.53789369
862.25000000      453.83908549
862.50000000      363.82496501
862.75000000      260.92553901
863.00000000      320.29081425
863.25000000      627.44079748
863.50000000      627.30549541
863.75000000      574.99491477
864.00000000      880.13906227
864.25000000      801.26794460
864.50000000      833.14156847
864.75000000      766.55994054
865.00000000      704.37306748
865.25000000      853.43095596
865.50000000      917.48361261
865.75000000      979.77104408
866.00000000      1229.57325699
866.25000000      1165.82025796
866.50000000      1084.43205359
866.75000000      678.18865048
867.00000000      965.57005522
867.25000000      950.38627438
867.50000000      1074.44731452
867.75000000      1122.47318220
868.00000000      1320.83388397
868.25000000      1323.27942635
868.50000000      1635.16981588
868.75000000      1482.94505906
869.00000000      1525.38516241
869.25000000      1330.77013241
869.50000000      1441.06997555
869.75000000      1749.89469830
870.00000000      1841.34430712
870.25000000      1778.53880848
870.50000000      1921.47820881
870.75000000      2213.14251455
871.00000000      2666.30173212
871.25000000      3061.31586794
871.50000000      3320.72492840
871.75000000      3010.92891991
872.00000000      3155.62784885
872.25000000      2926.52172159
872.50000000      2705.71054449
872.75000000      2451.29432392
873.00000000      2357.54306621
873.25000000      2531.14677770
873.50000000      2433.30546472
873.75000000      1789.45913358
874.00000000      1446.33779058
874.25000000      1453.06144203
874.50000000      1575.85009421
874.75000000      1780.92375340
875.00000000      1745.21242585
875.25000000      1683.25611784
875.50000000      1462.22483561
875.75000000      1731.29858539
876.00000000      1569.54737342
876.25000000      1646.00120591
876.50000000      2041.04008907
876.75000000      2080.70402911
877.00000000      2335.45303220
877.25000000      2263.24710455
877.50000000      2367.62625230
877.75000000      2192.65048163
878.00000000      1778.63979869
878.25000000      1748.95420962
878.50000000      1997.48372056
878.75000000      1814.25833763
879.00000000      1815.13806693
879.25000000      1852.72291459
879.50000000      1932.72288669
879.75000000      1953.38798932
880.00000000      2068.98822856
