790.00000000      -141.67404748
790.25000000      -247.60541155
790.50000000      -133.36271893
790.75000000      -24.85596208
791.00000000      21.56486650
791.25000000      -36.13022566
791.50000000      -160.40123108
791.75000000      -258.29814228
792.00000000      -221.41095178
792.25000000      -348.34965212
792.50000000      -486.84423587
792.75000000      -106.19469558
793.00000000      227.21897617
793.25000000      127.16678679
793.50000000      -118.39125632
793.75000000      -274.09514577
794.00000000      -494.21487418
794.25000000      -583.82043419
794.50000000      -364.03181845
794.75000000      -214.39901961
795.00000000      -553.35203035
795.25000000      -192.82084334
795.50000000      -248.46545128
795.75000000      -45.95584687
796.00000000      41.21797717
796.25000000      221.41602812
796.50000000      -52.79168676
796.75000000      -67.87516023
797.00000000      -119.36438505
797.25000000      168.43064602
797.50000000      451.87994019
797.75000000      262.28350466
798.00000000      321.91134663
798.25000000      150.79347327
798.50000000      429.03989176
798.75000000      382.79060926
799.00000000      504.03563292
799.25000000      476.97496987
799.50000000      1179.80862724
799.75000000      898.33661215
800.00000000      658.15893169
800.25000000      657.17559296
800.50000000      489.08660305
800.75000000      487.69196901
801.00000000      560.79169792
801.25000000      521.28579682
801.50000000      334.21427274
801.75000000      271.04713272
802.00000000      159.07438376
802.25000000      -57.70396712
802.50000000      19.39208706
802.75000000      -230.19744671
803.00000000      -210.70256146
803.25000000      -374.44325022
803.50000000      -308.52950606
803.75000000      -324.36132203
804.00000000      -142.12869120
804.25000000      -94.01160665
804.50000000      81.81993852
804.75000000      -101.65404879
805.00000000      -272.98356170
805.25000000      -129.08859333
805.50000000      -166.90913682
805.75000000      -169.64518532
806.00000000      30.36326803
806.25000000      -38.71376996
806.50000000      160.88370755
806.75000000      346.00570736
807.00000000      462.99223627
807.25000000      328.32330107
807.50000000      449.25890854
807.75000000      435.55906545
808.00000000      144.02377856
808.25000000      77.80305461
808.50000000      -54.22309965
808.75000000      -159.12467750
809.00000000      -74.01167223
809.25000000      -155.52407713
809.50000000      -442.57188549
809.75000000      -242.19509065
810.00000000      -94.53368592
810.25000000      -279.10766463
810.50000000      -113.49702014
810.75000000      -126.45174580
811.00000000      -184.37183498
811.25000000      -60.05728104
811.50000000      -87.55807739
811.75000000      164.99578259
812.00000000      393.85430548
812.25000000      123.12749788
812.50000000      -167.60463365
812.75000000      -247.98208254
813.00000000      -483.45484225
813.25000000      -549.46290623
813.50000000      -365.48626794
813.75000000      -464.82492087
814.00000000      -292.11885850
814.25000000      -246.91807434
814.50000000      -110.69256188
814.75000000      61.09768535
815.00000000      -186.44732617
815.25000000      -174.94758998
815.50000000      -293.97309963
815.75000000      -228.20384868
816.00000000      -175.07983070
816.25000000      -89.60103925
816.50000000      -226.62746794
816.75000000      -113.35911035
817.00000000      -193.39596009
817.25000000      -373.83801078
817.50000000      -255.37525604
817.75000000      -465.95768952
818.00000000      -373.74530485
818.25000000      -207.26809569
818.50000000      76.72394428
818.75000000      19.38082141
819.00000000      -412.13745800
819.25000000      -196.84088764
819.50000000      -61.98946122
819.75000000      -181.11317245
820.00000000      -243.48201504
820.25000000      63.05401726
820.50000000      -36.04506929
820.75000000      -311.18926844
821.00000000      -409.03857394
821.25000000      -369.40297957
821.50000000      10.75752088
821.75000000      346.49293364
822.00000000      629.78326489
822.25000000      459.10852084
822.50000000      731.71870766
822.75000000      335.33383153
823.00000000      471.43389861
823.25000000      310.98891506
823.50000000      -75.98111299
823.75000000      -79.68617940
824.00000000      121.02372196
824.25000000      -55.47140279
824.50000000      -91.25154755
824.75000000      -81.00670622
825.00000000      82.56312729
825.25000000      87.51795906
825.50000000      277.62779515
825.75000000      193.32264164
826.00000000      34.81250457
826.25000000      -12.06261002
826.50000000      72.79730391
826.75000000      316.51225238
827.00000000      188.63224141
827.25000000      265.50727700
827.50000000      486.62736515
827.75000000      438.56251185
828.00000000      403.29272308
828.25000000      130.91800480
828.50000000      532.69836298
828.75000000      552.05380357
829.00000000      498.48433252
829.25000000      157.00995575
829.50000000      246.43067919
829.75000000      241.84650876
830.00000000      -46.97254963
830.25000000      -90.65649010
830.50000000      -185.66530674
830.75000000      -474.18899368
831.00000000      -57.21754504
831.25000000      40.12904503
831.50000000      156.12078240
831.75000000      -51.41232710
832.00000000      7.77972237
832.25000000      215.62693664
832.50000000      263.91932153
832.75000000      130.03688285
833.00000000      185.65962639
833.25000000      354.16755796
833.50000000      293.98068334
833.75000000      186.78900829
834.00000000      3.93253860
834.25000000      -10.04871999
834.50000000      -124.96476173
834.75000000      102.05441913
835.00000000      -54.88117168
835.25000000      179.51847155
835.50000000      182.40335456
835.75000000      -74.02651697
836.00000000      -221.73113733
836.25000000      -286.04050082
836.50000000      -98.36460178
836.75000000      -154.75343453
837.00000000      -355.82699340
837.25000000      -92.15527274
837.50000000      -93.57826691
837.75000000      -87.11597025
838.00000000      -217.79837716
838.25000000      128.43451801
838.50000000      24.94272085
838.75000000      -62.47376302
839.00000000      -103.44492801
839.25000000      -98.75076854
839.50000000      -191.48127901
839.75000000      -88.70645386
840.00000000      349.31371247
840.25000000      484.09922554
840.50000000      210.56009089
840.75000000      116.93631406
841.00000000      -206.55209941
841.25000000      -3.91514400
841.50000000      -4.83281421
841.75000000      -80.77510453
842.00000000      -10.64200945
842.25000000      250.41647650
842.50000000      352.77035881
842.75000000      87.49964296
843.00000000      -227.91566559
843.25000000      -382.66556139
843.50000000      -64.56003899
843.75000000      -175.57909294
844.00000000      -433.03271782
844.25000000      -517.19090820
844.50000000      -358.00365867
844.75000000      -496.60096381
845.00000000      -4.32281823
845.25000000      -25.12921653
845.50000000      -162.65015333
845.75000000      -154.39562326
846.00000000      -258.29562094
846.25000000      -142.73014102
846.50000000      -210.63917814
846.75000000      -317.79272696
847.00000000      -114.03078214
847.25000000      0.62666165
847.50000000      164.42960972
847.75000000      232.31806739
848.00000000      -29.63796004
848.25000000      9.11153274
848.50000000      7.95655101
848.75000000      287.41710005
849.00000000      185.96318514
849.25000000      170.74481154
849.50000000      257.78198452
849.75000000      112.02470931
850.00000000      52.26299117
850.25000000      31.56683533
850.50000000      -241.76375298
850.75000000      73.98123145
851.00000000      4.56179384
851.25000000      -81.81206060
851.50000000      -50.41032669
851.75000000      -119.92299922
852.00000000      -30.55007303
852.25000000      264.64845707
852.50000000      357.61259624
852.75000000      172.76234963
853.00000000      243.07772241
853.25000000      287.83871971
853.50000000      991.60534667
853.75000000      2121.99760842
854.00000000      3223.64551008
854.25000000      4660.68905676
854.50000000      5572.22825357
854.75000000      5875.86310560
855.00000000      5531.09361796
855.25000000      5982.01979571
855.50000000      5882.64164394
855.75000000      6231.15916772
856.00000000      5584.17237210
856.25000000      5396.48126215
856.50000000      5414.18584290
856.75000000      4826.28611940
857.00000000      4333.18209668
857.25000000      3894.17377976
857.50000000      2969.06117366
857.75000000      2514.24428339
858.00000000      2003.62311395
858.25000000      1742.99767034
858.50000000      1164.20795755
858.75000000      809.50398055
859.00000000      324.38574431
859.25000000      349.91325382
859.50000000      554.66651402
859.75000000      257.28552986
860.00000000      465.25030629
860.25000000      325.69084825
860.50000000      405.66716067
860.75000000      718.16924846
861.00000000      1110.23711656
861.25000000      811.73076985
861.50000000      497.67021325
861.75000000      293.00545166
862.00000000      456.18648994
862.25000000      657.89333300
862.50000000      742.28598570
862.75000000      665.79445290
863.00000000      700.56873947
863.25000000      656.12885025
863.50000000      365.40479010
863.75000000      80.50656384
864.00000000      135.06417632
864.25000000      345.60763235
864.50000000      590.89693675
864.75000000      672.73209433
865.00000000      596.96310990
865.25000000      511.43998824
865.50000000      1035.91273415
865.75000000      698.62135242
866.00000000      454.84584781
866.25000000      624.51622509
866.50000000      639.55248903
866.75000000      554.73464437
867.00000000      646.54269588
867.25000000      771.78664828
867.50000000      673.27650632
867.75000000      743.73227471
868.00000000      865.52395819
868.25000000      683.40156146
868.50000000      437.72508922
868.75000000      549.93454619
869.00000000      1069.80993705
869.25000000      1197.63126648
869.50000000      1240.36853918
869.75000000      1185.63175981
870.00000000      2010.47093303
870.25000000      2041.14606351
870.50000000      2293.51715591
870.75000000      2713.68421485
871.00000000      2242.24724500
871.25000000      2276.70625097
871.50000000      2357.56123739
871.75000000      2613.21220889
872.00000000      2767.35917008
872.25000000      2552.70212555
872.50000000      2099.34107992
872.75000000      1915.40603777
873.00000000      1896.07700370
873.25000000      1715.11398227
873.50000000      1558.74697807
873.75000000      1674.35599566
874.00000000      1756.69103961
874.25000000      1813.87211445
874.50000000      1590.11922475
874.75000000      1282.65237504
875.00000000      1397.40156986
875.25000000      1576.90681373
875.50000000      1718.33811118
875.75000000      1686.87546671
876.00000000      1585.58888485
876.25000000      1486.50837008
876.50000000      1696.01392691
876.75000000      1418.14555983
877.00000000      1310.36327331
877.25000000      1199.62707183
877.50000000      1453.47695987
877.75000000      1588.97294188
878.00000000      1655.43502232
878.25000000      1797.22320565
878.50000000      1429.22749631
878.75000000      1531.47789873
879.00000000      1492.83441735
879.25000000      1539.89705659
879.50000000      1471.37582087
879.75000000      1678.52071461
880.00000000      1332.60174221
