790.00000000      183.73301671
790.25000000      318.03686884
790.50000000      93.51407264
790.75000000      -150.74536299
791.00000000      -155.09142914
791.25000000      -283.55411692
791.50000000      -243.59341746
791.75000000      -54.25932191
792.00000000      -483.14182142
792.25000000      -403.85090715
792.50000000      -325.11657031
792.75000000      -334.23880209
793.00000000      -224.59759371
793.25000000      -76.42293639
793.50000000      -84.75482138
793.75000000      -45.23323994
794.00000000      -46.12818334
794.25000000      122.49035713
794.50000000      -125.49760984
794.75000000      -30.64207556
795.00000000      -158.37303135
795.25000000      -284.62046857
795.50000000      -348.04437858
795.75000000      -346.31475275
796.00000000      -193.92158246
796.25000000      -158.50485912
796.50000000      -57.49457414
796.75000000      -135.36071896
797.00000000      78.36671498
797.25000000      -28.62226377
797.50000000      -296.99764670
797.75000000      -327.33942528
798.00000000      -205.49759102
798.25000000      -32.40213543
798.50000000      60.05694996
798.75000000      98.97967360
799.00000000      295.50604395
799.25000000      428.63606943
799.50000000      564.70975846
799.75000000      667.36711944
800.00000000      352.38816076
800.25000000      89.66289080
800.50000000      193.79131791
800.75000000      431.60345044
801.00000000      499.86929673
801.25000000      475.57886510
801.50000000      -0.26783615
801.75000000      242.76920127
802.00000000      257.99998566
802.25000000      344.42452526
802.50000000      347.72282834
802.75000000      469.33490314
803.00000000      343.03075787
803.25000000      308.49040076
803.50000000      343.60384000
803.75000000      -54.02891623
804.00000000      -38.59785975
804.25000000      41.71701760
804.50000000      -397.25427604
804.75000000      -228.53173254
805.00000000      97.33465623
805.25000000      -46.57510163
805.50000000      334.79900197
805.75000000      176.25697511
806.00000000      130.45882585
806.25000000      -115.42543774
806.50000000      -120.63580763
806.75000000      -82.32227580
807.00000000      -180.14483422
807.25000000      -369.62347490
807.50000000      -253.49818985
807.75000000      -236.00897110
808.00000000      -95.35581067
808.25000000      380.61129936
808.50000000      322.77236696
808.75000000      335.05740003
809.00000000      -73.64359352
809.25000000      -7.97060578
809.50000000      61.16637113
809.75000000      -133.27265492
810.00000000      69.57232394
810.25000000      -86.81868446
810.50000000      -421.02567228
810.75000000      -429.79863169
811.00000000      108.46244511
811.25000000      -159.04243408
811.50000000      -122.36326147
811.75000000      160.36997069
812.00000000      167.40727018
812.25000000      386.85864473
812.50000000      170.30410209
812.75000000      12.10364997
813.00000000      310.80729608
813.25000000      128.97504812
813.50000000      48.12691377
813.75000000      120.96290070
814.00000000      116.84301657
814.25000000      -126.78273097
814.50000000      -165.38433429
814.75000000      -259.42178576
815.00000000      -245.79507778
815.25000000      215.87579725
815.50000000      35.02084692
815.75000000      75.96007880
816.00000000      -231.74649955
816.25000000      -157.09888057
816.50000000      -99.95705674
816.75000000      106.47897947
817.00000000      97.60923557
817.25000000      153.33371908
817.50000000      247.96243746
817.75000000      59.54539821
818.00000000      69.92260878
818.25000000      248.56407663
818.50000000      157.71980920
818.75000000      -94.46018608
819.00000000      132.18409820
819.25000000      399.64266944
819.50000000      -46.34446494
819.75000000      -312.30729759
820.00000000      -74.51582112
820.25000000      80.17997182
820.50000000      55.24008858
820.75000000      -146.74546351
821.00000000      -355.43667713
821.25000000      -79.64354496
821.50000000      -28.32605971
821.75000000      -243.43421408
822.00000000      -193.98800081
822.25000000      -104.50741262
822.50000000      -86.74244227
822.75000000      -82.97308251
823.00000000      172.28067388
823.25000000      17.98883413
823.50000000      64.17140545
823.75000000      -240.38160499
824.00000000      -180.52018998
824.25000000      -289.86434235
824.50000000      -8.49405496
824.75000000      45.90067937
825.00000000      -158.38013225
825.25000000      -485.27648268
825.50000000      -339.01836480
825.75000000      -251.17577151
826.00000000      -99.53869572
826.25000000      -27.26713035
826.50000000      73.73893168
826.75000000      327.59949743
827.00000000      380.86457393
827.25000000      541.88416824
827.50000000      317.14828737
827.75000000      -262.77306166
828.00000000      -303.89987184
828.25000000      -348.13213619
828.50000000      -93.20984772
828.75000000      84.28700054
829.00000000      146.85841555
829.25000000      223.52440426
829.50000000      102.08497360
829.75000000      155.64013050
830.00000000      461.95988187
830.25000000      411.41423463
830.50000000      52.54319566
830.75000000      -36.84322814
831.00000000      51.26497008
831.25000000      121.74779719
831.50000000      -135.12473996
831.75000000      -336.52263452
832.00000000      -253.19587968
832.25000000      -73.21446860
832.50000000      -94.78839449
832.75000000      -17.53765055
833.00000000      -157.78222999
833.25000000      332.85787397
833.50000000      76.80266808
833.75000000      165.74215910
834.00000000      343.01635378
834.25000000      45.16525885
834.50000000      116.37888103
834.75000000      16.52722704
835.00000000      -1.27969644
835.25000000      -275.75188269
835.50000000      -46.73932506
835.75000000      125.95798314
836.00000000      265.38004857
836.25000000      218.19687786
836.50000000      69.99847767
836.75000000      12.73485461
837.00000000      13.78601532
837.25000000      -142.41803362
837.50000000      82.28271440
837.75000000      -32.13173402
838.00000000      12.30862767
838.25000000      152.66380606
838.50000000      45.29380769
838.75000000      -43.00136089
839.00000000      203.14830685
839.25000000      91.96281745
839.50000000      80.35217741
839.75000000      82.24639324
840.00000000      -70.61452856
840.25000000      -69.71058151
840.50000000      -210.13175914
840.75000000      -119.63805499
841.00000000      -106.00946258
841.25000000      33.74402450
841.50000000      -138.05758729
841.75000000      -328.88429154
842.00000000      -484.63608183
842.25000000      -189.46295176
842.50000000      168.00510507
842.75000000      163.84809504
843.00000000      -70.45397547
843.25000000      -316.09110011
843.50000000      -509.87327251
843.75000000      -395.78048634
844.00000000      96.87726475
844.25000000      160.82998708
844.50000000      -35.87231304
844.75000000      -164.35962930
845.00000000      -294.97195541
845.25000000      -521.66928507
845.50000000      -290.08161202
845.75000000      -265.71892999
846.00000000      -121.51123273
846.25000000      215.16148603
846.50000000      42.35923251
846.75000000      155.31201293
847.00000000      -279.82016647
847.25000000      24.94270050
847.50000000      269.85062005
847.75000000      438.84359836
848.00000000      104.99164162
848.25000000      81.84475599
848.50000000      -157.20705237
848.75000000      -205.63377730
849.00000000      25.00458734
849.25000000      20.88804767
849.50000000      353.02660983
849.75000000      477.37027992
850.00000000      738.70906405
850.25000000      377.11296831
850.50000000      63.87199879
850.75000000      94.72616157
851.00000000      12.40546270
851.25000000      17.12990825
851.50000000      -11.37049574
851.75000000      -67.78574323
852.00000000      155.68417181
852.25000000      275.97925541
852.50000000      394.03951356
852.75000000      439.28495227
853.00000000      520.69557754
853.25000000      1023.55139535
853.50000000      1377.41241166
853.75000000      1709.94863245
854.00000000      2629.64006367
854.25000000      3839.77671126
854.50000000      4747.40858117
854.75000000      5734.13567932
855.00000000      6392.45801162
855.25000000      6130.47558400
855.50000000      5990.18840234
855.75000000      5714.79647255
856.00000000      5450.89980050
856.25000000      5247.29839206
856.50000000      5279.09225311
856.75000000      4336.28138949
857.00000000      4013.26580706
857.25000000      3860.34551165
857.50000000      3129.32050910
857.75000000      2904.59080521
858.00000000      2598.05640580
858.25000000      2176.50731668
858.50000000      1695.81354363
858.75000000      1485.19509245
859.00000000      1358.16196890
859.25000000      1119.77417876
859.50000000      1215.61172778
859.75000000      1299.31462171
860.00000000      1045.36286629
860.25000000      910.88646726
860.50000000      732.94543033
860.75000000      935.52976122
861.00000000      975.67946564
861.25000000      912.25454928
861.50000000      926.27501784
861.75000000      634.69087698
862.00000000      660.95213239
862.25000000      505.73878972
862.50000000      483.21085463
862.75000000      410.79833277
863.00000000      409.65122976
863.25000000      890.28955124
863.50000000      928.64330283
863.75000000      508.82249014
864.00000000      368.44711877
864.25000000      331.07719431
864.50000000      668.44272236
864.75000000      668.35370848
865.00000000      590.66015825
865.25000000      743.21207722
865.50000000      805.75947095
865.75000000      602.54234499
866.00000000      742.84070485
866.25000000      900.58455609
866.50000000      850.69390420
866.75000000      525.94875470
867.00000000      425.82911310
867.25000000      294.14498488
867.50000000      380.70637553
867.75000000      891.23329053
868.00000000      829.09573534
868.25000000      754.04371543
868.50000000      872.43723625
868.75000000      892.71630323
869.00000000      1176.66092183
869.25000000      878.55109745
869.50000000      1087.35683553
869.75000000      1380.68814148
870.00000000      1952.64502068
870.25000000      2293.34747855
870.50000000      2525.79552047
870.75000000      2527.96915182
871.00000000      2605.67837796
871.25000000      2489.21320425
871.50000000      2759.08363606
871.75000000      2975.79967873
872.00000000      3161.01133760
872.25000000      3246.41861799
872.50000000      2941.12152523
872.75000000      2871.22006463
873.00000000      2750.01424150
873.25000000      2456.08406114
873.50000000      2233.77952884
873.75000000      1983.45064987
874.00000000      1735.84742952
874.25000000      1521.08987305
874.50000000      1714.39798571
874.75000000      1434.99177277
875.00000000      1119.80123946
875.25000000      1624.36639101
875.50000000      1666.85723266
875.75000000      1631.45376962
876.00000000      1876.22600711
876.25000000      1801.20395032
876.50000000      1679.76760446
876.75000000      1679.95697471
877.00000000      1590.23206625
877.25000000      1579.55288426
877.50000000      1551.45943390
877.75000000      1514.01172032
878.00000000      1721.52974868
878.25000000      1700.37352412
878.50000000      1570.43305178
878.75000000      1603.73833677
879.00000000      1502.14938422
879.25000000      1684.26619924
879.50000000      1760.79878693
879.75000000      1701.99715239
880.00000000      1793.13130071
