790.00000000      -177.08341075
790.25000000      -636.54103772
790.50000000      -390.82765050
790.75000000      -121.85323582
791.00000000      -164.96778040
791.25000000      -552.20127100
791.50000000      -126.01369440
791.75000000      -249.45503739
792.00000000      -214.11528681
792.25000000      -318.60442950
792.50000000      54.34754767
792.75000000      -91.55934221
793.00000000      -314.70508606
793.25000000      -467.31967080
793.50000000      -373.44308343
793.75000000      27.28468908
794.00000000      56.59365972
794.25000000      218.41384144
794.50000000      131.62524719
794.75000000      107.67788988
795.00000000      8.14178241
795.25000000      -130.91306235
795.50000000      144.85336844
795.75000000      285.77108762
796.00000000      97.35010797
796.25000000      -231.04955770
796.50000000      -632.85789666
796.75000000      -552.54489617
797.00000000      -337.64054350
797.25000000      -359.45482599
797.50000000      -249.65773096
797.75000000      71.17075424
798.00000000      9.18064222
798.25000000      80.44194559
798.50000000      278.06467691
798.75000000      410.14884874
799.00000000      515.83447362
799.25000000      648.12156405
799.50000000      643.35013252
799.75000000      312.16019150
800.00000000      503.33175342
800.25000000      1025.75483071
800.50000000      925.02943577
800.75000000      712.98558097
801.00000000      788.39327867
801.25000000      383.24254120
801.50000000      334.53338087
801.75000000      581.70580998
802.00000000      368.06984078
802.25000000      32.62548552
802.50000000      -341.94724356
802.75000000      -223.20833428
803.00000000      -155.38777445
803.25000000      -233.80555190
803.50000000      -10.57165451
803.75000000      -20.08607015
804.00000000      -92.53878674
804.25000000      -220.10979219
804.50000000      -142.96907445
804.75000000      140.86337850
805.00000000      304.83757868
805.25000000      141.03353807
805.50000000      -166.48873135
805.75000000      -10.92921765
806.00000000      129.37209111
806.25000000      163.58520683
806.50000000      -138.52985861
806.75000000      -284.12309335
807.00000000      -198.85448554
807.25000000      -265.24402336
807.50000000      -52.03169501
807.75000000      72.54251128
808.00000000      161.27860728
808.25000000      282.32660472
808.50000000      -82.43348468
808.75000000      -294.07164922
809.00000000      -300.69787723
809.25000000      -158.95215705
809.50000000      51.25552296
809.75000000      86.88517440
810.00000000      80.79680888
810.25000000      -151.52956203
810.50000000      -379.67392678
810.75000000      -190.38627384
811.00000000      -24.06659168
811.25000000      264.48513118
811.50000000      263.21890622
811.75000000      242.00474488
812.00000000      283.09265861
812.25000000      -63.40734119
812.50000000      -85.91524311
812.75000000      82.92896420
813.00000000      147.67529212
813.25000000      -268.11624804
813.50000000      -87.92564496
813.75000000      -328.05288733
814.00000000      -123.13796389
814.25000000      -23.73086339
814.50000000      -33.30157458
814.75000000      -172.31008626
815.00000000      123.34361278
815.25000000      78.03953371
815.50000000      -314.79231231
815.75000000      -307.83191415
816.00000000      -340.51926068
816.25000000      -106.85434081
816.50000000      182.30285655
816.75000000      160.75234244
817.00000000      -208.10587207
817.25000000      2.62822402
817.50000000      31.26464171
817.75000000      -69.14660800
818.00000000      4.23448585
818.25000000      -4.12206579
818.50000000      45.03374799
818.75000000      57.85193811
819.00000000      19.49251546
819.25000000      -229.05450910
819.50000000      -266.04912470
819.75000000      229.97867947
820.00000000      218.75891424
820.25000000      -3.55840960
820.50000000      -170.51328128
820.75000000      -32.50569003
821.00000000      51.77437488
821.25000000      -43.45307583
821.50000000      97.84196854
821.75000000      -153.29048132
822.00000000      -91.87041474
822.25000000      42.58217891
822.50000000      109.31731028
822.75000000      338.05498995
823.00000000      372.27522854
823.25000000      548.94803661
823.50000000      189.09342472
823.75000000      -330.49859660
824.00000000      -202.67801683
824.25000000      -66.06482546
824.50000000      432.26098798
824.75000000      265.60943396
825.00000000      112.28052293
825.25000000      -6.66573469
825.50000000      68.54067152
825.75000000      282.32975195
826.00000000      193.91151696
826.25000000      75.12597693
826.50000000      -163.92685781
826.75000000      -44.12697694
827.00000000      -37.92437016
827.25000000      -220.96902718
827.50000000      13.22906227
827.75000000      225.23990844
828.00000000      491.04352156
828.25000000      414.73991185
828.50000000      479.58908950
828.75000000      230.01106470
829.00000000      9.50584761
829.25000000      -254.90655162
829.50000000      6.57387713
829.75000000      278.04714398
830.00000000      84.28325901
830.25000000      -111.34776769
830.50000000      -296.30592607
830.75000000      -598.78120608
831.00000000      -449.76359769
831.25000000      -194.37309091
831.50000000      -48.33967574
831.75000000      41.16665780
832.00000000      -127.60408034
832.25000000      10.27811977
832.50000000      235.60326808
832.75000000      235.75137447
833.00000000      152.40244884
833.25000000      -20.06349895
833.50000000      -102.22645902
833.75000000      211.60357845
834.00000000      107.76662328
834.25000000      -102.19731471
834.50000000      -152.09822575
834.75000000      17.93389995
835.00000000      43.00907213
835.25000000      -221.58269946
835.50000000      -101.69140511
835.75000000      414.88296489
836.00000000      127.18042024
836.25000000      -73.12902940
836.50000000      -45.45537437
836.75000000      9.15139497
837.00000000      -99.92871176
837.25000000      -300.26568495
837.50000000      -122.69951501
837.75000000      -180.25019236
838.00000000      -110.94770745
838.25000000      -93.73205073
838.50000000      -135.24321269
838.75000000      -285.68118380
839.00000000      -302.67595457
839.25000000      63.99248446
839.50000000      14.23414277
839.75000000      48.97902981
840.00000000      44.96715499
840.25000000      -42.28147227
840.50000000      -74.85684256
840.75000000      -422.51894651
841.00000000      -328.04777475
841.25000000      -20.45331794
841.50000000      349.58443328
841.75000000      392.59548820
842.00000000      -94.32014385
842.25000000      34.68754639
842.50000000      299.98856822
842.75000000      26.66293087
843.00000000      -74.80935640
843.25000000      44.38171562
843.50000000      -192.57384385
843.75000000      -56.65602562
844.00000000      -0.17482051
844.25000000      19.59978064
844.50000000      53.71778699
844.75000000      187.04920765
845.00000000      112.25405176
845.25000000      104.37232840
845.50000000      49.77404668
845.75000000      -73.05078435
846.00000000      -92.03215562
846.25000000      7.44994190
846.50000000      -85.54448276
846.75000000      -158.78542059
847.00000000      -68.11286259
847.25000000      -252.54679978
847.50000000      -178.83722320
847.75000000      184.95587610
848.00000000      -10.09749294
848.25000000      139.55267859
848.50000000      320.29639961
848.75000000      -112.33632100
849.00000000      -170.90547436
849.25000000      -143.23105161
849.50000000      -287.30304391
849.75000000      127.82855758
850.00000000      376.95376167
850.25000000      193.14257717
850.50000000      176.68501286
850.75000000      64.32107751
851.00000000      34.78077989
851.25000000      -149.71587128
851.50000000      -6.43886725
851.75000000      -20.07819931
852.00000000      280.16614124
852.25000000      307.23416307
852.50000000      648.06587487
852.75000000      601.08128528
853.00000000      566.26040295
853.25000000      902.88323651
853.50000000      1485.50979457
853.75000000      2321.81008573
854.00000000      3609.26411857
854.25000000      4589.16190166
854.50000000      5694.55344356
854.75000000      6084.03875281
855.00000000      6204.11783793
855.25000000      5999.89070745
855.50000000      5923.35736985
855.75000000      5843.71783363
856.00000000      5817.57210725
856.25000000      5633.72019917
856.50000000      5401.26211784
856.75000000      4832.19787168
857.00000000      4285.92746912
857.25000000      3735.75091854
857.50000000      3208.46822833
857.75000000      2452.50940688
858.00000000      2263.66446253
858.25000000      1976.87340364
858.50000000      1739.91623853
858.75000000      1822.03297553
859.00000000      1583.73362294
859.25000000      1151.07818904
859.50000000      1072.64668212
859.75000000      1163.07911044
860.00000000      1073.85548225
860.25000000      1226.10580578
860.50000000      959.89008925
860.75000000      607.19834088
861.00000000      535.07056886
861.25000000      538.36678137
861.50000000      513.10698658
861.75000000      459.24119264
862.00000000      613.21940770
862.25000000      988.72163988
862.50000000      994.90789730
862.75000000      659.20818806
863.00000000      289.77252024
863.25000000      465.12090192
863.50000000      630.18334117
863.75000000      641.06984603
864.00000000      1154.41042453
864.25000000      1175.73508469
864.50000000      851.80383454
864.75000000      883.41668205
865.00000000      677.42363521
865.25000000      550.67470200
865.50000000      622.91989036
865.75000000      568.39920824
866.00000000      746.39266357
866.25000000      939.83026427
866.50000000      706.63201823
866.75000000      542.57793336
867.00000000      814.14801753
867.25000000      961.15227860
867.50000000      1171.40072443
867.75000000      1114.61336285
868.00000000      1058.16020170
868.25000000      929.79124879
868.50000000      890.86651191
868.75000000      1176.82599885
869.00000000      1357.44971740
869.25000000      1311.01767531
869.50000000      1256.49988034
869.75000000      1644.50634022
870.00000000      2403.13706267
870.25000000      2517.51205541
870.50000000      2614.63132615
870.75000000      2767.47488255
871.00000000      3245.81273231
871.25000000      3483.00488308
871.50000000      3553.59134251
871.75000000      3850.97211824
872.00000000      3514.84721790
872.25000000      3110.91664909
872.50000000      2649.30041942
872.75000000      2801.06853647
873.00000000      2785.46100782
873.25000000      2563.21784103
873.50000000      2535.56904365
873.75000000      2666.89462323
874.00000000      2368.94458728
874.25000000      2317.83894332
874.50000000      2168.79769886
874.75000000      2190.04086138
875.00000000      1966.49843835
875.25000000      1973.71043726
875.50000000      1899.84686554
875.75000000      1604.08773064
876.00000000      1503.50303998
876.25000000      1566.12280099
876.50000000      1621.32702107
876.75000000      1798.15570762
877.00000000      1971.06886801
877.25000000      1732.02650961
877.50000000      1836.56863978
877.75000000      1817.75526586
878.00000000      1962.90639519
878.25000000      2060.38203510
878.50000000      2009.07219288
878.75000000      2133.00687584
879.00000000      2262.04609126
879.25000000      2111.78984643
879.50000000      2049.94814859
879.75000000      2326.77100500
880.00000000      2265.52842290
