790.00000000      -26.50289757
790.25000000      128.30700379
790.50000000      -31.70897231
790.75000000      -46.46081825
791.00000000      -2.29852640
791.25000000      -237.25208918
791.50000000      -294.78149900
791.75000000      -312.93674828
792.00000000      -133.30782946
792.25000000      -336.50473500
792.50000000      -218.25745734
792.75000000      -267.86598898
793.00000000      -298.71032239
793.25000000      -344.02045008
793.50000000      -176.83636455
793.75000000      -195.79805833
794.00000000      -400.17552396
794.25000000      -624.03875397
794.50000000      -286.50774093
794.75000000      -242.13247741
795.00000000      -17.34295599
795.25000000      -207.06916926
795.50000000      -243.97110984
795.75000000      -84.71877034
796.00000000      -17.80214339
796.25000000      -97.86122164
796.50000000      -227.32599772
796.75000000      -260.66646433
797.00000000      -147.41261411
797.25000000      -41.87443978
797.50000000      -189.72193403
797.75000000      42.46491044
798.00000000      276.83610088
798.25000000      345.46164458
798.50000000      493.45154879
798.75000000      478.90582073
799.00000000      610.96446765
799.25000000      496.62749676
799.50000000      697.23491527
799.75000000      1111.42673038
800.00000000      869.98294926
800.25000000      648.79357909
800.50000000      356.45862703
800.75000000      264.80810023
801.00000000      207.61200583
801.25000000      207.86035096
801.50000000      441.55314272
801.75000000      368.13038823
802.00000000      334.90209458
802.25000000      18.86826884
802.50000000      18.70891809
802.75000000      -345.13595061
803.00000000      -197.89633021
803.25000000      127.10778631
803.50000000      285.76640599
803.75000000      30.67953585
804.00000000      -8.34281712
804.25000000      11.51935407
804.50000000      -116.90394359
804.75000000      -43.63270313
805.00000000      -13.21691760
805.25000000      -171.57658004
805.50000000      -300.65168352
805.75000000      -520.64222112
806.00000000      -669.88818592
806.25000000      -455.21957101
806.50000000      -35.87636950
806.75000000      118.99142548
807.00000000      -14.27617918
807.25000000      36.80082336
807.50000000      -284.51756003
807.75000000      -345.47132252
808.00000000      -345.26045729
808.25000000      -432.73495751
808.50000000      -285.01481638
808.75000000      -147.17002711
809.00000000      -203.31058290
809.25000000      -161.07647699
809.50000000      99.62229739
809.75000000      -20.25425301
810.00000000      -385.84612144
810.25000000      -132.67330118
810.50000000      -96.31578551
810.75000000      121.47643230
811.00000000      433.30335893
811.25000000      296.36500108
811.50000000      -195.38863458
811.75000000      -231.08754138
812.00000000      139.51828735
812.25000000      271.53885824
812.50000000      57.55417794
812.75000000      -234.07574692
813.00000000      -219.80090974
813.25000000      -127.06130391
813.50000000      178.66307718
813.75000000      202.07224010
814.00000000      343.52619143
814.25000000      215.47493773
814.50000000      33.44848556
814.75000000      -110.01315854
815.00000000      -285.80998803
815.25000000      -56.56199639
815.50000000      -275.83917711
815.75000000      33.67847631
816.00000000      -188.44902962
816.25000000      -47.22168844
816.50000000      232.50050634
816.75000000      136.51756117
817.00000000      -68.77051748
817.25000000      -162.46372319
817.50000000      132.74795049
817.75000000      115.91450998
818.00000000      216.87596168
818.25000000      204.10231200
818.50000000      38.84356734
818.75000000      173.24973407
819.00000000      -56.51918144
819.25000000      -213.47317281
819.50000000      -166.87223370
819.75000000      397.75364223
820.00000000      632.13446133
820.25000000      451.42022990
820.50000000      31.07095427
820.75000000      129.67664073
821.00000000      -139.42270441
821.25000000      -109.03707488
821.50000000      31.87353559
821.75000000      528.35913329
822.00000000      717.39972444
822.25000000      468.47531531
822.50000000      132.83591213
822.75000000      -59.79847888
823.00000000      -316.94785150
823.25000000      -405.64219952
823.50000000      -545.86151676
823.75000000      -255.81579701
824.00000000      -230.35503411
824.25000000      156.90077811
824.50000000      184.87164582
824.75000000      -261.13242484
825.00000000      -193.81142774
825.25000000      -42.10535673
825.50000000      116.75579430
825.75000000      414.20203146
826.00000000      412.44336085
826.25000000      484.31978857
826.50000000      235.93132069
826.75000000      82.39796329
827.00000000      -39.73027756
827.25000000      -136.10339581
827.50000000      -94.23138542
827.75000000      -180.54424035
828.00000000      210.93804543
828.25000000      458.31547793
828.50000000      376.84806316
828.75000000      167.95580712
829.00000000      363.13871581
829.25000000      136.41679519
829.50000000      -28.40994875
829.75000000      68.75848993
830.00000000      228.69211721
830.25000000      347.76093901
830.50000000      249.50496128
830.75000000      -78.26581006
831.00000000      49.45863091
831.25000000      318.55829008
831.50000000      -10.69682663
831.75000000      -179.47671334
832.00000000      -87.53136417
832.25000000      30.06922676
832.50000000      -218.88493471
832.75000000      -394.01384270
833.00000000      -109.63749139
833.25000000      -196.37587493
833.50000000      -365.80898749
833.75000000      -148.24682327
834.00000000      79.65062355
834.25000000      178.42335877
834.50000000      493.26138818
834.75000000      446.03471756
835.00000000      112.85335268
835.25000000      427.00729931
835.50000000      166.64656320
835.75000000      31.97115010
836.00000000      138.02106575
836.25000000      187.46631588
836.50000000      549.89690620
836.75000000      368.26284243
837.00000000      388.94413028
837.25000000      280.37077543
837.50000000      161.70278357
837.75000000      139.92016038
838.00000000      136.99291153
838.25000000      6.98104267
838.50000000      -143.75544054
838.75000000      -375.41653246
839.00000000      -249.63222746
839.25000000      -0.18251991
839.50000000      -74.15740419
839.75000000      -268.62687470
840.00000000      -227.85092583
840.25000000      -26.30955200
840.50000000      -122.09274762
840.75000000      -614.96050712
841.00000000      -636.69282493
841.25000000      -200.29969550
841.50000000      -143.46111327
841.75000000      3.35292729
842.00000000      -437.75756828
842.25000000      -218.94259446
842.50000000      -316.83214574
842.75000000      -154.34621660
843.00000000      344.99519845
843.25000000      150.00210490
843.50000000      14.86450823
843.75000000      155.60241392
844.00000000      283.90582744
844.25000000      -108.49524576
844.50000000      -98.55080024
844.75000000      -184.39083054
845.00000000      160.64466876
845.25000000      395.59570309
845.50000000      -207.16772214
845.75000000      -196.15560152
846.00000000      -163.29792965
846.25000000      -35.97470113
846.50000000      -513.12591058
846.75000000      -616.52155264
847.00000000      -466.00162192
847.25000000      -13.58611307
847.50000000      -88.02502075
847.75000000      -299.37833960
848.00000000      -106.57606429
848.25000000      160.93181051
848.50000000      46.53529011
848.75000000      -28.23562018
849.00000000      -213.94091504
849.25000000      135.59941081
849.50000000      117.39536267
849.75000000      248.39694580
850.00000000      92.39416549
850.25000000      139.45702699
850.50000000      -58.12446444
850.75000000      26.38969646
851.00000000      295.72951491
851.25000000      463.11499616
851.50000000      226.27614542
851.75000000      44.52296791
852.00000000      113.65546884
852.25000000      94.61365341
852.50000000      54.33752682
852.75000000      -2.75290575
853.00000000      329.32236087
853.25000000      777.84333186
853.50000000      1360.37001238
853.75000000      2232.57240758
854.00000000      3460.93052261
854.25000000      4398.73436261
854.50000000      5427.03393270
854.75000000      5855.42923802
855.00000000      6295.42028368
855.25000000      5918.10707478
855.50000000      5697.48961643
855.75000000      6082.76791373
856.00000000      6077.54197174
856.25000000      5646.61179557
856.50000000      5273.07739026
856.75000000      4864.93876089
857.00000000      4441.59591252
857.25000000      3822.34885018
857.50000000      2992.99757893
857.75000000      2538.94210378
858.00000000      1992.06242978
858.25000000      1750.20856193
858.50000000      1782.19050525
858.75000000      1696.24826473
859.00000000      1248.89184538
859.25000000      1216.18125218
859.50000000      1246.69649012
859.75000000      1382.07756416
860.00000000      1228.80447927
860.25000000      901.00724041
860.50000000      1080.74585254
860.75000000      883.01032058
861.00000000      840.84064950
861.25000000      861.09684420
861.50000000      760.79890961
861.75000000      710.89685065
862.00000000      466.84067223
862.25000000      479.31037924
862.50000000      359.46597658
862.75000000      278.73746913
863.00000000      646.27486177
863.25000000      480.59815938
863.50000000      288.63736681
863.75000000      388.50248892
864.00000000      393.81353057
864.25000000      686.13049659
864.50000000      680.18339183
864.75000000      611.78222110
865.00000000      633.77698923
865.25000000      310.01770103
865.50000000      173.25436132
865.75000000      351.72697488
866.00000000      493.71554652
866.25000000      549.15008101
866.50000000      209.95058314
866.75000000      261.89705768
867.00000000      353.46950939
867.25000000      413.47794304
867.50000000      467.73236336
867.75000000      461.95277511
868.00000000      473.50918302
868.25000000      639.15159182
868.50000000      442.24000623
868.75000000      563.21443097
869.00000000      1035.85487075
869.25000000      1191.44133027
869.50000000      1448.94381422
869.75000000      1577.97232730
870.00000000      2053.62687418
870.25000000      2577.02745954
870.50000000      2820.15408804
870.75000000      2933.08676435
871.00000000      3070.41549312
871.25000000      3334.64027900
871.50000000      3331.26112662
871.75000000      3289.67804063
872.00000000      3137.59102564
872.25000000      2633.74008628
872.50000000      2691.12522716
872.75000000      2694.93645289
873.00000000      2466.37376807
873.25000000      2018.17717728
873.50000000      1880.57668512
873.75000000      1720.95229617
874.00000000      1359.05401499
874.25000000      1414.00184616
874.50000000      1505.01579424
874.75000000      1541.31586377
875.00000000      1555.83205930
875.25000000      1450.10438538
875.50000000      1631.30284653
875.75000000      1597.60744728
876.00000000      1588.08819216
876.25000000      1286.77508567
876.50000000      1368.04813232
876.75000000      1560.94733662
877.00000000      1719.93270305
877.25000000      1368.96423610
877.50000000      1421.58194026
877.75000000      1638.84581999
878.00000000      1305.07587977
878.25000000      1210.63212406
878.50000000      1454.40455730
878.75000000      1528.42318395
879.00000000      1582.54800845
879.25000000      1467.37903524
879.50000000      1416.62626874
879.75000000      1232.53971338
880.00000000      1973.38937357
