790.00000000      -295.62260131
790.25000000      -15.85738272
790.50000000      177.08039580
790.75000000      238.28074457
791.00000000      -60.60632611
791.25000000      -71.61080595
791.50000000      -471.19268469
791.75000000      -591.40195207
792.00000000      -571.82859787
792.25000000      -398.08261187
792.50000000      -361.89398388
792.75000000      -78.56270371
793.00000000      319.53123880
793.25000000      319.15785380
793.50000000      207.27715140
793.75000000      -142.75085827
794.00000000      -163.19616512
794.25000000      -135.12875908
794.50000000      -193.66863009
794.75000000      -273.36576811
795.00000000      -49.65016310
795.25000000      -31.45180507
795.50000000      -234.43068401
795.75000000      -128.25678996
796.00000000      264.57988704
796.25000000      493.43935694
796.50000000      234.89162965
796.75000000      117.46671509
797.00000000      201.63462315
797.25000000      -38.91463631
797.50000000      -80.85105342
797.75000000      -65.75461834
798.00000000      8.52467875
798.25000000      248.05684766
798.50000000      36.95189818
798.75000000      303.30984008
799.00000000      573.27068313
799.25000000      500.83443705
799.50000000      631.34111159
799.75000000      467.43071644
800.00000000      368.88326130
800.25000000      323.58875584
800.50000000      121.14720973
800.75000000      220.38863261
801.00000000      516.08303411
801.25000000      647.22042383
801.50000000      591.80081137
801.75000000      287.26420631
802.00000000      249.92061821
802.25000000      357.77005662
802.50000000      500.49253108
802.75000000      207.52805109
803.00000000      -12.35337385
803.25000000      -74.47173425
803.50000000      136.06297935
803.75000000      -174.14922360
804.00000000      -283.29833366
804.25000000      -173.56434140
804.50000000      -421.11723744
804.75000000      -239.97701237
805.00000000      0.30634316
805.25000000      -378.18716147
805.50000000      -240.39751694
805.75000000      -66.52471391
806.00000000      -357.90874307
806.25000000      -292.37959514
806.50000000      -44.17726083
806.75000000      -219.45173088
807.00000000      -596.86299604
807.25000000      -333.93104709
807.50000000      -155.39587479
807.75000000      -138.49746996
808.00000000      -355.43582340
808.25000000      -257.06092595
808.50000000      -67.49276844
808.75000000      -359.80134175
809.00000000      -58.09663674
809.25000000      243.98135570
809.50000000      296.52264465
809.75000000      -118.51276079
810.00000000      59.73514843
810.25000000      -25.25361863
810.50000000      38.94094705
810.75000000      -40.43114549
811.00000000      -261.76988727
811.25000000      -34.87526928
811.50000000      74.20271744
811.75000000      181.33408186
812.00000000      238.76883292
812.25000000      145.61697955
812.50000000      164.45853067
812.75000000      -88.34650483
813.00000000      40.75188195
813.25000000      -20.68630013
813.50000000      -100.14104221
813.75000000      46.08766455
814.00000000      116.35982897
814.25000000      129.12545988
814.50000000      -278.08543394
814.75000000      -632.73284369
815.00000000      -289.71676061
815.25000000      -49.65717595
815.50000000      -149.12408097
815.75000000      -14.79746693
816.00000000      -172.11732514
816.25000000      -344.08364689
816.50000000      -313.55642350
816.75000000      -232.73564630
817.00000000      -274.22130664
817.25000000      -251.11339588
817.50000000      -126.10190540
817.75000000      -254.13682658
818.00000000      75.62184917
818.25000000      545.64413044
818.50000000      303.18002580
818.75000000      216.37954379
819.00000000      106.40269296
819.25000000      66.23948183
819.50000000      64.62991893
819.75000000      47.04401274
820.00000000      109.21177175
820.25000000      164.28320443
820.50000000      151.71831924
820.75000000      -43.89287539
821.00000000      -46.21037101
821.25000000      -29.04415922
821.50000000      -57.35423161
821.75000000      159.90942019
822.00000000      294.72680458
822.25000000      426.57792989
822.50000000      358.71280450
822.75000000      342.85143671
823.00000000      127.47383486
823.25000000      -57.44999275
823.50000000      -268.90003783
823.75000000      -188.08629211
824.00000000      10.14125270
824.25000000      91.16260482
824.50000000      18.89777251
824.75000000      -196.34323601
825.00000000      65.73958746
825.25000000      195.20625113
825.50000000      -113.17323682
825.75000000      -227.96886822
826.00000000      -259.97063492
826.25000000      -44.33852876
826.50000000      -24.97254162
826.75000000      24.24733462
827.00000000      -8.12889194
827.25000000      -8.75121320
827.50000000      521.87037891
827.75000000      818.30589246
828.00000000      633.53533550
828.25000000      256.65871607
828.50000000      -171.06395781
828.75000000      -99.21267812
829.00000000      -73.28743686
829.25000000      -4.26822605
829.50000000      -126.35503772
829.75000000      -203.44786390
830.00000000      -107.77669664
830.25000000      -227.97152801
830.50000000      -195.49235010
830.75000000      -91.52915498
831.00000000      -241.07193476
831.25000000      57.75931843
831.50000000      159.23461248
831.75000000      113.18395524
832.00000000      287.85735455
832.25000000      369.18481824
832.50000000      452.95635415
832.75000000      -23.44802994
833.00000000      -112.34832621
833.25000000      121.63547311
833.50000000      178.92337578
833.75000000      -316.79461042
834.00000000      -270.17847777
834.25000000      -388.68821852
834.50000000      -584.13382496
834.75000000      -277.64528937
835.00000000      -108.11260408
835.25000000      -60.24576139
835.50000000      118.10524637
835.75000000      124.14042685
836.00000000      152.89978770
836.25000000      236.05333656
836.50000000      -55.80891897
836.75000000      69.26302873
837.00000000      -154.35081274
837.25000000      -185.22043580
837.50000000      -131.18583288
837.75000000      16.73300358
838.00000000      -94.49391888
838.25000000      -107.80659271
838.50000000      50.15498961
838.75000000      44.19083558
839.00000000      -42.32904729
839.25000000      259.81534847
839.50000000      221.53403036
839.75000000      -17.24299417
840.00000000      -239.77571768
840.25000000      -65.54413271
840.50000000      6.36176815
840.75000000      14.18199232
841.00000000      -144.86345279
841.25000000      -224.78455980
841.50000000      -221.26132132
841.75000000      -299.76372999
842.00000000      -19.19177844
842.25000000      138.30454065
842.50000000      27.09523463
842.75000000      117.26031082
843.00000000      234.27977652
843.25000000      377.96363904
843.50000000      452.50190565
843.75000000      -30.08541636
844.00000000      -466.10831974
844.25000000      -730.83679723
844.50000000      -258.22084160
844.75000000      33.60955439
845.00000000      88.31439794
845.25000000      104.93369627
845.50000000      -295.16254343
845.75000000      -228.48431398
846.00000000      104.03839178
846.25000000      -120.97441897
846.50000000      45.53726090
846.75000000      261.80343853
847.00000000      84.98412105
847.25000000      -310.94068443
847.50000000      -270.72097081
847.75000000      60.58326901
848.00000000      111.04204210
848.25000000      293.20535554
848.50000000      211.46321637
848.75000000      212.34563165
849.00000000      330.29260841
849.25000000      127.48415367
849.50000000      -85.06972555
849.75000000      301.58097775
850.00000000      206.22627055
850.25000000      269.93615985
850.50000000      236.00065260
850.75000000      237.15975576
851.00000000      586.14347628
851.25000000      308.17182110
851.50000000      285.97479714
851.75000000      151.86241130
852.00000000      392.63467051
852.25000000      327.23158164
852.50000000      414.59315157
852.75000000      694.13938718
853.00000000      993.85029533
853.25000000      1299.00588286
853.50000000      1739.16615661
853.75000000      2528.95112341
854.00000000      3437.99079007
854.25000000      4616.42516339
854.50000000      5735.35425018
854.75000000      6143.37805722
855.00000000      6676.99659127
855.25000000      6866.30985910
855.50000000      6829.31786747
855.75000000      6781.22062310
856.00000000      6432.61813274
856.25000000      5944.31040310
856.50000000      5292.39744090
856.75000000      4855.87925282
857.00000000      4059.15584557
857.25000000      3464.52722581
857.50000000      2991.79340021
857.75000000      2524.35437543
858.00000000      2457.11015812
858.25000000      2192.85075491
858.50000000      1988.44617242
858.75000000      1479.11641728
859.00000000      1113.37149608
859.25000000      998.27141543
859.50000000      1163.39618189
859.75000000      1013.38580206
860.00000000      921.72028249
860.25000000      897.52962973
860.50000000      885.87385033
860.75000000      568.74295082
861.00000000      586.17693772
861.25000000      864.03581754
861.50000000      893.33959679
861.75000000      836.03828195
862.00000000      773.58187952
862.25000000      558.65039595
862.50000000      663.40383772
862.75000000      506.27221127
863.00000000      523.40552304
863.25000000      599.32377947
863.50000000      620.95698698
863.75000000      574.41515197
864.00000000      833.32828086
864.25000000      859.22638002
864.50000000      857.86945584
864.75000000      956.05751470
865.00000000      1034.64056295
865.25000000      1121.46860694
865.50000000      767.29165302
865.75000000      530.34970752
866.00000000      709.92277676
866.25000000      990.94086706
866.50000000      1002.32398470
866.75000000      1150.85213600
867.00000000      893.00532722
867.25000000      833.59356465
867.50000000      846.42685454
867.75000000      729.22520315
868.00000000      667.35861672
868.25000000      839.57710149
868.50000000      1034.24066368
868.75000000      1042.78930951
869.00000000      860.00304517
869.25000000      891.16187688
869.50000000      1228.23581080
869.75000000      1601.83485313
870.00000000      1865.05901001
870.25000000      2255.02828763
870.50000000      2594.74269211
870.75000000      2523.18222960
871.00000000      2922.11690623
871.25000000      3735.90672811
871.50000000      3806.09170136
871.75000000      3599.07183207
872.00000000      3393.54712635
872.25000000      3122.21759026
872.50000000      3207.18322988
872.75000000      2915.54405127
873.00000000      2567.57006049
873.25000000      2482.93126359
873.50000000      2302.88766659
873.75000000      1909.81927551
874.00000000      1928.47609639
874.25000000      2117.97813522
874.50000000      2117.54539800
874.75000000      2039.39789072
875.00000000      1878.46561936
875.25000000      1946.28858989
875.50000000      1988.03680827
875.75000000      2142.89028045
876.00000000      1915.91901237
876.25000000      1929.15300997
876.50000000      1514.97227918
876.75000000      1449.41682589
877.00000000      1428.94665604
877.25000000      1486.52177550
877.50000000      1670.68219016
877.75000000      1967.48790592
878.00000000      2253.25892863
878.25000000      2430.35526415
878.50000000      2194.66691835
878.75000000      1856.22389706
879.00000000      1901.88620611
879.25000000      2097.25385134
879.50000000      2063.03683855
879.75000000      2164.48517355
880.00000000      2194.86886215
