790.00000000      -283.13610256
790.25000000      -273.77052763
790.50000000      32.76666124
790.75000000      -153.43452400
791.00000000      -12.72407140
791.25000000      60.86803097
791.50000000      18.88179502
791.75000000      -361.73276738
792.00000000      -139.56564435
792.25000000      107.77317594
792.50000000      -374.44629467
792.75000000      -241.52404440
793.00000000      -307.84006145
793.25000000      -109.62433407
793.50000000      34.08314949
793.75000000      329.64240094
794.00000000      39.78343199
794.25000000      -99.56374568
794.50000000      -271.51912042
794.75000000      -320.63268059
795.00000000      -288.33441456
795.25000000      -489.55431074
795.50000000      -505.95235754
795.75000000      -652.19854342
796.00000000      -473.78285683
796.25000000      -353.34528624
796.50000000      -133.31582018
796.75000000      152.83555286
797.00000000      -115.42115568
797.25000000      -50.39593436
797.50000000      -164.75877175
797.75000000      -419.08965646
798.00000000      90.76142290
798.25000000      501.86447768
798.50000000      489.32951923
798.75000000      656.25655886
799.00000000      776.78560789
799.25000000      674.91667758
799.50000000      749.98977921
799.75000000      793.64492401
800.00000000      785.66212322
800.25000000      516.93138803
800.50000000      624.05272963
800.75000000      521.85615919
801.00000000      810.11168786
801.25000000      736.80932676
801.50000000      930.90908700
801.75000000      608.97097966
802.00000000      235.18501584
802.25000000      13.59120656
802.50000000      -124.13043713
802.75000000      -115.53990423
803.00000000      -185.86718373
803.25000000      -157.43226466
803.50000000      -244.34513606
803.75000000      104.99421300
804.00000000      -299.60420656
804.25000000      -489.32038383
804.50000000      -366.32430794
804.75000000      -525.63596802
805.00000000      -388.80535322
805.25000000      -69.75245273
805.50000000      -405.41725572
805.75000000      -246.99975142
806.00000000      -76.83992905
806.25000000      -125.76777786
806.50000000      16.97671289
806.75000000      28.24355390
807.00000000      435.37275588
807.25000000      -84.15567049
807.50000000      -222.08171456
807.75000000      -323.64536567
808.00000000      -325.04661321
808.25000000      -422.13544658
808.50000000      33.96814483
808.75000000      295.19417158
809.00000000      -66.56735579
809.25000000      -73.95642672
809.50000000      -54.88303072
809.75000000      127.61284272
810.00000000      207.39120408
810.25000000      177.93206383
810.50000000      283.65543240
810.75000000      180.81132023
811.00000000      278.99973773
811.25000000      75.42069528
811.50000000      244.02420326
811.75000000      4.68027202
812.00000000      -168.36108809
812.25000000      -29.98986675
812.50000000      -110.62605366
812.75000000      9.09036147
813.00000000      -14.29061110
813.25000000      46.79103889
813.50000000      304.85532167
813.75000000      286.60224746
814.00000000      294.39182645
814.25000000      218.67406884
814.50000000      75.97898478
814.75000000      170.84658442
815.00000000      65.37687790
815.25000000      313.94987532
815.50000000      325.99558679
815.75000000      -71.16597762
816.00000000      38.02519215
816.25000000      91.56910616
816.50000000      -363.39422558
816.75000000      -156.06479305
817.00000000      -338.04258625
817.25000000      -356.42759521
817.50000000      -639.90980997
817.75000000      -600.43922058
818.00000000      -432.17581712
818.25000000      -256.64958967
818.50000000      -150.61052835
818.75000000      -267.90862326
819.00000000      40.61613543
819.25000000      48.95375759
819.50000000      -10.15574696
819.75000000      -146.24236841
820.00000000      9.42390303
820.25000000      -234.00692286
820.50000000      106.92516369
820.75000000      491.81017241
821.00000000      433.98811304
821.25000000      177.64899529
821.50000000      -110.16717114
821.75000000      -224.41037658
822.00000000      114.89938864
822.25000000      165.24213416
822.50000000      214.86786963
822.75000000      -109.50339535
823.00000000      79.60834882
823.25000000      65.17311172
823.50000000      -6.78909707
823.75000000      -191.48826801
824.00000000      -253.77439156
824.25000000      -12.26745820
824.50000000      165.95254156
824.75000000      199.19561723
825.00000000      91.76177826
825.25000000      339.71103412
825.50000000      79.81339424
825.75000000      -7.50113195
826.00000000      31.97746496
826.25000000      153.08919435
826.50000000      279.93406561
826.75000000      95.63208810
827.00000000      40.73327116
827.25000000      9.58762413
827.50000000      67.68515631
827.75000000      192.59587701
828.00000000      -90.70020449
828.25000000      -80.10307892
828.50000000      113.64726296
828.75000000      457.97083041
829.00000000      209.36763264
829.25000000      -37.14232115
829.50000000      -374.75902176
829.75000000      -233.38246001
830.00000000      149.75737325
830.25000000      191.03048718
830.50000000      4.97689089
830.75000000      -213.59340649
831.00000000      167.32960414
831.25000000      240.62593185
831.50000000      48.56558573
831.75000000      90.97857483
832.00000000      -16.88509182
832.25000000      -151.09540518
832.50000000      -60.86235625
832.75000000      -445.80593604
833.00000000      -432.24613556
833.25000000      -2.80294585
833.50000000      100.94364205
833.75000000      213.68363706
834.00000000      277.75704812
834.25000000      66.70388412
834.50000000      175.71415395
834.75000000      6.65786651
835.00000000      -255.35496936
835.25000000      -302.03434481
835.50000000      -80.23025100
835.75000000      -21.74267911
836.00000000      -160.53162035
836.25000000      -277.92706591
836.50000000      -120.33900703
836.75000000      -4.81743495
837.00000000      -163.98234092
837.25000000      -331.40371620
837.50000000      -336.92155209
837.75000000      -225.55583987
838.00000000      -383.33657087
838.25000000      -297.20373640
838.50000000      -28.79732780
838.75000000      43.68266357
839.00000000      45.60624634
839.25000000      -11.80657088
839.50000000      -145.64577946
839.75000000      -255.98137084
840.00000000      -211.07333643
840.25000000      -183.40166767
840.50000000      -186.05635602
840.75000000      56.20260706
841.00000000      251.59523009
841.25000000      301.11152157
841.50000000      47.07149000
841.75000000      -49.99485616
842.00000000      -151.98750843
842.25000000      -25.05645837
842.50000000      116.16830245
842.75000000      97.76678247
843.00000000      66.21899009
843.25000000      26.33493369
843.50000000      -250.69537832
843.75000000      -114.85193760
844.00000000      24.55526421
844.25000000      66.25623546
844.50000000      143.30098446
844.75000000      206.55951954
845.00000000      258.69184898
845.25000000      39.73798108
845.50000000      -443.93207589
845.75000000      -335.82831368
846.00000000      76.11927596
846.25000000      162.53070126
846.50000000      -29.53402956
846.75000000      -135.84490829
847.00000000      145.75807325
847.25000000      418.25492324
847.50000000      145.89564985
847.75000000      -208.37973877
848.00000000      -146.50123448
848.25000000      186.08117084
848.50000000      69.75748530
848.75000000      109.05771701
849.00000000      -105.57812596
849.25000000      202.02996447
849.50000000      293.89199636
849.75000000      317.95797775
850.00000000      281.01791669
850.25000000      -46.85817882
850.50000000      87.61969923
850.75000000      341.19155885
851.00000000      312.58740800
851.25000000      79.02725467
851.50000000      192.24110679
851.75000000      200.53897232
852.00000000      186.72085919
852.25000000      466.72677531
852.50000000      773.49672858
852.75000000      1089.45072690
853.00000000      1109.56877815
853.25000000      1241.13089019
853.50000000      1981.69707087
853.75000000      2694.88732803
854.00000000      3702.33166951
854.25000000      4855.17010311
854.50000000      5801.50263665
854.75000000      6006.92927790
855.00000000      6023.95003464
855.25000000      6073.66491465
855.50000000      6103.07392567
855.75000000      6060.37707545
856.00000000      6250.17437170
856.25000000      5731.26582215
856.50000000      5134.75143449
856.75000000      4762.63121642
857.00000000      4331.30517562
857.25000000      3936.07331974
857.50000000      3468.73565645
857.75000000      3118.69219338
858.00000000      2780.84293817
858.25000000      2395.98789842
858.50000000      1796.96708174
858.75000000      1059.03049573
859.00000000      921.67814795
859.25000000      947.97004599
859.50000000      1150.48619740
859.75000000      1284.86660971
860.00000000      1245.59129046
860.25000000      952.79024717
860.50000000      642.52348735
860.75000000      572.78101848
861.00000000      569.60284806
861.25000000      534.84898355
861.50000000      452.53943242
861.75000000      434.62420210
862.00000000      534.55330004
862.25000000      548.00673366
862.50000000      390.14451037
862.75000000      873.39663756
863.00000000      619.91312264
863.25000000      772.21397296
863.50000000      786.22919590
863.75000000      538.06879881
864.00000000      983.36278903
864.25000000      1132.64117389
864.50000000      1172.66396070
864.75000000      796.23115678
865.00000000      746.19276941
865.25000000      730.39880588
865.50000000      897.59927345
865.75000000      889.03417939
866.00000000      643.98353095
866.25000000      586.37733536
866.50000000      649.13559984
866.75000000      989.03833162
867.00000000      592.56553788
867.25000000      760.52722582
867.50000000      982.73340262
867.75000000      1215.90407545
868.00000000      1170.40925146
868.25000000      961.99893780
868.50000000      1124.03314159
868.75000000      850.95186997
869.00000000      1063.53513004
869.25000000      1233.06292890
869.50000000      1298.50527364
869.75000000      1560.47217134
870.00000000      2391.06362906
870.25000000      2770.38965385
870.50000000      2809.46025277
870.75000000      2957.32543284
871.00000000      3417.58520108
871.25000000      3539.73956450
871.50000000      3840.28853011
871.75000000      3911.63210488
872.00000000      3648.47029580
872.25000000      3402.50310983
872.50000000      3255.83055393
872.75000000      2664.55263504
873.00000000      2453.93936009
873.25000000      2468.66073600
873.50000000      2406.97676969
873.75000000      2376.26746805
874.00000000      2251.28283798
874.25000000      1921.14288635
874.50000000      1963.06762003
874.75000000      1969.27704588
875.00000000      2141.70117074
875.25000000      2296.88000144
875.50000000      2198.98354482
875.75000000      1939.19180768
876.00000000      1586.57479682
876.25000000      1762.16251905
876.50000000      1720.33498114
876.75000000      1594.13218985
877.00000000      1601.01415196
877.25000000      1589.94087421
877.50000000      1470.45236334
877.75000000      1668.60862607
878.00000000      1926.72966913
878.25000000      2086.17549922
878.50000000      2057.83612304
878.75000000      2008.74154728
879.00000000      2149.75177860
879.25000000      2408.46682369
879.50000000      2666.59668918
879.75000000      2599.39138172
880.00000000      2226.12090796
