790.00000000      -14.30255249
790.25000000      -24.53949028
790.50000000      80.39443526
790.75000000      -46.41076246
791.00000000      -114.30507008
791.25000000      -116.31847425
791.50000000      -299.91096164
791.75000000      -339.13251896
792.00000000      -520.57313293
792.25000000      -736.84279031
792.50000000      -393.67147785
792.75000000      -133.35918237
793.00000000      -327.28589066
793.25000000      -415.68158959
793.50000000      -353.58626601
793.75000000      -355.63990682
794.00000000      -32.11249892
794.25000000      248.92597075
794.50000000      253.35551523
794.75000000      -150.37385246
795.00000000      -179.69211933
795.25000000      63.47072760
795.50000000      26.45470128
795.75000000      85.58981462
796.00000000      22.38608055
796.25000000      136.20351193
796.50000000      -234.38787838
796.75000000      389.14192246
797.00000000      694.26292726
797.25000000      360.66514882
797.50000000      -70.32140011
797.75000000      -578.27670677
798.00000000      -534.05075846
798.25000000      -118.57354245
798.50000000      -31.73504609
798.75000000      142.56474330
799.00000000      137.46583833
799.25000000      355.96825161
799.50000000      611.41199575
799.75000000      947.47708330
800.00000000      797.87352680
800.25000000      607.46133879
800.50000000      536.95053175
800.75000000      523.12111816
801.00000000      849.77311049
801.25000000      568.80652116
801.50000000      296.31136259
801.75000000      423.69764716
802.00000000      331.27538725
802.25000000      42.04459520
802.50000000      33.68528334
802.75000000      67.63746396
803.00000000      -53.32885064
803.25000000      151.46635179
803.50000000      -7.08691652
803.75000000      90.61135666
804.00000000      352.37118353
804.25000000      162.01257625
804.50000000      253.36554698
804.75000000      -29.58989215
805.00000000      59.59627098
805.25000000      -41.99595156
805.50000000      -160.30654768
805.75000000      -119.53550535
806.00000000      327.97718746
806.25000000      397.40154276
806.50000000      167.49757253
806.75000000      475.11528874
807.00000000      92.59470332
807.25000000      112.41582820
807.50000000      -66.16132472
807.75000000      -55.37674356
808.00000000      136.56958353
808.25000000      -80.17233160
808.50000000      -24.72247714
808.75000000      -230.15084128
809.00000000      37.43258774
809.25000000      182.38782168
809.50000000      -126.19512772
809.75000000      124.64375126
810.00000000      294.76447030
810.25000000      -69.35295891
810.50000000      -248.28852473
810.75000000      26.20778449
811.00000000      -24.26401965
811.25000000      -225.50392555
811.50000000      -196.56192164
811.75000000      -189.56799637
812.00000000      -240.27213819
812.25000000      -303.56433561
812.50000000      -130.86457712
812.75000000      -18.81285125
813.00000000      25.14085345
813.25000000      7.55654842
813.50000000      -167.04575494
813.75000000      -357.96604522
814.00000000      -258.84431105
814.25000000      -351.23054108
814.50000000      -354.59472398
814.75000000      -427.39684842
815.00000000      -440.53690311
815.25000000      -323.63487678
815.50000000      -195.26075817
815.75000000      -137.09453604
816.00000000      -40.57619917
816.25000000      94.29426363
816.50000000      293.65686355
816.75000000      259.31161174
817.00000000      327.65851935
817.25000000      155.59759749
817.50000000      73.43885728
817.75000000      -66.76769022
818.00000000      -249.18203392
818.25000000      -477.33416280
818.50000000      -609.97406581
818.75000000      -492.95173197
819.00000000      -406.10715027
819.25000000      -516.45030974
819.50000000      -66.24119945
819.75000000      6.99019155
820.00000000      138.97387417
820.25000000      175.85985929
820.50000000      128.10815781
820.75000000      -172.69121944
821.00000000      -155.19826160
821.25000000      -102.22295786
821.50000000      -281.72529742
821.75000000      -131.65526950
822.00000000      51.96713667
822.25000000      147.62193183
822.50000000      182.55912671
822.75000000      144.49873202
823.00000000      277.92075845
823.25000000      330.79521667
823.50000000      164.14211733
823.75000000      13.75147107
824.00000000      -57.22671149
824.25000000      5.58758025
824.50000000      -17.88564314
824.75000000      -128.33637109
825.00000000      -148.46459305
825.25000000      -59.21029850
825.50000000      141.19652307
825.75000000      176.18588216
826.00000000      -43.03221078
826.25000000      38.38225473
826.50000000      161.52928912
826.75000000      324.52890280
827.00000000      240.93110619
827.25000000      -202.91409035
827.50000000      -402.51667643
827.75000000      -575.30664172
828.00000000      -360.30397587
828.25000000      -249.40866859
828.50000000      -392.36070956
828.75000000      -272.74008851
829.00000000      37.95320481
829.25000000      -177.26081934
829.50000000      -205.58215075
829.75000000      41.08922081
830.00000000      -145.47669449
830.25000000      -62.90988646
830.50000000      13.32965505
830.75000000      -238.94805982
831.00000000      201.26697905
831.25000000      125.85478178
831.50000000      306.08535844
831.75000000      235.78871910
832.00000000      8.21487383
832.25000000      137.29383266
832.50000000      183.81560561
832.75000000      193.16020268
833.00000000      161.00763386
833.25000000      265.73790912
833.50000000      279.77103841
833.75000000      130.79703167
834.00000000      163.15589881
834.25000000      -121.61235026
834.50000000      2.68229435
834.75000000      -13.09015751
835.00000000      -75.81969597
835.25000000      16.78368880
835.50000000      -172.12999338
835.75000000      -119.36073272
836.00000000      -378.86851941
836.25000000      -446.98334370
836.50000000      -282.11519584
836.75000000      155.68593393
837.00000000      124.80005531
837.25000000      155.65717800
837.50000000      272.41731171
837.75000000      129.06046609
838.00000000      154.55665080
838.25000000      161.96587548
838.50000000      235.64814976
838.75000000      -1.59651677
839.00000000      -28.39811451
839.25000000      53.46336612
839.50000000      25.89793467
839.75000000      40.83560068
840.00000000      163.01637368
840.25000000      148.96026317
840.50000000      117.57727866
840.75000000      -2.89257038
841.00000000      -38.22927449
841.25000000      -11.44282422
841.50000000      -216.21321014
841.75000000      -34.01042283
842.00000000      33.26554709
842.25000000      -111.53529097
842.50000000      70.95707233
842.75000000      181.82264636
843.00000000      266.54144046
843.25000000      51.92346393
843.50000000      -74.84127391
843.75000000      60.26723623
844.00000000      101.93900362
844.25000000      84.90403752
844.50000000      -37.78765283
844.75000000      -279.26605820
845.00000000      -273.87116938
845.25000000      -379.56297717
845.50000000      -156.97147239
845.75000000      -144.60664587
846.00000000      -5.39848847
846.25000000      -273.72699104
846.50000000      -269.53214447
846.75000000      -56.58393965
847.00000000      111.27763251
847.25000000      -311.96741891
847.50000000      31.93091514
847.75000000      -3.08735629
848.00000000      108.04777582
848.25000000      134.88632051
848.50000000      -73.18171325
848.75000000      3.37368355
849.00000000      -22.00748014
849.25000000      105.85480465
849.50000000      524.97054686
849.75000000      603.28975540
850.00000000      583.60243920
850.25000000      259.97860714
850.50000000      333.70826811
850.75000000      536.53143097
851.00000000      223.17810458
851.25000000      70.86829778
851.50000000      -59.66798062
851.75000000      14.87927819
852.00000000      105.31008302
852.25000000      211.56444262
852.50000000      153.58236578
852.75000000      227.78386124
853.00000000      879.14893774
853.25000000      1273.95760399
853.50000000      1719.76986870
853.75000000      2331.20574058
854.00000000      3552.89522828
854.25000000      5041.97834048
854.50000000      5964.55508583
854.75000000      6563.22547296
855.00000000      6198.48951049
855.25000000      5685.44720702
855.50000000      5721.09857116
855.75000000      5778.64361148
856.00000000      5501.68233654
856.25000000      5348.01475489
856.50000000      5123.74087508
856.75000000      4639.86070561
857.00000000      4104.77425500
857.25000000      3290.78153175
857.50000000      2595.68254433
857.75000000      2425.87730120
858.00000000      2319.24581083
858.25000000      1672.63808164
858.50000000      1357.86412207
858.75000000      1022.16394052
859.00000000      1105.04754540
859.25000000      1179.57494507
859.50000000      1091.32614792
859.75000000      1111.94116230
860.00000000      999.89999655
860.25000000      1322.33265899
860.50000000      1218.29915795
860.75000000      1142.78950173
861.00000000      1040.84369860
861.25000000      1212.32175685
861.50000000      1092.24368473
861.75000000      1048.55949050
862.00000000      1169.71918238
862.25000000      1168.40276859
862.50000000      1116.77025735
862.75000000      643.25165684
863.00000000      750.99697524
863.25000000      662.52622072
863.50000000      184.76940144
863.75000000      464.83652553
864.00000000      366.34760111
864.25000000      -0.13736369
864.50000000      74.11163922
864.75000000      337.90461793
865.00000000      403.09158051
865.25000000      231.52253502
865.50000000      652.94748951
865.75000000      1042.60645202
866.00000000      1017.77943056
866.25000000      953.39643314
866.50000000      1115.37746776
866.75000000      880.50254239
867.00000000      903.25166502
867.25000000      1001.43484359
867.50000000      1259.86208605
867.75000000      1324.25340032
868.00000000      1100.97879433
868.25000000      778.78827598
868.50000000      734.04185316
868.75000000      950.17953375
869.00000000      1196.98132561
869.25000000      1479.72723661
869.50000000      1863.38727457
869.75000000      2043.57144734
870.00000000      2595.37976271
870.25000000      2838.92222850
870.50000000      2639.20885250
870.75000000      2760.28964248
871.00000000      2936.76460620
871.25000000      3093.13375143
871.50000000      3167.89708589
871.75000000      3208.45461733
872.00000000      3361.50635344
872.25000000      3155.75230194
872.50000000      2934.29247051
872.75000000      2775.22686683
873.00000000      2329.82549856
873.25000000      2343.75837336
873.50000000      1965.28549887
873.75000000      2074.78688272
874.00000000      1836.01253252
874.25000000      2017.08245587
874.50000000      2009.21666037
874.75000000      1715.63515360
875.00000000      1482.26794311
875.25000000      1568.65503647
875.50000000      1688.96644122
875.75000000      1653.38216489
876.00000000      1797.97221500
876.25000000      1979.76659905
876.50000000      1904.14532453
876.75000000      2091.14839893
877.00000000      2002.23582972
877.25000000      1865.36762436
877.50000000      2109.08379028
877.75000000      1934.44433493
878.00000000      2090.76926573
878.25000000      2218.41859009
878.50000000      2234.28231540
878.75000000      2218.39044906
879.00000000      1858.60299843
879.25000000      1759.51997088
879.50000000      1763.85137376
879.75000000      1842.84721441
880.00000000      2023.77750016
