790.00000000      50.73006668
790.25000000      -15.95746697
790.50000000      7.52642525
790.75000000      -484.72824413
791.00000000      -276.07146262
791.25000000      -265.53321774
791.50000000      -204.57349705
791.75000000      -125.24228811
792.00000000      161.87042149
792.25000000      32.15464414
792.50000000      26.88039219
792.75000000      -24.25232201
793.00000000      88.37651386
793.25000000      184.53691210
793.50000000      -286.81111502
793.75000000      -317.30755523
794.00000000      -223.22239631
794.25000000      55.37437396
794.50000000      119.36276777
794.75000000      -78.80720272
795.00000000      -129.56552536
795.25000000      -197.84218802
795.50000000      -207.29717859
795.75000000      -293.60048500
796.00000000      -73.24209518
796.25000000      -44.86199709
796.50000000      -103.89017872
796.75000000      270.20337195
797.00000000      26.88866687
797.25000000      -159.14428199
797.50000000      239.43453731
797.75000000      -110.95486333
798.00000000      -84.16247201
798.25000000      32.88172314
798.50000000      116.28773397
798.75000000      -132.84442768
799.00000000      -126.37475001
799.25000000      -94.30322124
799.50000000      -38.28982958
799.75000000      308.30543670
800.00000000      226.26258933
800.25000000      347.47164002
800.50000000      186.53260045
800.75000000      203.27548229
801.00000000      140.47029719
801.25000000      444.10705676
801.50000000      233.18577261
801.75000000      413.14645632
802.00000000      197.29911946
802.25000000      318.64377357
802.50000000      70.86043017
802.75000000      92.38910076
803.00000000      223.99979684
803.25000000      9.37252985
803.50000000      -93.60268876
803.75000000      -108.32584756
804.00000000      -563.98693516
804.25000000      -581.76594016
804.50000000      -496.83285122
804.75000000      102.79234302
805.00000000      79.55965387
805.25000000      119.54909264
805.50000000      -175.17932938
805.75000000      -244.82560094
806.00000000      -79.72971078
806.25000000      96.27835231
806.50000000      145.95859954
806.75000000      -80.83895791
807.00000000      -181.77430886
807.25000000      -145.36744217
807.50000000      -151.35834672
807.75000000      -255.98701139
808.00000000      119.54657490
808.25000000      179.39242322
808.50000000      87.43054462
808.75000000      -42.40904986
809.00000000      -37.23634922
809.25000000      -76.69134246
809.50000000      122.31598138
809.75000000      -165.25436672
810.00000000      -234.54237585
810.25000000      -45.06803508
810.50000000      -35.41133351
810.75000000      -112.32226027
811.00000000      75.79919550
811.25000000      54.15304465
811.50000000      -242.31070201
811.75000000      -63.72203367
812.00000000      -333.83093954
812.25000000      -331.52740885
812.50000000      -89.23143087
812.75000000      365.41700514
813.00000000      269.96790989
813.25000000      208.98129407
813.50000000      433.97716835
813.75000000      254.65554340
814.00000000      -94.62357016
814.25000000      -74.41016170
814.50000000      50.82577937
814.75000000      173.62426364
815.00000000      480.08530167
815.25000000      409.58890401
815.50000000      -79.43491882
815.75000000      -205.66615630
816.00000000      -134.54479795
816.25000000      -88.07083330
816.50000000      20.89574812
816.75000000      95.15495674
817.00000000      3.10680297
817.25000000      -100.34870277
817.50000000      -362.90155011
817.75000000      -80.50172869
818.00000000      12.69077185
818.25000000      82.14596184
818.50000000      -122.88614842
818.75000000      -117.25554862
819.00000000      309.19777151
819.25000000      248.46382222
819.50000000      -62.71738623
819.75000000      114.12415637
820.00000000      229.71846023
820.25000000      150.21553554
820.50000000      242.07539247
820.75000000      429.88804118
821.00000000      89.99349180
821.25000000      229.58175445
821.50000000      -55.30716076
821.75000000      -184.62324376
822.00000000      -114.38648446
822.25000000      90.88312717
822.50000000      255.43560117
822.75000000      423.99094756
823.00000000      544.02917634
823.25000000      539.52029749
823.50000000      340.48432097
823.75000000      131.71125673
824.00000000      220.35111470
824.25000000      437.78390481
824.50000000      99.92963693
824.75000000      198.09832097
825.00000000      -34.41003323
825.25000000      -119.53541582
825.50000000      -355.50781695
825.75000000      -296.89722683
826.00000000      -93.49363565
826.25000000      302.54296636
826.50000000      453.31258897
826.75000000      351.93524193
827.00000000      108.96093497
827.25000000      128.73967779
827.50000000      149.76148011
827.75000000      31.59635159
828.00000000      -1.77569810
828.25000000      -45.25465930
828.50000000      280.41947761
828.75000000      151.66672225
829.00000000      -336.01291579
829.25000000      -199.59942692
829.50000000      -114.29280157
829.75000000      -9.99303019
830.00000000      -130.93010325
830.25000000      -330.73401124
830.50000000      -267.86474464
830.75000000      -0.51229398
831.00000000      114.33335022
831.25000000      375.55219742
831.50000000      337.41425704
831.75000000      332.74953851
832.00000000      355.80805123
832.25000000      403.51980461
832.50000000      52.67480801
832.75000000      -281.34692922
833.00000000      -212.86539772
833.25000000      -137.50058817
833.50000000      -106.83249126
833.75000000      -79.17109770
834.00000000      -34.17639819
834.25000000      -79.30838349
834.50000000      1.62295566
834.75000000      356.48762850
835.00000000      223.39564423
835.25000000      184.63701207
835.50000000      198.36174120
835.75000000      -128.23015921
836.00000000      -241.09868000
836.25000000      -262.57381204
836.50000000      -336.06554619
836.75000000      -136.62387336
837.00000000      -206.86878443
837.25000000      -119.37027034
837.50000000      -115.96832203
837.75000000      32.31706957
838.00000000      -119.54408652
838.25000000      -313.49178128
838.50000000      -226.16600570
838.75000000      -186.76675081
839.00000000      -111.92400761
839.25000000      -364.41776717
839.50000000      -608.33802052
839.75000000      -411.75475875
840.00000000      -547.92797294
840.25000000      -384.33765419
840.50000000      -150.07379362
840.75000000      162.10361764
841.00000000      123.41458844
841.25000000      87.84912763
841.50000000      128.72724402
841.75000000      -23.42105356
842.00000000      -234.49575634
842.25000000      -407.64685552
842.50000000      -444.50434234
842.75000000      -344.98820805
843.00000000      -115.61844392
843.25000000      50.41495878
843.50000000      -47.69799124
843.75000000      -49.93728529
844.00000000      125.38708530
844.25000000      150.00512921
844.50000000      163.96685508
844.75000000      31.14227154
845.00000000      -97.80861278
845.25000000      -12.84578927
845.50000000      -205.59924935
845.75000000      32.42101557
846.00000000      174.28501404
846.25000000      389.61275463
846.50000000      635.46424585
846.75000000      435.06949624
847.00000000      40.58851430
847.25000000      -83.99869147
847.50000000      108.55788740
847.75000000      244.19825938
848.00000000      -26.00756709
848.25000000      -9.50958355
848.50000000      -34.91778160
848.75000000      -179.70215282
849.00000000      -20.42268882
849.25000000      90.10061879
849.50000000      -5.12222163
849.75000000      1.85879828
850.00000000      -9.16631315
850.25000000      90.87245241
850.50000000      220.26510327
850.75000000      42.75164773
851.00000000      98.06209408
851.25000000      394.41645059
851.50000000      567.54472551
851.75000000      462.75692709
852.00000000      367.85306356
852.25000000      377.77314313
852.50000000      344.45717401
852.75000000      657.32516439
853.00000000      813.35712245
853.25000000      1076.83305634
853.50000000      1371.31297421
853.75000000      1853.46688421
854.00000000      3339.77479445
854.25000000      4644.52671305
854.50000000      6024.77264810
854.75000000      6898.11260767
855.00000000      7074.04659985
855.25000000      6734.67463268
855.50000000      6209.99671422
855.75000000      6087.21285248
856.00000000      5848.92305549
856.25000000      5592.92733124
856.50000000      4869.32568774
856.75000000      4220.11813295
857.00000000      4238.70467484
857.25000000      3617.38532136
857.50000000      3299.96008044
857.75000000      2910.82896002
858.00000000      2747.89196801
858.25000000      2181.93911230
858.50000000      2060.84040077
858.75000000      1671.81584131
859.00000000      1344.37544178
859.25000000      984.57921001
859.50000000      779.00715385
859.75000000      842.29928111
860.00000000      793.93559961
860.25000000      792.04611715
860.50000000      808.69084149
860.75000000      935.85978043
861.00000000      608.59294170
861.25000000      675.75033307
861.50000000      682.35196226
861.75000000      475.34783699
862.00000000      689.18796497
862.25000000      842.55235390
862.50000000      852.60101145
862.75000000      857.76394530
863.00000000      784.19116311
863.25000000      596.40267252
863.50000000      704.32848116
863.75000000      755.07859665
864.00000000      730.27302661
864.25000000      376.47177862
864.50000000      324.40486028
864.75000000      396.88227914
865.00000000      396.75404277
865.25000000      818.87015872
865.50000000      1351.98063452
865.75000000      1078.32547769
866.00000000      668.18469574
866.25000000      1014.48829618
866.50000000      1182.15628647
866.75000000      1553.96867410
867.00000000      1221.40546653
867.25000000      806.27667121
867.50000000      977.39229557
867.75000000      672.47234704
868.00000000      837.88683304
868.25000000      1267.38576095
868.50000000      1277.32913818
868.75000000      1292.15697209
869.00000000      1670.64927006
869.25000000      1760.08603944
869.50000000      1976.43728756
869.75000000      1954.31302177
870.00000000      2237.81324936
870.25000000      2535.05797766
870.50000000      3000.02721395
870.75000000      3154.80096552
871.00000000      3121.96923964
871.25000000      3236.03204357
871.50000000      3500.48938454
871.75000000      3636.74126981
872.00000000      3540.48770659
872.25000000      3461.42870209
872.50000000      2995.68426352
872.75000000      3166.29439806
873.00000000      2650.58911289
873.25000000      2427.21841518
873.50000000      2141.44231208
873.75000000      2245.64081073
874.00000000      2063.56391827
874.25000000      2092.33164182
874.50000000      2138.16398847
874.75000000      2097.28096534
875.00000000      2197.61257951
875.25000000      1969.69883804
875.50000000      1885.70974801
875.75000000      2247.82531646
876.00000000      2313.11555044
876.25000000      1573.61045697
876.50000000      1397.69004307
876.75000000      1505.39431575
877.00000000      1921.18328201
877.25000000      1755.01694882
877.50000000      1696.43532316
877.75000000      1476.49841199
878.00000000      1615.52622226
878.25000000      1850.87876092
878.50000000      1959.44603488
878.75000000      2419.25805108
879.00000000      2611.17481640
879.25000000      2220.79633776
879.50000000      2020.83262203
879.75000000      1969.53367608
880.00000000      2045.16950678
