790.00000000      520.71750105
790.25000000      365.68764044
790.50000000      341.82986422
790.75000000      -36.76581634
791.00000000      -339.44939000
791.25000000      -136.25084554
791.50000000      122.36982825
791.75000000      -205.63735744
792.00000000      -464.86239146
792.25000000      256.08473734
792.50000000      190.47404009
792.75000000      -119.99447210
793.00000000      -127.70078815
793.25000000      -196.87489699
793.50000000      -93.55678758
793.75000000      -314.38644887
794.00000000      -185.63386986
794.25000000      131.63096044
794.50000000      -89.71194700
794.75000000      -322.21258121
795.00000000      -248.30093128
795.25000000      -302.90698627
795.50000000      -31.69073530
795.75000000      -11.32216748
796.00000000      167.70872804
796.25000000      115.76196210
796.50000000      9.40754553
796.75000000      -159.82451087
797.00000000      -409.46419631
797.25000000      -402.82150004
797.50000000      -640.56641129
797.75000000      -325.27891935
798.00000000      15.19098649
798.25000000      89.91331694
798.50000000      281.99808266
798.75000000      446.54529431
799.00000000      419.69496252
799.25000000      127.44709791
799.50000000      249.14171109
799.75000000      484.41881264
800.00000000      525.05841311
800.25000000      535.95052306
800.50000000      127.69515302
800.75000000      -39.87768652
801.00000000      461.00201496
801.25000000      115.32426790
801.50000000      -31.91091721
801.75000000      -158.26352996
802.00000000      -313.42355992
802.25000000      -544.39099668
802.50000000      -342.48582987
802.75000000      -330.26804911
803.00000000      -153.96764406
803.25000000      -47.90460439
803.50000000      37.81108021
803.75000000      -27.22057995
804.00000000      255.81042539
804.25000000      177.72410650
804.50000000      -33.64952637
804.75000000      109.66953699
805.00000000      -17.86869321
805.25000000      14.81579324
805.50000000      140.78300649
805.75000000      388.83295670
806.00000000      257.62565401
806.25000000      -155.66889145
806.50000000      101.70933041
806.75000000      170.61032969
807.00000000      175.37411645
807.25000000      124.48070075
807.50000000      -141.80990739
807.75000000      15.26230206
808.00000000      -209.50266090
808.25000000      -230.95478629
808.50000000      -50.21406413
808.75000000      -160.35048449
809.00000000      -260.47403743
809.25000000      -166.22471303
809.50000000      -49.51250139
809.75000000      140.62260737
810.00000000      105.04062312
810.25000000      -185.77844430
810.50000000      -360.41458505
810.75000000      -276.61778931
811.00000000      35.21195270
811.25000000      97.27465078
811.50000000      158.52031469
811.75000000      266.81895418
812.00000000      566.42057898
812.25000000      534.43519882
812.50000000      235.44282338
812.75000000      65.80346235
813.00000000      -64.93287460
813.25000000      -102.20617782
813.50000000      -17.49643767
813.75000000      141.89635545
814.00000000      292.33221117
814.25000000      208.26113905
814.50000000      -178.78685133
814.75000000      -350.27175042
815.00000000      -160.09354867
815.25000000      20.12776342
815.50000000      210.82219537
815.75000000      161.30975667
816.00000000      114.15045678
816.25000000      -55.65569483
816.50000000      -113.96868873
816.75000000      173.01148452
817.00000000      392.68483432
817.25000000      219.95137006
817.50000000      164.12110113
817.75000000      112.24403688
818.00000000      -52.83981334
818.25000000      -441.66044020
818.50000000      -624.96783438
818.75000000      -491.61198659
819.00000000      -440.43288753
819.25000000      -10.44052795
819.50000000      -142.89489859
819.75000000      -165.32599022
820.00000000      -211.00379360
820.25000000      -197.77829954
820.50000000      -46.18949885
820.75000000      -98.63738235
821.00000000      -468.81194087
821.25000000      -275.49316528
821.50000000      121.34895355
821.75000000      13.76442474
822.00000000      -54.26674262
822.25000000      41.73546057
822.50000000      182.02104336
822.75000000      442.31001482
823.00000000      186.08238397
823.25000000      92.30815985
823.50000000      433.00735145
823.75000000      252.96996778
824.00000000      74.34601781
824.25000000      -34.48448950
824.50000000      64.39845480
824.75000000      41.30485965
825.00000000      -397.46526604
825.25000000      -363.85191337
825.50000000      -272.08507344
825.75000000      -198.73473738
826.00000000      -97.59089634
826.25000000      81.18645853
826.50000000      181.69733607
826.75000000      141.06174507
827.00000000      -30.17030565
827.25000000      35.35119270
827.50000000      284.11624887
827.75000000      217.69487162
828.00000000      156.06706971
828.25000000      264.33285185
828.50000000      130.75222676
828.75000000      335.74520314
829.00000000      244.81178966
829.25000000      131.97199501
829.50000000      87.02582783
829.75000000      -185.92670323
830.00000000      -246.11558956
830.25000000      -189.17082252
830.50000000      -81.55239354
830.75000000      408.54970598
831.00000000      508.14548460
831.25000000      530.11495088
831.50000000      101.72811337
831.75000000      -135.18501942
832.00000000      161.62556103
832.25000000      227.08986322
832.50000000      85.99789564
832.75000000      8.72966675
833.00000000      34.96518501
833.25000000      58.08445887
833.50000000      32.50749675
833.75000000      -153.07569293
834.00000000      -312.32510178
834.25000000      -356.70072139
834.50000000      -151.01254341
834.75000000      247.60944054
835.00000000      283.27523879
835.25000000      285.27485968
835.50000000      170.75831152
835.75000000      64.92560263
836.00000000      -315.18325872
836.25000000      -506.89826423
836.50000000      -474.62940565
836.75000000      -237.42667472
837.00000000      228.08993678
837.25000000      176.35043709
837.50000000      245.51483441
837.75000000      246.56313694
838.00000000      186.46535286
838.25000000      354.28149034
838.50000000      371.37155755
838.75000000      183.53556261
839.00000000      -45.85648634
839.25000000      -179.58458119
839.50000000      -166.73871382
839.75000000      28.61112384
840.00000000      -24.79506013
840.25000000      -181.43725766
840.50000000      -39.40546071
840.75000000      -23.45966123
841.00000000      -7.37985121
841.25000000      -64.17602263
841.50000000      29.47183250
841.75000000      -109.90627783
842.00000000      -313.21034565
842.25000000      -413.59036301
842.50000000      -33.67632195
842.75000000      211.61178545
843.00000000      171.75396711
843.25000000      -171.43976906
843.50000000      -292.77941517
843.75000000      -255.24496334
844.00000000      58.85359431
844.25000000      -181.75373438
844.50000000      -8.01694156
844.75000000      -117.06601941
845.00000000      -51.24096010
845.25000000      143.49824417
845.50000000      124.52160118
845.75000000      -28.68088128
846.00000000      -205.03919544
846.25000000      -254.93333356
846.50000000      -118.30328790
846.75000000      99.08094928
847.00000000      -40.62061430
847.25000000      -74.42797096
847.50000000      -71.09111299
847.75000000      -141.67003272
848.00000000      85.90527751
848.25000000      482.18482537
848.50000000      459.55861849
848.75000000      322.55666450
849.00000000      155.61897101
849.25000000      -8.07445437
849.50000000      -268.51360404
849.75000000      -211.74847044
850.00000000      -367.98904599
850.25000000      -442.16532314
850.50000000      -171.98729435
850.75000000      9.28504792
851.00000000      -71.61828882
851.25000000      -221.47729706
851.50000000      -193.56196932
851.75000000      140.43770190
852.00000000      77.32172407
852.25000000      160.03010463
852.50000000      85.50285104
852.75000000      557.15997073
853.00000000      809.98147112
853.25000000      1196.24735962
853.50000000      2051.51764363
853.75000000      2741.41233053
854.00000000      4047.56142770
854.25000000      5461.10494250
854.50000000      7360.14288227
854.75000000      7784.27525437
855.00000000      7272.00206611
855.25000000      6728.42332480
855.50000000      6121.53903776
855.75000000      5622.54921228
856.00000000      5655.05385562
856.25000000      5306.85297507
856.50000000      4674.04657787
856.75000000      3718.63467127
857.00000000      3716.01726251
857.25000000      3435.49435880
857.50000000      2962.86596736
857.75000000      2558.56209538
858.00000000      2133.37275004
858.25000000      1826.23793854
858.50000000      1502.93766802
858.75000000      1080.71194564
859.00000000      816.07077854
859.25000000      585.07417386
859.50000000      807.30213870
859.75000000      843.39468017
860.00000000      774.83180537
860.25000000      778.74352139
860.50000000      854.18983530
860.75000000      833.16075415
861.00000000      677.69628499
861.25000000      507.65643487
861.50000000      515.06121082
861.75000000      740.86061984
862.00000000      743.50466895
862.25000000      673.67336513
862.50000000      466.52671538
862.75000000      506.49472665
863.00000000      340.72740592
863.25000000      540.74476013
863.50000000      559.47679622
863.75000000      742.03352111
864.00000000      909.03494173
864.25000000      837.04106498
864.50000000      611.78189775
864.75000000      538.06744692
865.00000000      867.74771937
865.25000000      646.67272197
865.50000000      534.59246155
865.75000000      374.74694496
866.00000000      434.41617903
866.25000000      733.53017057
866.50000000      752.00892640
866.75000000      776.63245330
867.00000000      661.88075807
867.25000000      648.56384748
867.50000000      1016.49172830
867.75000000      1129.38440727
868.00000000      1323.61189114
868.25000000      1255.92418664
868.50000000      1187.68130049
868.75000000      1554.32323941
869.00000000      1731.63001008
869.25000000      1986.88161922
869.50000000      1846.04807348
869.75000000      1675.73937954
870.00000000      2068.05554406
870.25000000      2476.11657368
870.50000000      2682.92247504
870.75000000      2711.45325477
871.00000000      2880.51891949
871.25000000      3166.35947579
871.50000000      3126.63493027
871.75000000      3125.70528953
872.00000000      2994.27056012
872.25000000      3074.03074862
872.50000000      2977.08586158
872.75000000      2882.56590554
873.00000000      2501.65088703
873.25000000      2014.10081258
873.50000000      1693.14568870
873.75000000      1567.16552189
874.00000000      1515.91031865
874.25000000      1940.50008545
874.50000000      2064.15482876
874.75000000      2018.09455506
875.00000000      2241.24927078
875.25000000      2056.15898236
875.50000000      2023.99369625
875.75000000      1712.93341886
876.00000000      1691.04815660
876.25000000      1847.36791587
876.50000000      1883.27270306
876.75000000      1623.80252455
877.00000000      1572.41738672
877.25000000      1710.07729592
877.50000000      1836.32225850
877.75000000      1459.21228081
878.00000000      1612.06736917
878.25000000      2050.24752991
878.50000000      2008.64276934
878.75000000      2174.28309375
879.00000000      2025.02850944
879.25000000      1896.47902268
879.50000000      1882.34463976
879.75000000      1722.87536694
880.00000000      1835.34121045
