790.00000000      171.60609153
790.25000000      275.27331755
790.50000000      274.11333285
790.75000000      330.21614732
791.00000000      -24.76822921
791.25000000      -163.86978688
791.50000000      126.45148411
791.75000000      243.14559358
792.00000000      -35.37744869
792.25000000      -9.72763293
792.50000000      87.36505061
792.75000000      98.60061169
793.00000000      -208.40093999
793.25000000      -750.86959472
793.50000000      -663.84534281
793.75000000      -303.96817458
794.00000000      329.49191962
794.25000000      190.46494943
794.50000000      191.83092448
794.75000000      -21.96014563
795.00000000      -514.33825130
795.25000000      -233.23338296
795.50000000      -79.30553104
795.75000000      -67.22468601
796.00000000      101.51916167
796.25000000      94.28602150
796.50000000      -45.35409701
796.75000000      242.12881561
797.00000000      360.20476883
797.25000000      502.56377209
797.50000000      196.53583484
797.75000000      182.54096648
798.00000000      358.72917642
798.25000000      176.17047405
798.50000000      280.97486873
798.75000000      284.24236982
799.00000000      296.11298665
799.25000000      83.58672856
799.50000000      198.00360484
799.75000000      297.00362479
800.00000000      554.36679769
800.25000000      574.98313280
800.50000000      57.45263937
800.75000000      46.60532662
801.00000000      -19.78879624
801.25000000      65.26028001
801.50000000      -221.24743545
801.75000000      41.12806653
802.00000000      117.69679513
802.25000000      -90.54124053
802.50000000      -153.90603132
802.75000000      -215.95756814
803.00000000      -147.92584188
803.25000000      -210.13084346
803.50000000      -29.68256384
803.75000000      -172.98099395
804.00000000      -266.21612477
804.25000000      -170.56794728
804.50000000      127.79354753
804.75000000      118.84836865
805.00000000      180.04652504
805.25000000      256.46802567
805.50000000      267.17287948
805.75000000      -4.03890459
806.00000000      84.49268235
806.25000000      482.93764923
806.50000000      273.05600491
806.75000000      85.69775827
807.00000000      55.20291816
807.25000000      15.05149343
807.50000000      158.50349290
807.75000000      425.31892539
808.00000000      40.29779969
808.25000000      -401.40987542
808.50000000      -349.92409116
808.75000000      -144.31483879
809.00000000      -23.69210957
809.25000000      -306.69589476
809.50000000      -71.23618566
809.75000000      -393.35297357
810.00000000      -533.18624981
810.25000000      -311.25600572
810.50000000      -278.14223263
810.75000000      -505.59492192
811.00000000      -460.01406494
811.25000000      -291.19965310
811.50000000      -367.20167780
811.75000000      -223.15013045
812.00000000      -292.79500249
812.25000000      -294.02628535
812.50000000      -388.26397051
812.75000000      -255.14804943
813.00000000      -210.12851360
813.25000000      -286.64535452
813.50000000      -152.17856372
813.75000000      -165.02813270
814.00000000      115.16594697
814.25000000      340.85368375
814.50000000      82.56508606
814.75000000      -27.15983769
815.00000000      76.77892092
815.25000000      362.76137027
815.50000000      182.21751872
815.75000000      104.46737465
816.00000000      -288.92905360
816.25000000      -396.97175769
816.50000000      -192.52072932
816.75000000      156.22403984
817.00000000      -126.33744193
817.25000000      -23.30516636
817.50000000      -143.36912516
817.75000000      21.52068990
818.00000000      83.20428707
818.25000000      -269.84832542
818.50000000      -391.38713937
818.75000000      -335.26214658
819.00000000      21.68666114
819.25000000      -240.55070804
819.50000000      -427.23424595
819.75000000      19.10605553
820.00000000      236.20020455
820.25000000      266.19820923
820.50000000      125.56007767
820.75000000      -131.12418204
821.00000000      -95.51456181
821.25000000      92.57894641
821.50000000      417.19635069
821.75000000      527.38765907
822.00000000      509.13287956
822.25000000      365.91202018
822.50000000      140.97508895
822.75000000      225.04209383
823.00000000      634.59304282
823.25000000      213.59794386
823.50000000      -305.92319508
823.75000000      -339.18036607
824.00000000      137.97643880
824.25000000      19.92722746
824.50000000      -95.40799220
824.75000000      -101.71921229
825.00000000      -120.70642495
825.25000000      132.69037770
825.50000000      395.24120349
825.75000000      482.37606026
826.00000000      456.30495583
826.25000000      357.86789802
826.50000000      47.16489461
826.75000000      143.31595340
827.00000000      17.87108216
827.25000000      -214.81971137
827.50000000      -88.26641942
827.75000000      -85.89903426
828.00000000      -65.73754818
828.25000000      -195.68195347
828.50000000      -246.47224241
828.75000000      -453.68840735
829.00000000      -237.83044059
829.25000000      94.12166552
829.50000000      9.96791863
829.75000000      71.80832637
830.00000000      234.41289636
830.25000000      128.15163623
830.50000000      62.56455355
830.75000000      -16.53834407
831.00000000      -109.14704906
831.25000000      -253.38155386
831.50000000      -119.97185093
831.75000000      47.91206728
832.00000000      -35.47979171
832.25000000      218.78257962
832.50000000      342.48918877
832.75000000      307.02004322
833.00000000      265.05515046
833.25000000      295.97451795
833.50000000      366.19815315
833.75000000      201.41606349
834.00000000      -66.03174359
834.25000000      -214.60526067
834.50000000      -465.11448035
834.75000000      -221.68939524
835.00000000      -581.21999795
835.25000000      -337.41628110
835.50000000      -312.12823735
835.75000000      -404.15585934
836.00000000      -484.45913973
836.25000000      -314.36807121
836.50000000      -42.29264646
836.75000000      187.71714182
837.00000000      1.04130092
837.25000000      -59.89016188
837.50000000      -162.91723932
837.75000000      -136.05992414
838.00000000      -204.34820911
838.25000000      -190.72208698
838.50000000      -368.82155053
838.75000000      -0.84659257
839.00000000      105.57279411
839.25000000      -61.34338331
839.50000000      -135.68511765
839.75000000      108.47759825
840.00000000      -166.11522846
840.25000000      -67.94359064
840.50000000      -17.09748116
840.75000000      -145.33689290
841.00000000      -244.44181876
841.25000000      25.57774837
841.50000000      135.04181555
841.75000000      130.48038987
842.00000000      199.99347838
842.25000000      161.43108814
842.50000000      119.16322619
842.75000000      147.26989955
843.00000000      137.23111524
843.25000000      -96.14311974
843.50000000      7.33720162
843.75000000      38.69208629
844.00000000      208.61154124
844.25000000      498.82557344
844.50000000      106.38418984
844.75000000      -110.84260262
845.00000000      3.80520298
845.25000000      -131.63238643
845.50000000      144.21463605
845.75000000      151.83627732
846.00000000      216.30254426
846.25000000      260.23344374
846.50000000      143.68898264
846.75000000      37.89916779
847.00000000      -29.97599395
847.25000000      51.04350425
847.50000000      733.20766920
847.75000000      415.45650771
848.00000000      140.86002659
848.25000000      46.96823262
848.50000000      35.17113259
848.75000000      61.99873324
849.00000000      47.89104135
849.25000000      -99.97193634
849.50000000      -292.58019309
849.75000000      -187.98372219
850.00000000      8.60748308
850.25000000      -77.73657057
850.50000000      -272.72587645
850.75000000      -433.62042788
851.00000000      -235.69021818
851.25000000      34.28475930
851.50000000      -87.96548879
851.75000000      -206.13095580
852.00000000      98.58836490
852.25000000      220.13247993
852.50000000      154.44139589
852.75000000      452.93511940
853.00000000      859.59365702
853.25000000      1040.69701535
853.50000000      1374.80520096
853.75000000      2304.53822039
854.00000000      3494.52608021
854.25000000      4694.90878694
854.50000000      6023.78634712
854.75000000      6513.75876725
855.00000000      6356.32605386
855.25000000      6331.58821344
855.50000000      6126.54525246
855.75000000      5867.39717742
856.00000000      5853.74399478
856.25000000      5282.38571099
856.50000000      4961.42233250
856.75000000      4573.85386574
857.00000000      3844.08031716
857.25000000      3079.40169315
857.50000000      2341.61800013
857.75000000      2037.15924449
858.00000000      2091.81543263
858.25000000      1905.52657091
858.50000000      1714.07266571
858.75000000      1612.69372339
859.00000000      1404.89975028
859.25000000      1047.75075273
859.50000000      751.82673706
859.75000000      868.76770960
860.00000000      912.05367664
860.25000000      813.81464450
860.50000000      666.11061945
860.75000000      683.93160778
861.00000000      456.31761576
861.25000000      318.12864964
861.50000000      345.38471567
861.75000000      226.03582010
862.00000000      438.53196915
862.25000000      563.55316905
862.50000000      657.25942601
862.75000000      698.08074622
863.00000000      784.16713589
863.25000000      759.03860119
863.50000000      751.62514829
863.75000000      691.03678336
864.00000000      463.89351256
864.25000000      177.75534202
864.50000000      272.35227788
864.75000000      755.49432627
865.00000000      748.03149331
865.25000000      473.81378509
865.50000000      624.59120772
865.75000000      677.60376729
866.00000000      590.13146987
866.25000000      773.10432154
866.50000000      862.44232834
866.75000000      640.92549634
867.00000000      480.03383158
867.25000000      593.57734007
867.50000000      540.36602786
867.75000000      617.11990095
868.00000000      755.20896535
868.25000000      888.38322704
868.50000000      684.00269203
868.75000000      1152.50736627
869.00000000      1567.67725575
869.25000000      1588.79236641
869.50000000      1572.82270422
869.75000000      1344.37827510
870.00000000      1379.55908499
870.25000000      1694.48513981
870.50000000      2347.15644547
870.75000000      2617.59300788
871.00000000      2902.44483293
871.25000000      3077.19192651
871.50000000      3307.33429450
871.75000000      3098.27194275
872.00000000      3347.70487714
872.25000000      2993.33310350
872.50000000      2801.25662769
872.75000000      2753.57545553
873.00000000      2611.55959284
873.25000000      2058.87904544
873.50000000      2022.79381914
873.75000000      2104.68391973
874.00000000      2131.29935300
874.25000000      1891.76012473
874.50000000      2040.28624069
874.75000000      2187.09770663
875.00000000      1722.12452832
875.25000000      1692.90671149
875.50000000      2188.61426188
875.75000000      2092.42718521
876.00000000      1895.41548721
876.25000000      1680.60917358
876.50000000      1689.38825003
876.75000000      1746.79272224
877.00000000      1747.28259589
877.25000000      1459.81787666
877.50000000      1405.93857022
877.75000000      1532.70468223
878.00000000      1398.43621832
878.25000000      1605.49318415
878.50000000      2040.76558533
878.75000000      1751.28342750
879.00000000      1540.90671628
879.25000000      1396.23545725
879.50000000      1583.97965603
879.75000000      1799.38931820
880.00000000      1797.73444933
