790.00000000      -91.11016946
790.25000000      -300.42026673
790.50000000      -232.55767917
790.75000000      -124.43239669
791.00000000      23.60559080
791.25000000      -194.47370664
791.50000000      -243.13027896
791.75000000      -100.41411613
792.00000000      -325.91520814
792.25000000      -384.24354498
792.50000000      -0.12911669
792.75000000      -190.87191329
793.00000000      -92.85192484
793.25000000      -185.29914141
793.50000000      -408.25355308
793.75000000      22.64485002
794.00000000      242.12607780
794.25000000      377.12014011
794.50000000      18.50704679
794.75000000      51.73680767
795.00000000      83.37943257
795.25000000      -205.49506871
795.50000000      -222.54668641
795.75000000      -254.44541075
796.00000000      -398.68123199
796.25000000      -387.89414040
796.50000000      -209.51412626
796.75000000      -232.01117988
797.00000000      -274.91529157
797.25000000      -45.53645168
797.50000000      -146.54465055
797.75000000      -85.51987856
798.00000000      207.68787392
798.25000000      19.14861649
798.50000000      21.97235873
798.75000000      97.25911020
799.00000000      183.14888046
799.25000000      386.64167904
799.50000000      240.07751546
799.75000000      416.09639923
800.00000000      100.47833984
800.25000000      253.11334675
800.50000000      323.60142942
800.75000000      238.77259729
801.00000000      605.39685979
801.25000000      600.46422632
801.50000000      590.97470628
801.75000000      673.36830905
802.00000000      681.95504398
802.25000000      569.73492042
802.50000000      484.38794770
802.75000000      188.35413513
803.00000000      60.40349202
803.25000000      -191.78397235
803.50000000      -116.31824872
803.75000000      -297.59932784
804.00000000      -385.81720045
804.25000000      -135.15185736
804.50000000      -38.77328934
804.75000000      -346.70148720
805.00000000      -166.48644178
805.25000000      -42.04814392
805.50000000      -35.32658446
805.75000000      -132.52175427
806.00000000      -24.97364425
806.25000000      -110.51224530
806.50000000      -231.37754832
806.75000000      -113.71954425
807.00000000      -350.19822404
807.25000000      -283.33357865
807.50000000      -337.86559905
807.75000000      -307.03427623
808.00000000      56.96039879
808.25000000      23.26843501
808.50000000      8.76984137
808.75000000      371.39462684
809.00000000      541.03280034
809.25000000      299.04437080
809.50000000      168.51934712
809.75000000      -109.58226181
810.00000000      -289.40044711
810.25000000      -168.45519993
810.50000000      -20.32651141
810.75000000      84.23562727
811.00000000      68.83122493
811.25000000      -5.33970963
811.50000000      -151.32716761
811.75000000      -187.26114026
812.00000000      -299.89161880
812.25000000      -317.10859449
812.50000000      -307.33205861
812.75000000      -220.20200243
813.00000000      66.83158273
813.25000000      -98.67129442
813.50000000      -50.19062522
813.75000000      -15.02640102
814.00000000      29.18138684
814.25000000      -180.11725302
814.50000000      -433.39231199
814.75000000      -347.10378145
815.00000000      -121.15165283
815.25000000      198.84408245
815.50000000      350.31343294
815.75000000      156.57640719
816.00000000      272.19301374
816.25000000      293.16326109
816.50000000      246.62715776
816.75000000      341.38471222
817.00000000      191.83593295
817.25000000      -81.11917158
817.50000000      -175.17059293
817.75000000      -263.26832266
818.00000000      -95.57235237
818.25000000      287.38732637
818.50000000      -189.13927807
818.75000000      -289.00215730
819.00000000      -94.04130295
819.25000000      88.73329331
819.50000000      246.06163983
819.75000000      276.41374493
820.00000000      309.51961693
820.25000000      7.52926411
820.50000000      -90.09730524
820.75000000      -77.77008286
821.00000000      -557.14906048
821.25000000      -436.04422987
821.50000000      -163.41558279
821.75000000      -337.21311104
822.00000000      -346.45680641
822.25000000      50.33333928
822.50000000      94.40733422
822.75000000      -124.51481344
823.00000000      218.04690445
823.25000000      -125.93750397
823.50000000      -48.44803059
823.75000000      241.30533271
824.00000000      357.47259402
824.25000000      -53.56623858
824.50000000      -29.89115702
824.75000000      141.80784676
825.00000000      262.83078080
825.25000000      379.23765312
825.50000000      150.79847175
825.75000000      -37.05675531
826.00000000      76.88197992
826.25000000      199.45468543
826.50000000      556.76136919
826.75000000      661.92203913
827.00000000      535.48670320
827.25000000      384.80536933
827.50000000      198.36804543
827.75000000      27.74473940
828.00000000      88.91545912
828.25000000      269.98021248
828.50000000      219.19900732
828.75000000      26.99185151
829.00000000      87.85875288
829.25000000      448.81971924
829.50000000      482.67475842
829.75000000      344.52387821
830.00000000      158.13708640
830.25000000      -181.11560924
830.50000000      -386.69420096
830.75000000      -134.78868099
831.00000000      -126.38904161
831.25000000      127.38472490
831.50000000      349.80262626
831.75000000      333.69467017
832.00000000      343.31086431
832.25000000      88.58121636
832.50000000      -244.70426603
832.75000000      -219.16557521
833.00000000      -109.12270353
833.25000000      144.80435662
833.50000000      274.03561285
833.75000000      74.26107277
834.00000000      71.82074397
834.25000000      -213.74536599
834.50000000      -389.24724953
834.75000000      -126.81489911
835.00000000      203.66169280
835.25000000      -25.52746625
835.50000000      41.76763124
835.75000000      230.74699277
836.00000000      235.45062583
836.25000000      -97.45146209
836.50000000      217.63073647
836.75000000      174.64722896
837.00000000      331.97802282
837.25000000      315.05312550
837.50000000      142.03254439
837.75000000      98.89628692
838.00000000      -9.38563952
838.25000000      294.24677244
838.50000000      324.15353018
838.75000000      116.13464107
839.00000000      -224.43988756
839.25000000      -362.35004837
839.50000000      -308.68583402
839.75000000      -413.51723722
840.00000000      -258.10425066
840.25000000      -178.92686705
840.50000000      -274.07507911
840.75000000      -182.30887957
841.00000000      -58.40826119
841.25000000      -186.38321672
841.50000000      -244.91373893
841.75000000      -324.46982060
842.00000000      -290.95145452
842.25000000      -266.50863349
842.50000000      -301.77135033
842.75000000      62.34040213
843.00000000      25.30663106
843.25000000      50.93734361
843.50000000      118.42254691
843.75000000      37.78224810
844.00000000      97.70645430
844.25000000      258.92517260
844.50000000      306.48841010
844.75000000      205.26617389
845.00000000      114.91847103
845.25000000      85.48530860
845.50000000      168.33669363
845.75000000      5.96263316
846.00000000      -268.56686577
846.25000000      -127.63179615
846.50000000      -25.17215099
846.75000000      56.04207673
847.00000000      -169.82910603
847.25000000      -342.80569229
847.50000000      -339.63767508
847.75000000      -96.38504747
848.00000000      78.02219750
848.25000000      -118.86593326
848.50000000      -4.65943283
848.75000000      28.17170570
849.00000000      -169.93251078
849.25000000      -354.79207538
849.50000000      -6.39698123
849.75000000      -240.79722147
850.00000000      -412.20278924
850.25000000      -451.54367771
850.50000000      -45.52988005
850.75000000      8.57861056
851.00000000      -224.48819907
851.25000000      39.48969786
851.50000000      -69.75769186
851.75000000      66.07963853
852.00000000      134.80169581
852.25000000      199.34848673
852.50000000      162.66001803
852.75000000      175.15629645
853.00000000      442.81732871
853.25000000      916.92312153
853.50000000      1471.03368160
853.75000000      2527.76901561
854.00000000      3762.75913025
854.25000000      4734.14403218
854.50000000      6001.02372807
854.75000000      6972.99822457
855.00000000      7483.56752831
855.25000000      7538.83164592
855.50000000      6736.79058402
855.75000000      6194.64434922
856.00000000      6047.99294812
856.25000000      6271.63638729
856.50000000      5618.67467333
856.75000000      4770.10781279
857.00000000      3866.33581223
857.25000000      3872.65867820
857.50000000      3308.87641723
857.75000000      2804.38903585
858.00000000      2281.07654057
858.25000000      1518.78893790
858.50000000      1399.33623433
858.75000000      1215.95843635
859.00000000      1447.16555043
859.25000000      1242.01758303
859.50000000      1284.09454062
859.75000000      1301.03642963
860.00000000      1148.32325650
860.25000000      942.08502765
860.50000000      778.38174950
860.75000000      807.20342844
861.00000000      817.59007089
861.25000000      643.40168321
861.50000000      790.65827179
861.75000000      958.30984298
862.00000000      1065.80640314
862.25000000      957.82795863
862.50000000      904.53451576
862.75000000      726.35608087
863.00000000      646.44266027
863.25000000      577.31426026
863.50000000      616.90088715
863.75000000      314.31254721
864.00000000      247.16924673
864.25000000      223.03099197
864.50000000      382.62778918
864.75000000      576.76964461
865.00000000      475.30656450
865.25000000      746.08855508
865.50000000      756.86562256
865.75000000      1058.87777315
866.00000000      1007.40501305
866.25000000      976.37734845
866.50000000      640.71478553
866.75000000      520.19733045
867.00000000      824.30498938
867.25000000      879.84776848
867.50000000      1025.63567386
867.75000000      1043.38871169
868.00000000      728.47688806
868.25000000      963.65020910
868.50000000      1051.26868090
868.75000000      1096.77230957
869.00000000      1166.94110119
869.25000000      1069.05506182
869.50000000      1397.08419755
869.75000000      1984.63851441
870.00000000      2610.81801847
870.25000000      2540.74271575
870.50000000      3093.39261229
870.75000000      3436.84771410
871.00000000      2965.69802720
871.25000000      2985.44355758
871.50000000      3280.58431124
871.75000000      3311.52029416
872.00000000      3556.95151231
872.25000000      3245.57797165
872.50000000      2853.49967814
872.75000000      3044.81663772
873.00000000      2719.79885633
873.25000000      2402.11633990
873.50000000      1911.02909435
873.75000000      1617.91712558
874.00000000      1729.53043949
874.25000000      1983.98904197
874.50000000      2166.51293892
874.75000000      2155.32213619
875.00000000      1994.34663965
875.25000000      2160.12645515
875.50000000      2123.83158855
875.75000000      1815.64204568
876.00000000      1380.62783237
876.25000000      1608.81895443
876.50000000      1647.59541767
876.75000000      1731.99722790
877.00000000      1713.48439091
877.25000000      1689.01691248
877.50000000      1440.13479839
877.75000000      1589.89805440
878.00000000      1982.62668627
878.25000000      1945.68069974
878.50000000      1684.95010056
878.75000000      1650.46489446
879.00000000      1669.08508715
879.25000000      2083.41068436
879.50000000      2193.15169178
879.75000000      1825.55811511
880.00000000      2018.89996004
