790.00000000      -116.25882916
790.25000000      -220.06199421
790.50000000      -221.69017499
790.75000000      -237.05336525
791.00000000      -49.50155872
791.25000000      -18.06474916
791.50000000      -89.20293034
791.75000000      16.03390396
792.00000000      150.05575996
792.25000000      47.25264386
792.50000000      85.89456186
792.75000000      205.68152014
793.00000000      210.23352488
793.25000000      22.32058224
793.50000000      73.90269839
793.75000000      -10.66012055
794.00000000      71.36213158
794.25000000      -62.10053909
794.50000000      -87.16812646
794.75000000      34.60937558
795.00000000      -26.19802685
795.25000000      91.47967231
795.50000000      -16.01752083
795.75000000      -258.35960023
796.00000000      -390.03655980
796.25000000      -453.68839351
796.50000000      6.25490469
796.75000000      13.32334084
797.00000000      0.98692095
797.25000000      114.93565104
797.50000000      325.49953712
797.75000000      377.09858517
798.00000000      -139.11719880
798.25000000      137.92219116
798.50000000      232.32676104
798.75000000      309.19651679
799.00000000      226.67146436
799.25000000      139.75160968
799.50000000      228.77695870
799.75000000      265.38751732
800.00000000      325.36329147
800.25000000      303.59428704
800.50000000      397.68050994
800.75000000      331.45196604
801.00000000      321.67866122
801.25000000      -36.64939865
801.50000000      0.46779229
801.75000000      53.47023988
802.00000000      292.66794997
802.25000000      259.06092838
802.50000000      -138.67081906
802.75000000      -242.08728654
803.00000000      85.58153174
803.25000000      449.01564158
803.50000000      235.10504876
803.75000000      -65.55024093
804.00000000      -114.14022173
804.25000000      -127.84488789
804.50000000      -89.83423364
804.75000000      -150.12825326
805.00000000      -304.27694100
805.25000000      -44.20029114
805.50000000      60.16170202
805.75000000      -5.39095579
806.00000000      -55.19825888
806.25000000      -238.09020157
806.50000000      27.69322182
806.75000000      163.00201697
807.00000000      -70.82381045
807.25000000      125.69574519
807.50000000      59.82068956
807.75000000      369.31102828
808.00000000      363.96676698
808.25000000      227.93791129
808.50000000      162.10446682
808.75000000      336.39643916
809.00000000      281.70383391
809.25000000      76.38665665
809.50000000      -88.46508703
809.75000000      -223.89139157
810.00000000      130.96774859
810.25000000      119.59233900
810.50000000      -34.59761480
810.75000000      172.64789273
811.00000000      -17.07113289
811.25000000      77.44531387
811.50000000      -100.85276149
811.75000000      163.90464652
812.00000000      -22.03245659
812.25000000      -118.55406535
812.50000000      -279.08017427
812.75000000      -292.25077789
813.00000000      24.48412924
813.25000000      -195.31544742
813.50000000      -113.12950243
813.75000000      -294.25803035
814.00000000      -233.34102577
814.25000000      -43.92848326
814.50000000      -128.49039741
814.75000000      -555.48676282
815.00000000      -451.81757411
815.25000000      -175.10282588
815.50000000      -189.91251276
815.75000000      -244.92662938
816.00000000      -348.58517038
816.25000000      -232.88813041
816.50000000      -198.69550413
816.75000000      -173.20728620
817.00000000      285.97652872
817.25000000      354.75594593
817.50000000      -7.55902925
817.75000000      -119.91839152
818.00000000      30.51786442
818.25000000      41.21974386
818.50000000      -22.56274793
818.75000000      -287.67960567
819.00000000      -27.97082410
819.25000000      92.55360204
819.50000000      208.63367799
819.75000000      199.73940900
820.00000000      298.60080029
820.25000000      245.36785708
820.50000000      236.50058461
820.75000000      131.58898807
821.00000000      -220.02692734
821.25000000      -318.15715642
821.50000000      -139.76169399
821.75000000      -451.79053488
822.00000000      -291.26367390
822.25000000      21.29889409
822.50000000      -45.85282574
822.75000000      80.00117174
823.00000000      212.34089168
823.25000000      -169.86366080
823.50000000      -179.59248056
823.75000000      -267.05556250
824.00000000      -261.10290152
824.25000000      -223.35449250
824.50000000      -2.89033035
824.75000000      179.59959000
825.00000000      137.41527363
825.25000000      288.61672561
825.50000000      -258.02604899
825.75000000      -348.08304512
826.00000000      -201.34425773
826.25000000      -189.96968180
826.50000000      -47.85931228
826.75000000      -222.89314415
827.00000000      -210.52117240
827.25000000      231.60660799
827.50000000      43.98020200
827.75000000      5.16961465
828.00000000      125.15485091
828.25000000      44.03591576
828.50000000      -84.92718582
828.75000000      -241.31444887
829.00000000      -5.62586844
829.25000000      -272.84143958
829.50000000      -450.16115734
829.75000000      -407.48501679
830.00000000      -62.04301301
830.25000000      113.53485894
830.50000000      189.78860395
830.75000000      383.52822693
831.00000000      84.76373279
831.25000000      190.37512641
831.50000000      276.63241267
831.75000000      82.36559646
832.00000000      298.82468263
832.25000000      267.93967606
832.50000000      45.50058159
832.75000000      -392.11259593
833.00000000      -432.21985166
833.25000000      -194.44118076
833.50000000      -126.35657841
833.75000000      -161.27603979
834.00000000      -282.85956009
834.25000000      -319.56713451
834.50000000      165.79124175
834.75000000      63.08557348
835.00000000      -229.57413454
835.25000000      -272.89787753
835.50000000      -164.73565072
835.75000000      -5.88744936
836.00000000      -354.31326868
836.25000000      -203.34310394
836.50000000      -213.38695040
836.75000000      -404.49480333
837.00000000      -229.28665800
837.25000000      77.66749030
837.50000000      125.52764630
837.75000000      167.27381470
838.00000000      38.87600019
838.25000000      97.39420747
838.50000000      310.18844121
838.75000000      533.05870611
839.00000000      120.37500683
839.25000000      -92.64265197
839.50000000      -161.08426563
839.75000000      208.98017050
840.00000000      277.29066106
840.25000000      -31.63278930
840.50000000      52.11982403
840.75000000      193.78850569
841.00000000      -218.40673972
841.25000000      -151.47590757
841.50000000      2.90100672
841.75000000      91.25400776
842.00000000      -381.31689986
842.25000000      -331.96171157
842.50000000      350.68957721
842.75000000      387.71697106
843.00000000      398.60047453
843.25000000      213.15009218
843.50000000      232.55582855
843.75000000      28.83768820
844.00000000      109.68567565
844.25000000      201.82979543
844.50000000      88.32005207
844.75000000      292.02645008
845.00000000      215.60899396
845.25000000      -145.89231177
845.50000000      -138.10746262
845.75000000      125.45354590
846.00000000      245.86071826
846.25000000      -23.26594105
846.50000000      -152.86642757
846.75000000      -372.71073683
847.00000000      -278.63886437
847.25000000      69.32919424
847.50000000      194.44344347
847.75000000      169.64388773
848.00000000      271.00053147
848.25000000      372.06337911
848.50000000      391.22243507
848.75000000      129.00770375
849.00000000      54.85918956
849.25000000      -97.04310310
849.50000000      -129.68916984
849.75000000      141.87099372
850.00000000      268.42739198
850.25000000      431.05002929
850.50000000      174.02891002
850.75000000      238.10403854
851.00000000      347.00541919
851.25000000      -98.04694367
851.50000000      -629.32304571
851.75000000      -427.51288258
852.00000000      -37.81644997
852.25000000      175.70625646
852.50000000      75.99524101
852.75000000      522.47050799
853.00000000      754.11206172
853.25000000      443.19990648
853.50000000      794.29404656
853.75000000      1550.06448626
854.00000000      2676.99122985
854.25000000      3748.36428160
854.50000000      4578.23364578
854.75000000      5419.19932664
855.00000000      5503.76132845
855.25000000      5977.01965545
855.50000000      5439.97431187
855.75000000      5091.82530196
856.00000000      5084.17262995
856.25000000      4948.81630005
856.50000000      4392.85631648
856.75000000      4154.29268346
857.00000000      3747.52540519
857.25000000      3332.85448587
857.50000000      3109.07992969
857.75000000      2561.63174083
858.00000000      1978.29992349
858.25000000      1575.02448182
858.50000000      1443.58542001
858.75000000      1131.22274221
859.00000000      911.44645257
859.25000000      673.31655526
859.50000000      640.41305441
859.75000000      418.37595417
860.00000000      -59.31474134
860.25000000      -78.52902799
860.50000000      308.79309835
860.75000000      613.64164178
861.00000000      767.05660642
861.25000000      535.89799636
861.50000000      433.18581572
861.75000000      333.87006857
862.00000000      395.40075900
862.25000000      396.45789110
862.50000000      144.20146893
862.75000000      246.06149656
863.00000000      202.18797806
863.25000000      227.10091748
863.50000000      394.73031888
863.75000000      409.18618628
864.00000000      252.08852375
864.25000000      124.99733530
864.50000000      6.64262496
864.75000000      353.83439676
865.00000000      419.42265472
865.25000000      133.25740283
865.50000000      355.08864511
865.75000000      144.15638555
866.00000000      218.74062815
866.25000000      171.77137690
866.50000000      170.16863577
866.75000000      230.71240873
867.00000000      268.88269977
867.25000000      231.48951285
867.50000000      85.34285192
867.75000000      218.16272093
868.00000000      265.31912384
868.25000000      444.56206458
868.50000000      662.25154710
868.75000000      489.82757531
869.00000000      477.07015315
869.25000000      487.25928454
869.50000000      760.36497339
869.75000000      863.99722361
870.00000000      1385.25603910
870.25000000      1681.26142375
870.50000000      1994.01338147
870.75000000      2157.49191613
871.00000000      2275.50703161
871.25000000      2625.34873180
871.50000000      2664.47702055
871.75000000      3097.55190174
872.00000000      3039.07337922
872.25000000      2915.79145685
872.50000000      2395.82613847
872.75000000      2091.24742792
873.00000000      1874.29532905
873.25000000      1754.70984568
873.50000000      1651.72098164
873.75000000      1486.70874075
874.00000000      1759.42312682
874.25000000      1777.98414366
874.50000000      1567.61179508
874.75000000      1373.52608488
875.00000000      1305.65701685
875.25000000      1254.54459478
875.50000000      1408.35882244
875.75000000      1434.27970363
876.00000000      1410.37724210
876.25000000      1564.68144163
876.50000000      1899.57230598
876.75000000      1579.08983890
877.00000000      1141.69404415
877.25000000      1288.34492547
877.50000000      1409.58248659
877.75000000      1542.46673127
878.00000000      1699.31766321
878.25000000      1609.49528616
878.50000000      1551.88960383
878.75000000      1591.53061992
879.00000000      1682.27833816
879.25000000      1876.73276224
879.50000000      1650.60389587
879.75000000      1583.14174273
880.00000000      1485.61630652
