790.00000000      136.78167023
790.25000000      78.52169509
790.50000000      -114.56548667
790.75000000      -199.38986529
791.00000000      -73.30143099
791.25000000      -61.33017404
791.50000000      133.06391532
791.75000000      -88.16915322
792.00000000      -89.61936995
792.25000000      -322.89672520
792.50000000      -202.73120928
792.75000000      -165.42281255
793.00000000      -243.35152538
793.25000000      -387.74733815
793.50000000      -209.65024126
793.75000000      -164.70022511
794.00000000      -352.16728015
794.25000000      -316.12139681
794.50000000      -141.68256555
794.75000000      -36.40077686
795.00000000      -87.70602122
795.25000000      -132.52828915
795.50000000      290.47242884
795.75000000      78.62614219
796.00000000      115.44286036
796.25000000      10.28259277
796.50000000      182.71534883
796.75000000      487.27113794
797.00000000      386.41996949
797.25000000      177.85185284
797.50000000      250.89679733
797.75000000      239.97481231
798.00000000      164.23590709
798.25000000      -298.24990902
798.50000000      -301.37262674
798.75000000      -363.03223680
799.00000000      67.91127008
799.25000000      212.45790312
799.50000000      743.90767155
799.75000000      1192.06058459
800.00000000      872.50665143
800.25000000      622.14588125
800.50000000      619.68828323
800.75000000      431.91386650
801.00000000      443.59264021
801.25000000      508.71461348
801.50000000      253.27979541
801.75000000      -156.27180491
802.00000000      -489.63017839
802.25000000      -385.79531599
802.50000000      -193.08720866
802.75000000      79.93415265
803.00000000      -12.96122307
803.25000000      -151.09332680
803.50000000      -125.57214957
803.75000000      -244.79768239
804.00000000      -460.95991631
804.25000000      -420.23884240
804.50000000      -316.80445172
804.75000000      -420.67673536
805.00000000      -407.40568442
805.25000000      -212.91129003
805.50000000      -646.13354330
805.75000000      -277.27243539
806.00000000      -117.66795746
806.25000000      30.84989932
806.50000000      20.04114376
806.75000000      -11.24421535
807.00000000      142.33383078
807.25000000      129.25529092
807.50000000      -218.21982619
807.75000000      -332.33151180
808.00000000      -20.27975720
808.25000000      -148.91455366
808.50000000      -45.35589250
808.75000000      -21.67376503
809.00000000      33.02183742
809.25000000      -150.90907651
809.50000000      -174.37649817
809.75000000      8.57958106
810.00000000      143.81916980
810.25000000      -34.17772337
810.50000000      -64.99108985
810.75000000      115.62907892
811.00000000      84.28279150
811.25000000      -130.82994358
811.50000000      -502.75911779
811.75000000      -596.63472260
812.00000000      -446.20674954
812.25000000      -243.36519010
812.50000000      -155.53003581
812.75000000      70.65872177
813.00000000      -45.24890890
813.25000000      -23.69291940
813.50000000      21.84669869
813.75000000      91.06995378
814.00000000      216.33685425
814.25000000      221.09740848
814.50000000      365.88162483
814.75000000      262.22951165
815.00000000      166.24107727
815.25000000      -265.70366999
815.50000000      -534.17472181
815.75000000      -216.85206991
816.00000000      14.82429401
816.25000000      -87.14562181
816.50000000      136.37819091
816.75000000      83.19574039
817.00000000      -257.29296513
817.25000000      -271.18791743
817.50000000      -526.17910833
817.75000000      -338.21652963
818.00000000      -326.46017316
818.25000000      -213.44003075
818.50000000      90.09390574
818.75000000      29.29164445
819.00000000      223.31319349
819.25000000      146.14856098
819.50000000      -38.46224499
819.75000000      268.95078366
820.00000000      291.11765500
820.25000000      121.18837710
820.50000000      255.62295798
820.75000000      37.01140569
821.00000000      372.69372823
821.25000000      78.85993362
821.50000000      121.55002984
821.75000000      -100.18597513
822.00000000      -64.36807332
822.25000000      204.48374323
822.50000000      241.61948244
822.75000000      141.75915226
823.00000000      143.38276058
823.25000000      395.46031532
823.50000000      224.01182437
823.75000000      268.82729560
824.00000000      312.05673687
824.25000000      260.08015603
824.50000000      189.81756093
824.75000000      95.57895939
825.00000000      199.66435923
825.25000000      380.13376823
825.50000000      226.75719421
825.75000000      45.96464492
826.00000000      438.96612813
826.25000000      383.60165160
826.50000000      229.97122305
826.75000000      -17.80514977
827.00000000      88.82254084
827.25000000      138.20430258
827.50000000      154.83014315
827.75000000      188.27007021
828.00000000      -43.49590856
828.25000000      -179.36778551
828.50000000      -238.08555301
828.75000000      -139.22920342
829.00000000      218.70127088
829.25000000      333.72587747
829.50000000      171.64462396
829.75000000      -61.44248207
830.00000000      -186.76543306
830.25000000      188.04577856
830.50000000      219.53116031
830.75000000      188.50071973
831.00000000      228.96446435
831.25000000      -133.19759833
831.50000000      116.28453918
831.75000000      56.24088438
832.00000000      -55.07855528
832.25000000      -72.74377233
832.50000000      -8.96475932
832.75000000      -106.36150882
833.00000000      163.74598660
833.25000000      161.73773435
833.50000000      204.03374183
833.75000000      470.32401643
834.00000000      -45.05143447
834.25000000      -152.55260351
834.50000000      -358.98948333
834.75000000      -255.49206660
835.00000000      -63.95034598
835.25000000      -95.07431415
835.50000000      104.28603620
835.75000000      320.33071235
836.00000000      127.09972160
836.25000000      -377.73692879
836.50000000      -307.58923154
836.75000000      -64.50717942
837.00000000      183.88923481
837.25000000      192.03001839
837.50000000      62.07517853
837.75000000      159.00472243
838.00000000      118.78865729
838.25000000      87.48699028
838.50000000      66.45972857
838.75000000      -256.49312067
839.00000000      -87.00155030
839.25000000      150.15444682
839.50000000      38.88487781
839.75000000      34.11974978
840.00000000      91.59906985
840.25000000      -3.15715491
840.50000000      196.76108259
840.75000000      239.59378942
841.00000000      -15.43902736
841.25000000      -106.34736072
841.50000000      -143.81120360
841.75000000      113.69945100
842.00000000      -13.71538988
842.25000000      -91.20571926
842.50000000      7.59846986
842.75000000      252.77718446
843.00000000      455.81043150
843.25000000      145.50821796
843.50000000      -39.93944923
843.75000000      -195.51256312
844.00000000      -315.52111680
844.25000000      -312.23510335
844.50000000      -199.60451585
844.75000000      -481.75934743
845.00000000      -107.03959120
845.25000000      37.59475973
845.50000000      54.51371219
845.75000000      -165.79272695
846.00000000      115.74544915
846.25000000      -37.25175268
846.50000000      105.27567436
846.75000000      417.55773710
847.00000000      318.75444232
847.25000000      -190.15420318
847.50000000      -132.91819263
847.75000000      242.40248073
848.00000000      382.87782366
848.25000000      -253.94215709
848.50000000      -530.66745480
848.75000000      -348.76806274
849.00000000      -387.80397420
849.25000000      -361.59518247
849.50000000      -102.13168087
849.75000000      -343.46346271
850.00000000      -539.80052132
850.25000000      -545.07285004
850.50000000      -377.99044222
850.75000000      -401.81329123
851.00000000      -126.81139043
851.25000000      -182.76473320
851.50000000      -59.94331293
851.75000000      267.96287697
852.00000000      518.75384309
852.25000000      513.36959202
852.50000000      92.75013031
852.75000000      501.31546453
853.00000000      928.04560122
853.25000000      1032.22054693
853.50000000      1660.40030817
853.75000000      2683.20489147
854.00000000      4067.26430333
854.25000000      5028.71855025
854.50000000      5706.66763872
854.75000000      5743.71157521
855.00000000      5889.35036619
855.25000000      5811.68401812
855.50000000      5724.71253744
855.75000000      5939.63593059
856.00000000      5844.05420400
856.25000000      5361.76736409
856.50000000      4650.87541725
856.75000000      4249.37836990
857.00000000      3604.67622841
857.25000000      3129.06899916
857.50000000      3022.35668853
857.75000000      2659.93930286
858.00000000      2247.71684852
858.25000000      1878.47933182
858.50000000      1267.09675911
858.75000000      847.78913671
859.00000000      950.06647091
859.25000000      1143.98876802
859.50000000      638.13603434
859.75000000      700.14827613
860.00000000      825.50549967
860.25000000      884.33771123
860.50000000      773.70491704
860.75000000      669.59712336
861.00000000      639.05433641
861.25000000      379.93656242
861.50000000      415.26380759
861.75000000      461.98607814
862.00000000      694.55338026
862.25000000      466.64572012
862.50000000      340.42310391
862.75000000      443.31553778
863.00000000      338.47302791
863.25000000      120.41558042
863.50000000      175.07320146
863.75000000      437.55589715
864.00000000      425.49367362
864.25000000      653.41653697
864.50000000      251.08449330
864.75000000      412.29754870
865.00000000      667.90570925
865.25000000      771.75898102
865.50000000      828.60737008
865.75000000      686.69088248
866.00000000      578.28952425
866.25000000      651.33330145
866.50000000      834.74222008
866.75000000      926.29628616
867.00000000      1123.47550571
867.25000000      1241.08988472
867.50000000      1632.94942918
867.75000000      1382.77414507
868.00000000      836.93403835
868.25000000      395.17911500
868.50000000      996.86938095
868.75000000      1214.44484216
869.00000000      1249.68550456
869.25000000      1625.87137406
869.50000000      1835.97245660
869.75000000      2141.59875807
870.00000000      2244.85028437
870.25000000      2537.83704140
870.50000000      2492.56903503
870.75000000      2670.09627112
871.00000000      2972.01875556
871.25000000      3130.83649418
871.50000000      3619.04949283
871.75000000      3755.05775735
872.00000000      3506.56129356
872.25000000      3005.26010729
872.50000000      2463.25420433
872.75000000      2622.64359050
873.00000000      1981.69827157
873.25000000      2245.08825334
873.50000000      2223.07354158
873.75000000      2103.03414205
874.00000000      2199.72006051
874.25000000      2147.25130271
874.50000000      1976.84787438
874.75000000      1778.72978125
875.00000000      1553.82702906
875.25000000      1671.67962350
875.50000000      1520.45757028
875.75000000      1416.34087511
876.00000000      1344.39954366
876.25000000      1475.66358162
876.50000000      1735.51299465
876.75000000      1771.98778842
877.00000000      2171.54796858
877.25000000      1885.15354077
877.50000000      2012.34451062
877.75000000      1776.18088378
878.00000000      1654.98266585
878.25000000      1596.10986244
878.50000000      1715.45247916
878.75000000      1701.04052160
879.00000000      1792.73399534
879.25000000      1481.13290597
879.50000000      1655.94725904
879.75000000      1701.42706013
880.00000000      1885.84231477
