790.00000000      -46.72301248
790.25000000      -48.07682589
790.50000000      157.74209543
790.75000000      145.82376151
791.00000000      34.81818236
791.25000000      6.69536796
791.50000000      26.99532830
791.75000000      175.66807334
792.00000000      54.12361301
792.25000000      -226.24804276
792.50000000      -401.17688406
792.75000000      -429.96290099
793.00000000      27.01391630
793.25000000      166.52357770
793.50000000      70.52609302
793.75000000      180.38147211
794.00000000      134.81972477
794.25000000      87.77086078
794.50000000      -250.88511006
794.75000000      -220.69817802
795.00000000      -378.09833334
795.25000000      -176.01556629
795.50000000      97.89013282
795.75000000      73.94877370
796.00000000      120.67036602
796.25000000      200.41491944
796.50000000      373.75244361
796.75000000      505.21294814
797.00000000      384.26644267
797.25000000      -76.39706323
797.50000000      -355.44755996
797.75000000      -173.46503798
798.00000000      65.70051228
798.25000000      -58.88089966
798.50000000      -37.09926429
798.75000000      -4.85457210
799.00000000      -74.00681361
799.25000000      -80.55597936
799.50000000      217.83794012
799.75000000      49.81495424
800.00000000      -59.84492756
800.25000000      232.74830411
800.50000000      313.19465865
800.75000000      183.32414542
801.00000000      -74.09322621
801.25000000      52.93255309
801.50000000      -173.59850734
801.75000000      -39.24639821
802.00000000      37.29888979
802.25000000      290.03736594
802.50000000      -3.35096052
802.75000000      -232.42608031
803.00000000      -196.41798422
803.25000000      -6.64666303
803.50000000      -74.22210753
803.75000000      -214.54430854
804.00000000      -48.80325689
804.25000000      -371.17894342
804.50000000      -147.84135899
804.75000000      6.18950552
805.00000000      -182.63634077
805.25000000      -188.23888878
805.50000000      155.44187058
805.75000000      285.20594637
806.00000000      311.71334764
806.25000000      105.13408343
806.50000000      86.22816275
806.75000000      71.84559461
807.00000000      150.32638799
807.25000000      -276.84944812
807.50000000      -346.42190476
807.75000000      69.36902699
808.00000000      267.32335609
808.25000000      299.59109143
808.50000000      25.05224193
808.75000000      -342.36318354
809.00000000      -139.76517610
809.25000000      -261.79372689
809.50000000      -63.35882709
809.75000000      197.49953215
810.00000000      167.64135963
810.25000000      301.54666416
810.50000000      158.63545450
810.75000000      179.15773944
811.00000000      240.71352772
811.25000000      207.50282809
811.50000000      -33.52435074
811.75000000      -432.49800004
812.00000000      -368.16811113
812.25000000      134.57532468
812.50000000      -87.68768394
812.75000000      99.40287165
813.00000000      -11.60299990
813.25000000      50.85471004
813.50000000      94.29601006
813.75000000      386.42090878
814.00000000      468.58941476
814.25000000      290.25153659
814.50000000      -200.06271720
814.75000000      -245.81333805
815.00000000      96.09968255
815.25000000      173.05635312
815.50000000      389.48668216
815.75000000      396.71067815
816.00000000      -66.71165044
816.25000000      -10.78029515
816.50000000      -239.35524755
816.75000000      114.36350080
817.00000000      105.77595831
817.25000000      -46.21786663
817.50000000      -484.30796561
817.75000000      -344.44433028
818.00000000      -278.78695226
818.25000000      -296.86582323
818.50000000      -184.43093484
818.75000000      109.66772123
819.00000000      360.59015328
819.25000000      446.32636959
819.50000000      56.61637845
819.75000000      169.93018812
820.00000000      -159.00219315
820.25000000      -78.03075712
820.50000000      -264.69549557
820.75000000      -175.39640030
821.00000000      -95.82346309
821.25000000      -260.75667578
821.50000000      -232.16603018
821.75000000      48.99848185
822.00000000      412.71686845
822.25000000      307.46913777
822.50000000      135.50529791
822.75000000      97.54535698
823.00000000      -32.93067693
823.25000000      -138.95279574
823.50000000      6.49900860
823.75000000      51.21474415
824.00000000      55.34441895
824.25000000      -128.73195898
824.50000000      -90.09438163
824.75000000      181.56715901
825.00000000      430.55267091
825.25000000      285.92216205
825.50000000      -271.55435961
825.75000000      -235.44688613
826.00000000      152.45459043
826.25000000      -29.00992201
826.50000000      -290.74041555
826.75000000      -392.61688228
827.00000000      -566.08931433
827.25000000      -236.80770382
827.50000000      -71.28204291
827.75000000      38.05767626
828.00000000      -226.80853849
828.25000000      -98.78067933
828.50000000      -85.59873846
828.75000000      -110.84270809
829.00000000      -179.01258044
829.25000000      44.91165226
829.50000000      -54.27000222
829.75000000      -18.45753616
830.00000000      -150.88094182
830.25000000      -146.17021148
830.50000000      -256.78533744
830.75000000      -166.91631200
831.00000000      -258.55312748
831.25000000      -226.81577621
831.50000000      -398.43425055
831.75000000      -80.57854284
832.00000000      95.00135455
832.25000000      -85.76455077
832.50000000      -39.08625118
832.75000000      -29.58373910
833.00000000      -133.57700694
833.25000000      -180.68604713
833.50000000      7.50914788
833.75000000      -1.30141435
834.00000000      109.22227370
834.25000000      -9.37978045
834.50000000      -81.91756927
834.75000000      -159.52108529
835.00000000      -270.08032100
835.25000000      -66.30526895
835.50000000      105.95407834
835.75000000      31.89772831
836.00000000      -32.43431160
836.25000000      44.62796604
836.50000000      185.67456863
836.75000000      239.65550358
837.00000000      475.95077828
837.25000000      291.99040011
837.50000000      399.93437642
837.75000000      128.76271459
838.00000000      13.44542195
838.25000000      -149.95749418
838.50000000      12.91397353
838.75000000      539.85983239
839.00000000      489.25008970
839.25000000      352.30475272
839.50000000      218.93382875
839.75000000      215.06732503
840.00000000      248.44524882
840.25000000      210.58760736
840.50000000      -70.59559213
840.75000000      -137.86434244
841.00000000      -9.99863636
841.25000000      -189.00846670
841.50000000      -153.57382628
841.75000000      46.83529207
842.00000000      -245.68110449
842.25000000      -129.27300883
842.50000000      145.42958620
842.75000000      234.50668772
843.00000000      300.43830284
843.25000000      163.03443866
843.50000000      123.48510227
843.75000000      113.81030075
844.00000000      127.70004116
844.25000000      223.88433055
844.50000000      -3.58682401
844.75000000      84.15658448
845.00000000      -19.22543693
845.25000000      -185.69288125
845.50000000      -121.87574146
845.75000000      -48.28401060
846.00000000      169.15231834
846.25000000      21.05325230
846.50000000      -111.52120176
846.75000000      -193.34103688
847.00000000      -241.24624614
847.25000000      -168.25682262
847.50000000      -141.12275940
847.75000000      138.09595041
848.00000000      149.46931371
848.25000000      -167.45266263
848.50000000      -182.27997173
848.75000000      326.51739325
849.00000000      357.37943917
849.25000000      -25.51382714
849.50000000      -189.15239886
849.75000000      -205.58626917
850.00000000      -234.02543127
850.25000000      -41.39987837
850.50000000      225.58039632
850.75000000      -56.34460044
851.00000000      250.55513812
851.25000000      236.49961874
851.50000000      247.21884816
851.75000000      363.02283311
852.00000000      716.71158031
852.25000000      396.22509647
852.50000000      -52.49661172
852.75000000      180.96646242
853.00000000      382.59432558
853.25000000      1001.66698442
853.50000000      1471.74444559
853.75000000      2170.49671573
854.00000000      2849.40380149
854.25000000      4118.75570948
854.50000000      5045.60244631
854.75000000      6052.54401859
855.00000000      6536.08043291
855.25000000      5963.31169586
855.50000000      5698.23781399
855.75000000      5830.05879388
856.00000000      5778.37464207
856.25000000      5634.98536511
856.50000000      5640.99096953
856.75000000      5358.39146184
857.00000000      4492.58684855
857.25000000      3883.87713617
857.50000000      3063.06233118
857.75000000      2701.54244007
858.00000000      2267.19746930
858.25000000      1695.87742533
858.50000000      1392.39231461
858.75000000      926.98214359
859.00000000      785.15691867
859.25000000      591.97664630
859.50000000      733.02133287
859.75000000      981.93098479
860.00000000      794.18560844
860.25000000      791.91521021
860.50000000      1012.17979645
860.75000000      1010.96937354
861.00000000      834.32394781
861.25000000      684.10352562
861.50000000      367.32811328
861.75000000      157.94771712
862.00000000      640.41234344
862.25000000      612.40199856
862.50000000      376.07668875
862.75000000      146.86642029
863.00000000      186.92119947
863.25000000      466.76103253
863.50000000      544.31592573
863.75000000      149.69588532
864.00000000      305.52091751
864.25000000      703.35102854
864.50000000      741.91622462
864.75000000      753.02651195
865.00000000      717.53189671
865.25000000      413.28238511
865.50000000      315.02798330
865.75000000      381.00869746
866.00000000      366.50453374
866.25000000      400.44549828
866.50000000      686.75159722
866.75000000      732.20283669
867.00000000      919.27922279
867.25000000      1107.79076165
867.50000000      1015.54745936
867.75000000      625.26932200
868.00000000      235.32635566
868.25000000      601.46856640
868.50000000      1004.05596029
868.75000000      1052.52854338
869.00000000      1153.66632170
869.25000000      1158.74930129
869.50000000      1226.74748817
869.75000000      1657.27088836
870.00000000      1965.41950786
870.25000000      2112.31335267
870.50000000      2307.95242876
870.75000000      2704.31674213
871.00000000      3043.17629873
871.25000000      3133.89110453
871.50000000      3183.00116546
871.75000000      3000.90648749
872.00000000      3573.30707652
872.25000000      3770.90293849
872.50000000      3760.79407931
872.75000000      3126.08050488
873.00000000      2786.03222109
873.25000000      2381.31923384
873.50000000      1996.20154900
873.75000000      2054.05917242
874.00000000      1878.64210999
874.25000000      2151.07036753
874.50000000      2055.56395090
874.75000000      1897.34286592
875.00000000      2066.33711842
875.25000000      2236.08671421
875.50000000      2298.76165909
875.75000000      2341.54195886
876.00000000      2252.49761932
876.25000000      1805.65864622
876.50000000      1695.40504535
876.75000000      1781.77682247
877.00000000      1836.23398332
877.25000000      1728.73653365
877.50000000      1506.82447920
877.75000000      1837.55782568
878.00000000      1933.25657882
878.25000000      2214.28074432
878.50000000      2021.52032788
878.75000000      1826.00533519
879.00000000      1609.59577194
879.25000000      1576.89164379
879.50000000      1787.60295641
879.75000000      1695.97971546
880.00000000      1233.29192658
