790.00000000      317.70442915
790.25000000      146.69154887
790.50000000      97.85109806
790.75000000      -449.72691290
791.00000000      -11.39247364
791.25000000      136.82442619
791.50000000      -104.53620307
791.75000000      -273.52435110
792.00000000      -310.73000761
792.25000000      -283.76316231
792.50000000      128.64619506
792.75000000      -131.80192525
793.00000000      -261.48751301
793.25000000      -307.64055800
793.50000000      -117.30105004
793.75000000      57.89102107
794.00000000      64.66566548
794.25000000      -72.04710667
794.50000000      -213.36728524
794.75000000      -502.84486013
795.00000000      -819.90982124
795.25000000      -793.49215849
795.50000000      -499.25186183
795.75000000      -363.85892121
796.00000000      -107.80332660
796.25000000      -65.72506801
796.50000000      -249.05413542
796.75000000      -84.26051887
797.00000000      215.12579160
797.25000000      228.79480594
797.50000000      -179.92346594
797.75000000      -68.60901411
798.00000000      84.88817131
798.25000000      49.63810019
798.50000000      -30.24921759
798.75000000      406.32622779
799.00000000      406.50444618
799.25000000      549.28544737
799.50000000      806.96924117
799.75000000      632.35583734
800.00000000      264.98524566
800.25000000      -157.09252414
800.50000000      33.68253768
800.75000000      331.14044082
801.00000000      716.08119499
801.25000000      608.40480987
801.50000000      408.20129511
801.75000000      480.88066036
802.00000000      631.75291527
802.25000000      665.82806944
802.50000000      525.75613247
802.75000000      511.00711395
803.00000000      234.34102345
803.25000000      -84.56212949
803.50000000      -293.81233532
803.75000000      -412.80958453
804.00000000      -472.74386761
804.25000000      -91.79517507
804.50000000      -243.13349744
804.75000000      -256.77882527
805.00000000      -37.28114910
805.25000000      -9.56045952
805.50000000      24.44325289
805.75000000      -232.47000248
806.00000000      -118.64021625
806.25000000      -147.89737905
806.50000000      -152.48148155
806.75000000      13.45748560
807.00000000      -360.74046828
807.25000000      221.40466609
807.50000000      511.15289802
807.75000000      296.26423677
808.00000000      -111.46130840
808.25000000      -41.87372826
808.50000000      -158.09301357
808.75000000      -276.18915513
809.00000000      -287.27214374
809.25000000      -67.98197022
809.50000000      -169.22862540
809.75000000      -69.05210015
810.00000000      82.40761468
810.25000000      147.63052821
810.50000000      243.03664953
810.75000000      224.87598775
811.00000000      491.74855193
811.25000000      591.85435114
811.50000000      584.14339441
811.75000000      66.48569078
812.00000000      46.13124926
812.25000000      174.19007886
812.50000000      156.24218855
812.75000000      -97.35241269
813.00000000      97.95628409
813.25000000      -5.27171216
813.50000000      -135.51639251
813.75000000      -173.07774807
814.00000000      -401.59576992
814.25000000      -283.62044920
814.50000000      -171.62177702
814.75000000      -530.05974454
815.00000000      -228.83434291
815.25000000      -108.56556332
815.50000000      -246.82339695
815.75000000      -331.28783501
816.00000000      -211.39886871
816.25000000      -49.15648929
816.50000000      -305.42068800
816.75000000      96.60854391
817.00000000      -94.66878485
817.25000000      -252.35266557
817.50000000      -126.13308954
817.75000000      -64.96004809
818.00000000      -261.99353255
818.25000000      -165.76353427
818.50000000      146.97995539
818.75000000      229.38694506
819.00000000      124.61744334
819.25000000      111.66145884
819.50000000      58.25900013
819.75000000      516.88007579
820.00000000      622.25469437
820.25000000      111.53286440
820.50000000      -63.82540557
820.75000000      12.76989295
821.00000000      -148.34123152
821.25000000      48.03122949
821.50000000      110.92728445
821.75000000      70.39694183
822.00000000      -164.57978993
822.25000000      -420.52290240
822.50000000      -244.18238717
822.75000000      -91.83823583
823.00000000      -165.01043999
823.25000000      -168.72899127
823.50000000      34.02611868
823.75000000      221.04489821
824.00000000      185.47735567
824.25000000      16.70349936
824.50000000      -57.35666239
824.75000000      -302.39312130
825.00000000      -359.10586908
825.25000000      -379.43489747
825.50000000      -273.61019821
825.75000000      -467.20176306
826.00000000      -93.99958380
826.25000000      139.83634780
826.50000000      635.40603994
826.75000000      585.82950079
827.00000000      251.65673854
827.25000000      156.23776135
827.50000000      373.06257737
827.75000000      442.70119473
828.00000000      522.13362155
828.25000000      263.45986595
828.50000000      324.93993602
828.75000000      41.99383984
829.00000000      -63.87841451
829.25000000      60.34318101
829.50000000      179.45863446
829.75000000      -170.43204614
830.00000000      -73.55885276
830.25000000      8.44822260
830.50000000      91.12918793
830.75000000      29.29405120
831.00000000      261.95282040
831.25000000      173.98550347
831.50000000      -87.33789165
831.75000000      26.81264298
832.00000000      99.68711526
832.25000000      115.21553311
832.50000000      -97.81209560
832.75000000      -97.01576298
833.00000000      -139.71546116
833.25000000      -12.53118229
833.50000000      -157.04291854
833.75000000      -458.56066208
834.00000000      -187.74440508
834.25000000      28.94586024
834.50000000      332.70014169
834.75000000      32.38844703
835.00000000      -62.87921596
835.25000000      18.18716047
835.50000000      9.73758405
835.75000000      -54.02793748
836.00000000      -77.06939641
836.25000000      -221.71678504
836.50000000      -237.38009568
836.75000000      178.89067936
837.00000000      689.47554773
837.25000000      257.80451710
837.50000000      150.03759511
837.75000000      32.15478938
838.00000000      125.12610753
838.25000000      25.01155717
838.50000000      -46.82885410
838.75000000      -171.59511872
839.00000000      -89.91722910
839.25000000      -81.57517769
839.50000000      -63.65895695
839.75000000      -225.23855933
840.00000000      -311.57397733
840.25000000      -263.14520344
840.50000000      -137.04223014
840.75000000      -114.02504997
841.00000000      -84.87365543
841.25000000      -122.59803909
841.50000000      -3.87819347
841.75000000      232.81588884
842.00000000      264.58421529
842.25000000      215.27679329
842.50000000      99.26363023
842.75000000      -48.37526649
843.00000000      103.84011051
843.25000000      74.71976860
843.50000000      -188.54628487
843.75000000      -261.93804256
844.00000000      -206.76549713
844.25000000      16.70135875
844.50000000      343.51253237
844.75000000      216.53803104
845.00000000      206.43786205
845.25000000      96.25203266
845.50000000      -212.64944985
845.75000000      -220.77657824
846.00000000      2.94065474
846.25000000      -467.87774369
846.50000000      -512.17176630
846.75000000      -48.71140590
847.00000000      -201.33665528
847.25000000      -329.06750727
847.50000000      -100.65395468
847.75000000      88.84400963
848.00000000      320.49639283
848.25000000      377.85320204
848.50000000      81.30444440
848.75000000      -31.61987297
849.00000000      -124.47974298
849.25000000      -139.09515853
849.50000000      48.54388747
849.75000000      183.38740208
850.00000000      143.22539237
850.25000000      430.12786538
850.50000000      263.39482816
850.75000000      354.73628772
851.00000000      122.91225109
851.25000000      392.13272528
851.50000000      314.12771727
851.75000000      26.20723405
852.00000000      79.17128259
852.25000000      379.95986986
852.50000000      484.51300279
852.75000000      584.25068834
853.00000000      842.15293344
853.25000000      1054.49974499
853.50000000      1447.85112991
853.75000000      2213.82709509
854.00000000      3268.05764742
854.25000000      4495.68279377
854.50000000      5526.80254101
854.75000000      5825.01689598
855.00000000      6388.82586554
855.25000000      5995.32945652
855.50000000      5437.52767573
855.75000000      5600.62052999
856.00000000      5644.20802609
856.25000000      5350.09017083
856.50000000      4877.36697099
856.75000000      4354.03843332
857.00000000      4055.50456460
857.25000000      3259.06537157
857.50000000      2441.52086095
857.75000000      1972.30103949
858.00000000      1884.19591390
858.25000000      1653.14549087
858.50000000      1122.92977711
858.75000000      657.78877931
859.00000000      24.23250412
859.25000000      132.32095823
859.50000000      287.63414827
859.75000000      272.81208090
860.00000000      687.33476275
860.25000000      752.33220043
860.50000000      726.86440057
860.75000000      803.92136976
861.00000000      727.54311460
861.25000000      527.58964166
861.50000000      791.08095752
861.75000000      656.96706874
862.00000000      513.69798186
862.25000000      328.95370344
862.50000000      365.89424000
862.75000000      402.94959805
863.00000000      425.26978412
863.25000000      473.37480471
863.50000000      531.19466629
863.75000000      666.83937536
864.00000000      441.93893837
864.25000000      455.02336181
864.50000000      473.85265210
864.75000000      476.22681570
865.00000000      492.99585903
865.25000000      390.00978852
865.50000000      320.01861057
865.75000000      325.26233158
866.00000000      204.02095795
866.25000000      422.22449606
866.50000000      407.79295228
866.75000000      460.50633297
867.00000000      57.84464447
867.25000000      128.61789315
867.50000000      548.63608531
867.75000000      611.61922729
868.00000000      534.93732541
868.25000000      685.34038595
868.50000000      901.18841522
868.75000000      972.92141950
869.00000000      1347.31940506
869.25000000      1499.66237817
869.50000000      1406.92034508
869.75000000      1527.70331203
870.00000000      1887.11128527
870.25000000      2365.25427101
870.50000000      2685.14227548
870.75000000      2452.82530488
871.00000000      2284.94336541
871.25000000      2850.87646325
871.50000000      3141.24460459
871.75000000      2986.40779558
872.00000000      2993.06604240
872.25000000      2810.91935120
872.50000000      2384.06772810
872.75000000      2261.64117925
873.00000000      1789.81971076
873.25000000      1683.36332875
873.50000000      1697.50203931
873.75000000      1854.61584856
874.00000000      1701.45476256
874.25000000      1729.13878739
874.50000000      1929.88792913
874.75000000      1785.92219382
875.00000000      1542.17158751
875.25000000      1684.17611625
875.50000000      1671.10578605
875.75000000      1580.14060295
876.00000000      1697.35057294
876.25000000      1814.76570204
876.50000000      1702.76599623
876.75000000      1777.39146150
877.00000000      1544.10210382
877.25000000      1430.85792916
877.50000000      1414.19894347
877.75000000      1663.18515269
878.00000000      1900.13656278
878.25000000      2103.41317965
878.50000000      2119.90500922
878.75000000      1734.64205741
879.00000000      1831.48433012
879.25000000      1629.03183324
879.50000000      1724.99457265
879.75000000      1752.62255423
880.00000000      1566.18578385
