790.00000000      -6.02056484
790.25000000      233.56165016
790.50000000      -118.68176394
790.75000000      36.33920015
791.00000000      93.27454969
791.25000000      34.09429193
791.50000000      153.33843412
791.75000000      322.95698347
792.00000000      562.35994723
792.25000000      207.93733258
792.50000000      64.95914672
792.75000000      -219.87460315
793.00000000      -27.94390988
793.25000000      -171.47876629
793.50000000      -321.51916525
793.75000000      -290.70509960
794.00000000      -341.30656223
794.25000000      -104.39354603
794.50000000      82.91395612
794.75000000      -17.93404869
795.00000000      -81.36755339
795.25000000      -320.31655091
795.50000000      -24.44103418
795.75000000      301.58900384
796.00000000      261.28357018
796.25000000      -53.99732812
796.50000000      -15.68368407
796.75000000      -33.24549065
797.00000000      -264.21274087
797.25000000      -361.89542776
797.50000000      -287.96354434
797.75000000      -444.99708367
798.00000000      -405.84603878
798.25000000      -122.44040276
798.50000000      142.32983133
798.75000000      453.56467040
799.00000000      407.40412135
799.25000000      162.84819108
799.50000000      514.23688646
799.75000000      572.21021436
800.00000000      492.54818164
800.25000000      480.14079515
800.50000000      25.58806172
800.75000000      18.71998818
801.00000000      28.30658134
801.25000000      388.33784802
801.50000000      205.81379500
801.75000000      282.17442906
802.00000000      -122.27024303
802.25000000      -193.52021450
802.50000000      -502.89547860
802.75000000      -463.95602859
803.00000000      -77.93185775
803.25000000      -144.14295936
803.50000000      -217.69932670
803.75000000      -147.00095309
804.00000000      -133.23783184
804.25000000      12.41004374
804.50000000      84.77268030
804.75000000      26.83008450
805.00000000      -202.96773702
805.25000000      -63.54077762
805.50000000      127.17096932
805.75000000      65.96751041
806.00000000      -101.49114774
806.25000000      -3.03499854
806.50000000      -133.90403542
806.75000000      21.75174820
807.00000000      -2.72764112
807.25000000      30.13780318
807.50000000      158.60808762
807.75000000      234.44321874
808.00000000      138.44320307
808.25000000      13.75804710
808.50000000      70.26775734
808.75000000      -117.09765972
809.00000000      -40.44819761
809.25000000      181.57615014
809.50000000      -17.93461000
809.75000000      -56.02047160
810.00000000      -272.82142820
810.25000000      -161.85747340
810.50000000      53.29139924
810.75000000      156.87519613
811.00000000      -212.50607635
811.25000000      -190.65241181
811.50000000      21.38619614
811.75000000      -47.52024614
812.00000000      -190.12173229
812.25000000      12.69174403
812.50000000      301.50018917
812.75000000      305.66360944
813.00000000      37.73201118
813.25000000      -99.73459931
813.50000000      -164.21621574
813.75000000      -187.01283182
814.00000000      -170.76444127
814.25000000      -1.02103781
814.50000000      159.74738480
814.75000000      139.08083283
815.00000000      -132.92068750
815.25000000      -89.87716996
815.50000000      -114.35860831
815.75000000      -6.04499636
816.00000000      -99.37632790
816.25000000      -57.35259674
816.50000000      -30.83379671
816.75000000      -96.01992162
817.00000000      -183.51096532
817.25000000      -130.40692165
817.50000000      205.60221553
817.75000000      124.56645234
818.00000000      150.32579492
818.25000000      222.35024938
818.50000000      277.88982183
818.75000000      -28.90548165
819.00000000      -89.87565496
819.25000000      187.96930797
819.50000000      42.36941320
819.75000000      51.79466680
820.00000000      257.97507481
820.25000000      -39.93935672
820.50000000      -346.48862178
820.75000000      -121.07271433
821.00000000      -503.38162837
821.25000000      -332.19535790
821.50000000      -466.48389693
821.75000000      -313.19723947
822.00000000      90.64462045
822.25000000      290.52168880
822.50000000      692.68397153
822.75000000      387.85147458
823.00000000      -119.49579611
823.25000000      20.61216539
823.50000000      365.19536500
823.75000000      4.04380863
824.00000000      56.30750217
824.25000000      56.36645152
824.50000000      -132.85933744
824.75000000      -100.05985884
825.00000000      -57.93510681
825.25000000      -30.42507550
825.50000000      -223.75975907
825.75000000      -238.50915167
826.00000000      -237.46324748
826.25000000      229.21795931
826.50000000      219.63447452
826.75000000      163.90630395
827.00000000      191.58345340
827.25000000      62.01592863
827.50000000      -132.30626456
827.75000000      -186.81312043
828.00000000      273.47536680
828.25000000      366.65920286
828.50000000      347.99839350
828.75000000      310.91294444
829.00000000      249.90286140
829.25000000      193.98815011
829.50000000      579.96881626
829.75000000      337.94486554
830.00000000      23.68630365
830.25000000      21.56313625
830.50000000      -295.88463098
830.75000000      -91.84699238
831.00000000      -104.31394230
831.25000000      -163.40547509
831.50000000      -82.85158514
831.75000000      174.17773320
832.00000000      211.93248554
832.25000000      -119.65732252
832.50000000      23.19831463
832.75000000      160.87940257
833.00000000      -123.93405310
833.25000000      -248.86204683
833.50000000      -375.48457303
833.75000000      -479.11162616
834.00000000      -310.40320067
834.25000000      -402.81929101
834.50000000      -228.16989165
834.75000000      -266.58499708
835.00000000      -214.95460178
835.25000000      -75.98870023
835.50000000      -202.53728695
835.75000000      -111.40035644
836.00000000      -130.53790322
836.25000000      57.72007818
836.50000000      -248.03640677
836.75000000      -381.85735262
837.00000000      -567.36275392
837.25000000      -235.12260524
837.50000000      170.02309887
837.75000000      -54.94563617
838.00000000      -173.05880496
838.25000000      -38.25640208
838.50000000      -113.17842213
838.75000000      87.97514027
839.00000000      201.57429050
839.25000000      383.83903395
839.50000000      422.67937598
839.75000000      274.02532194
840.00000000      -9.38312282
840.25000000      18.97404705
840.50000000      102.00683688
840.75000000      45.95525199
841.00000000      -148.96070229
841.25000000      -64.75102066
841.50000000      192.90430218
841.75000000      475.53527152
842.00000000      692.24189266
842.25000000      437.87417086
842.50000000      155.80211141
842.75000000      112.10571955
843.00000000      40.26500054
843.25000000      -34.91004037
843.50000000      -135.22939794
843.75000000      -139.67306695
844.00000000      -23.55104217
844.25000000      27.86668160
844.50000000      -12.36989041
844.75000000      -139.39075302
845.00000000      47.46409896
845.25000000      -69.76532928
845.50000000      -105.70903256
845.75000000      -234.87700573
846.00000000      -55.19924361
846.25000000      67.94425893
846.50000000      58.61350705
846.75000000      -0.96149413
847.00000000      -147.62073946
847.25000000      -58.38422384
847.50000000      -70.00194214
847.75000000      157.46611073
848.00000000      264.08993987
848.25000000      269.41955039
848.50000000      43.84494734
848.75000000      0.89613582
849.00000000      -25.98687911
849.25000000      73.37590760
849.50000000      36.99450102
849.75000000      -52.18109383
850.00000000      -180.36087189
850.25000000      4.52517186
850.50000000      42.76704244
850.75000000      64.10474487
851.00000000      -273.73171585
851.25000000      -145.52233472
851.50000000      -57.53710675
851.75000000      253.53397306
852.00000000      310.49090966
852.25000000      111.27370804
852.50000000      357.82237316
852.75000000      617.55690997
853.00000000      572.45732342
853.25000000      1072.80361844
853.50000000      1722.15579998
853.75000000      2474.18387295
854.00000000      3471.36784227
854.25000000      4745.99771286
854.50000000      6073.12348962
854.75000000      6592.34517744
855.00000000      6391.16278121
855.25000000      5953.67630581
855.50000000      5709.88575612
855.75000000      5897.99113700
856.00000000      5570.59245332
856.25000000      5923.48970992
856.50000000      5477.78291166
856.75000000      4935.47206336
857.00000000      4335.95716986
857.25000000      3664.53823598
857.50000000      2862.01526655
857.75000000      2101.81826636
858.00000000      1975.73724022
858.25000000      1990.71219293
858.50000000      1893.52312928
858.75000000      1177.41005404
859.00000000      985.88297199
859.25000000      617.00188789
859.50000000      555.34680651
859.75000000      509.55773259
860.00000000      627.11467089
860.25000000      509.14762615
860.50000000      632.71660308
860.75000000      587.81160642
861.00000000      767.47264089
861.25000000      865.55971120
861.50000000      964.09282204
861.75000000      552.02197812
862.00000000      429.79718413
862.25000000      300.09844474
862.50000000      145.08576464
862.75000000      219.18914850
863.00000000      263.55860097
863.25000000      475.71412672
863.50000000      552.58573038
863.75000000      621.28341661
864.00000000      456.42719003
864.25000000      315.57705527
864.50000000      374.46301697
864.75000000      611.89507972
865.00000000      816.72324814
865.25000000      802.79752683
865.50000000      836.86792038
865.75000000      642.17443338
866.00000000      944.99707041
866.25000000      812.26583604
866.50000000      825.90073484
866.75000000      748.68177138
867.00000000      740.08895020
867.25000000      687.93227586
867.50000000      634.02175288
867.75000000      677.07738581
868.00000000      720.46917918
868.25000000      737.94713750
868.50000000      828.87126528
868.75000000      925.68156704
869.00000000      987.15804728
869.25000000      1192.58071048
869.50000000      1405.91956114
869.75000000      1603.78460374
870.00000000      2035.27584275
870.25000000      2133.51328264
870.50000000      2011.49692787
870.75000000      2271.20678289
871.00000000      2853.45285216
871.25000000      2928.47514011
871.50000000      3398.93365119
871.75000000      3543.18838981
872.00000000      3384.93936041
872.25000000      3086.88656739
872.50000000      2818.15001517
872.75000000      2813.79970815
873.00000000      2469.07565072
873.25000000      2410.71784728
873.50000000      2148.95630222
873.75000000      1886.17101990
874.00000000      1706.11200469
874.25000000      1793.89926097
874.50000000      1770.75279310
874.75000000      1896.89260541
875.00000000      1796.24870227
875.25000000      1712.36108800
875.50000000      1829.39976695
875.75000000      1822.54474343
876.00000000      1711.86602177
876.25000000      1862.39360629
876.50000000      1851.50750128
876.75000000      1827.24771106
877.00000000      1457.07423992
877.25000000      1746.94709214
877.50000000      1755.40627201
877.75000000      1726.51178381
878.00000000      1761.58363181
878.25000000      1753.98182027
878.50000000      1670.59635344
878.75000000      1571.45723559
879.00000000      1426.42447096
879.25000000      1485.09806378
879.50000000      1374.18801830
879.75000000      1472.94433873
880.00000000      1725.63702931
