790.00000000      163.93246364
790.25000000      40.05180212
790.50000000      -37.65497327
790.75000000      -305.09785468
791.00000000      -369.62683425
791.25000000      -283.27190414
791.50000000      130.50694346
791.75000000      67.65971639
792.00000000      -176.40357757
792.25000000      -220.29293061
792.50000000      -35.73833497
792.75000000      27.96021712
793.00000000      -188.57726659
793.25000000      -19.58077836
793.50000000      2.90968955
793.75000000      -42.74585516
794.00000000      -22.81740479
794.25000000      -355.37495164
794.50000000      -382.53848803
794.75000000      -306.85800630
795.00000000      -73.76349879
795.25000000      122.81504213
795.50000000      36.21762410
795.75000000      -231.22574527
796.00000000      -322.00505837
796.25000000      -379.76030761
796.50000000      114.07851459
796.75000000      464.04141581
797.00000000      172.59840359
797.25000000      -142.56051452
797.50000000      16.89466902
797.75000000      261.38396173
798.00000000      305.05737111
798.25000000      32.98490466
798.50000000      252.27656987
798.75000000      769.07237421
799.00000000      913.36232514
799.25000000      891.34643011
799.50000000      747.22469656
799.75000000      649.79713192
800.00000000      490.61374359
800.25000000      399.72453898
800.50000000      475.68952549
800.75000000      612.33871048
801.00000000      540.44210134
801.25000000      459.98970541
801.50000000      146.98153003
801.75000000      -10.14241745
802.00000000      -37.07212972
802.25000000      -67.80759948
802.50000000      113.33118059
802.75000000      26.78421776
803.00000000      -283.67848069
803.25000000      -137.37690750
803.50000000      -91.42105542
803.75000000      51.78908280
804.00000000      414.06351438
804.25000000      331.22224654
804.50000000      -12.90471351
804.75000000      -110.33735857
805.00000000      -42.62568148
805.25000000      -63.68967504
805.50000000      -39.46933211
805.75000000      -255.16464553
806.00000000      67.88439184
806.25000000      170.84778712
806.50000000      -258.51445257
806.75000000      -300.35232012
807.00000000      -322.32580845
807.25000000      -337.95491046
807.50000000      -43.97961909
807.75000000      74.36007272
808.00000000      -396.13582798
808.25000000      -487.31731415
808.50000000      -109.30437876
808.75000000      -364.16701480
809.00000000      -382.01521525
809.25000000      -185.48897314
809.50000000      -370.49828147
809.75000000      -305.08313327
810.00000000      -100.38352158
810.25000000      -201.91943945
810.50000000      -5.27087994
810.75000000      233.81216388
811.00000000      546.92969892
811.25000000      249.28173210
811.50000000      252.81827031
811.75000000      286.40932044
812.00000000      -207.69511064
812.25000000      -464.38501607
812.50000000      -182.08038899
812.75000000      244.57877744
813.00000000      263.14249006
813.25000000      388.17075568
813.50000000      182.18358112
813.75000000      -68.11902683
814.00000000      -276.37706137
814.25000000      50.85948428
814.50000000      121.12061687
814.75000000      252.94634318
815.00000000      146.43666995
815.25000000      -114.02839608
815.50000000      -33.01884819
815.75000000      -62.21467967
816.00000000      -51.05588380
816.25000000      -299.54245389
816.50000000      -182.53438325
816.75000000      -353.23166522
817.00000000      -677.23429312
817.25000000      -767.64226031
817.50000000      -761.14556013
817.75000000      -599.69418597
818.00000000      -557.44813118
818.25000000      -717.93738917
818.50000000      -606.91195332
818.75000000      68.77818295
819.00000000      444.29302622
819.25000000      474.62258308
819.50000000      578.50686007
819.75000000      243.41586376
820.00000000      -22.92039933
820.25000000      236.64807736
820.50000000      480.58130032
820.75000000      302.46927608
821.00000000      133.65201114
821.25000000      69.31951199
821.50000000      -114.48821489
821.75000000      -127.72116303
822.00000000      -382.39932597
822.25000000      -473.04269726
822.50000000      49.59872954
822.75000000      158.24496088
823.00000000      125.37600315
823.25000000      93.96186279
823.50000000      20.02254619
823.75000000      -10.65194027
824.00000000      259.08840982
824.25000000      303.62360280
824.50000000      316.87364506
824.75000000      -19.85145707
825.00000000      -37.25169723
825.25000000      -52.26706909
825.50000000      -152.12756634
825.75000000      -264.40318265
826.00000000      -225.88391173
826.25000000      -82.72974727
826.50000000      -213.84068300
826.75000000      -143.09671263
827.00000000      -62.94782991
827.25000000      118.95597142
827.50000000      456.10469762
827.75000000      646.06835490
828.00000000      351.82694952
828.25000000      -428.51951233
828.50000000      -389.71102444
828.75000000      17.67241941
829.00000000      -65.86917461
829.25000000      -406.31580031
829.50000000      -113.86745153
829.75000000      -111.42412210
830.00000000      16.78419413
830.25000000      212.12750330
830.50000000      -119.85418846
830.75000000      -376.35087503
831.00000000      -269.35255028
831.25000000      -285.97920812
831.50000000      -216.96084245
831.75000000      -69.46744719
832.00000000      -85.24901625
832.25000000      -151.37554357
832.50000000      -53.05702310
832.75000000      118.08655123
833.00000000      228.73518544
833.25000000      166.26888556
833.50000000      -117.89234237
833.75000000      -246.05849235
834.00000000      144.11044162
834.25000000      -157.84553445
834.50000000      26.26358540
834.75000000      154.30780717
835.00000000      404.39713681
835.25000000      34.82158029
835.50000000      123.73114355
835.75000000      -23.67416747
836.00000000      -122.35434683
836.25000000      108.36061139
836.50000000      237.06071309
836.75000000      518.69596418
837.00000000      407.64637056
837.25000000      102.34193811
837.50000000      212.94267271
837.75000000      122.42858023
838.00000000      113.76966653
838.25000000      -266.97406254
838.50000000      -68.44260115
838.75000000      139.16405655
839.00000000      161.21591637
839.25000000      50.93298414
839.50000000      -95.77473435
839.75000000      -14.97723330
840.00000000      -178.93450691
840.25000000      -500.12654940
840.50000000      -610.64335501
840.75000000      -200.24491797
841.00000000      -223.71123253
841.25000000      112.94770706
841.50000000      64.05190653
841.75000000      -118.86862838
842.00000000      0.28610804
842.25000000      110.36612150
842.50000000      5.74141770
842.75000000      15.49200235
843.00000000      91.09788112
843.25000000      75.36905969
843.50000000      56.49554373
843.75000000      -92.50266111
844.00000000      -255.93554916
844.25000000      -80.07311479
844.50000000      276.13464763
844.75000000      264.55774374
845.00000000      303.85617914
845.25000000      307.06995946
845.50000000      506.56909028
845.75000000      586.84357720
846.00000000      300.96342580
846.25000000      -294.45135833
846.50000000      -286.34076964
846.75000000      -401.47480257
847.00000000      -356.69345156
847.25000000      -20.01671107
847.50000000      -67.19457557
847.75000000      201.71296046
848.00000000      -143.22409746
848.25000000      -145.45574381
848.50000000      -1.59197310
848.75000000      322.88722017
849.00000000      268.45184148
849.25000000      -24.74810370
849.50000000      47.30739010
849.75000000      193.56832835
850.00000000      372.82471650
850.25000000      313.14655998
850.50000000      169.83386423
850.75000000      -151.40336531
851.00000000      -355.80512323
851.25000000      -386.16140412
851.50000000      -199.74220258
851.75000000      123.76248680
852.00000000      102.15266939
852.25000000      -317.63164942
852.50000000      -386.65046427
852.75000000      2.51623022
853.00000000      234.84843939
853.25000000      727.62616859
853.50000000      1701.40942316
853.75000000      2901.81820844
854.00000000      4142.48252974
854.25000000      4982.54239238
854.50000000      5680.09780167
854.75000000      5931.74876292
855.00000000      5660.99528140
855.25000000      5438.93736241
855.50000000      5216.57501122
855.75000000      5251.10823309
856.00000000      5187.13703330
856.25000000      5036.46141709
856.50000000      4839.18138971
856.75000000      4696.29695639
857.00000000      4233.20812237
857.25000000      3642.21489287
857.50000000      2687.11727309
857.75000000      2147.31526826
858.00000000      1806.68888355
858.25000000      1506.08812418
858.50000000      1391.32299531
858.75000000      1003.63350213
859.00000000      908.52964981
859.25000000      976.07144349
859.50000000      800.83888835
859.75000000      484.47198952
860.00000000      421.45075213
860.25000000      524.90518133
860.50000000      866.89528223
860.75000000      872.41105995
861.00000000      837.49251959
861.25000000      355.99966626
861.50000000      438.95250505
861.75000000      353.30104103
862.00000000      383.49527930
862.25000000      409.21522492
862.50000000      558.62088295
862.75000000      496.14225845
863.00000000      297.92935646
863.25000000      166.50218203
863.50000000      236.79074019
863.75000000      467.90503596
864.00000000      631.47507437
864.25000000      490.03086041
864.50000000      277.33239911
864.75000000      453.17969544
865.00000000      353.42275441
865.25000000      405.91158100
865.50000000      567.39618017
865.75000000      631.11655689
866.00000000      659.35271613
866.25000000      595.03466283
866.50000000      642.08240195
866.75000000      697.27593841
867.00000000      754.09527716
867.25000000      609.35042310
867.50000000      814.85138117
867.75000000      1188.31815627
868.00000000      1106.12075330
868.25000000      789.00917715
868.50000000      815.34343272
868.75000000      636.56352489
869.00000000      927.44945852
869.25000000      1560.28123848
869.50000000      1988.02886964
869.75000000      2148.26235684
870.00000000      2444.15170493
870.25000000      2589.83691876
870.50000000      2626.21800314
870.75000000      2664.39496290
871.00000000      2833.96780287
871.25000000      3275.43652784
871.50000000      3781.30114263
871.75000000      3375.96165203
872.00000000      2717.11806083
872.25000000      2626.47037380
872.50000000      2337.11859574
872.75000000      2129.19273139
873.00000000      2205.90278553
873.25000000      2397.93876291
873.50000000      1909.56066828
873.75000000      1789.17850637
874.00000000      1717.52228193
874.25000000      2032.71199967
874.50000000      2150.96766432
874.75000000      2048.50928059
875.00000000      1784.26685319
875.25000000      1716.78038681
875.50000000      1603.21988615
875.75000000      1692.76535590
876.00000000      1691.48680073
876.25000000      1654.41422532
876.50000000      1476.92763433
876.75000000      1760.06703243
877.00000000      1745.29242425
877.25000000      1435.56381446
877.50000000      1469.42120768
877.75000000      1810.92460855
878.00000000      2050.39402169
878.25000000      2132.18945173
878.50000000      2257.20090327
878.75000000      1479.45838093
879.00000000      1337.82188929
879.25000000      1654.89143296
879.50000000      1641.37701651
879.75000000      1500.52864452
880.00000000      1578.61632158
