790.00000000      313.47997578
790.25000000      -334.23407016
790.50000000      -484.77635328
790.75000000      -153.05686191
791.00000000      -531.42558435
791.25000000      -673.91250898
791.50000000      -489.97762416
791.75000000      -355.67091829
792.00000000      -128.58237977
792.25000000      -296.32199703
792.50000000      -210.61975854
792.75000000      9.22434724
793.00000000      -180.16966818
793.25000000      -243.03179332
793.50000000      -377.40201671
793.75000000      -180.92032690
794.00000000      87.14328754
794.25000000      -0.28116198
794.50000000      -190.31366408
794.75000000      -59.50420738
795.00000000      -9.28278053
795.25000000      -230.57937222
795.50000000      -341.05397111
795.75000000      -474.37656593
796.00000000      -103.03714540
796.25000000      -81.67569826
796.50000000      -385.72221330
796.75000000      -220.64667928
797.00000000      -163.97908503
797.25000000      32.97058064
797.50000000      -169.46767111
797.75000000      -120.87382916
798.00000000      -106.09788238
798.25000000      -294.06981968
798.50000000      -295.67962997
798.75000000      -32.82730220
799.00000000      229.62717467
799.25000000      692.68381167
799.50000000      720.68261981
799.75000000      739.26361005
800.00000000      495.20679338
800.25000000      392.40218074
800.50000000      398.44978305
800.75000000      142.17961122
801.00000000      630.36167615
801.25000000      244.98598871
801.50000000      -178.94744025
801.75000000      20.00140010
802.00000000      155.14252058
802.25000000      210.47593200
802.50000000      193.68164512
802.75000000      299.19967071
803.00000000      88.80001951
803.25000000      -82.83729775
803.50000000      19.17772963
803.75000000      -93.55488766
804.00000000      -169.22513895
804.25000000      -152.01301359
804.50000000      163.91149905
804.75000000      397.52840959
805.00000000      47.28772863
805.25000000      -99.73053327
805.50000000      -13.46636553
805.75000000      84.88024239
806.00000000      169.96930100
806.25000000      198.97082083
806.50000000      289.64481235
806.75000000      396.84128604
807.00000000      326.90025234
807.25000000      -38.69827829
807.50000000      -5.69429545
807.75000000      33.67221126
808.00000000      -187.79874777
808.25000000      -135.95716217
808.50000000      -99.92302161
808.75000000      248.23368425
809.00000000      93.40296572
809.25000000      203.94483309
809.50000000      501.94929665
809.75000000      349.37636665
810.00000000      312.08605333
810.25000000      306.55836693
810.50000000      -11.78668236
810.75000000      213.30091566
811.00000000      361.42117116
811.25000000      -129.22590571
811.50000000      -48.69030479
811.75000000      167.89798402
812.00000000      386.78897083
812.25000000      346.09266573
812.50000000      130.38907880
812.75000000      -50.96177992
813.00000000      -47.40990040
813.25000000      -34.39527260
813.50000000      -42.39788652
813.75000000      -296.71773219
814.00000000      -296.99479964
814.25000000      -180.77907890
814.50000000      183.45943996
814.75000000      -155.73923316
815.00000000      158.72491167
815.25000000      -228.76811568
815.50000000      -261.78830535
815.75000000      -148.01564747
816.00000000      73.10986779
816.25000000      154.58825024
816.50000000      43.55950970
816.75000000      -63.17634406
817.00000000      -217.21930127
817.25000000      -291.66935217
817.50000000      -50.21648702
817.75000000      197.18930390
818.00000000      -307.61196972
818.25000000      -294.15029817
818.50000000      -6.17567180
818.75000000      227.46191906
819.00000000      67.92248404
819.25000000      84.19603278
819.50000000      22.02257486
819.75000000      339.87211990
820.00000000      349.47467745
820.25000000      -4.01974292
820.50000000      -280.15113166
820.75000000      -136.32947925
821.00000000      386.78522381
821.25000000      103.38298704
821.50000000      136.50381990
821.75000000      662.19773185
822.00000000      498.44473236
822.25000000      -75.27516916
822.50000000      255.28803672
822.75000000      14.85435939
823.00000000      -88.09619176
823.25000000      -87.59360735
823.50000000      -205.61787805
823.75000000      168.62100550
824.00000000      156.27305261
824.25000000      14.71827259
824.50000000      -259.12332527
824.75000000      -92.94173169
825.00000000      218.56306259
825.25000000      588.45106681
825.50000000      420.49229020
825.75000000      -59.88325802
826.00000000      -38.46556865
826.25000000      7.58536749
826.50000000      -56.63044043
826.75000000      -206.99298326
827.00000000      -24.95225186
827.25000000      18.84176289
827.50000000      22.87907011
827.75000000      48.72967888
828.00000000      -247.62640171
828.25000000      -22.08916261
828.50000000      -160.39859477
828.75000000      -46.13468915
829.00000000      173.20256327
829.25000000      -126.36682852
829.50000000      -345.04285553
829.75000000      -99.72550878
830.00000000      -157.64477931
830.25000000      79.56934182
830.50000000      130.45686353
830.75000000      140.82779475
831.00000000      24.69214437
831.25000000      -55.07007873
831.50000000      -261.18886567
831.75000000      -104.83420760
832.00000000      95.24390432
832.25000000      -128.02452107
832.50000000      23.15052502
832.75000000      334.14905139
833.00000000      431.65106684
833.25000000      268.03658012
833.50000000      43.72560000
833.75000000      -39.59186480
834.00000000      -108.57580554
834.25000000      78.31378648
834.50000000      -12.73308003
834.75000000      146.15360359
835.00000000      -181.91615397
835.25000000      -5.65234406
835.50000000      -79.90495805
835.75000000      -32.47398732
836.00000000      256.68057676
836.25000000      160.22874277
836.50000000      357.76051930
836.75000000      200.22591492
837.00000000      41.00493818
837.25000000      -90.47240238
837.50000000      -218.04609823
837.75000000      -516.73614086
838.00000000      -415.57252176
838.25000000      0.50476753
838.50000000      -79.14426450
838.75000000      -130.71960939
839.00000000      -277.85125871
839.25000000      -373.31920403
839.50000000      -346.21343692
839.75000000      -381.60394900
840.00000000      -45.75073186
840.25000000      195.86622286
840.50000000      104.15692353
840.75000000      2.36137849
841.00000000      108.69959607
841.25000000      55.16158460
841.50000000      125.06735238
841.75000000      -24.05309230
842.00000000      -179.09974115
842.25000000      -131.22258591
842.50000000      -396.05161833
842.75000000      -273.50683017
843.00000000      119.89178679
843.25000000      320.95424078
843.50000000      181.87053998
843.75000000      105.66069258
844.00000000      125.01470675
844.25000000      -49.33740934
844.50000000      -280.34564755
844.75000000      -373.13999976
845.00000000      -419.06045783
845.25000000      -433.06701367
845.50000000      -111.78965918
845.75000000      -57.73838628
846.00000000      -129.84318691
846.25000000      -294.48405301
846.50000000      -91.60097655
846.75000000      131.03605051
847.00000000      3.58703619
847.25000000      27.03198847
847.50000000      163.62091535
847.75000000      425.29382481
848.00000000      470.12072480
848.25000000      135.65162328
848.50000000      -92.72347181
848.75000000      73.52544744
849.00000000      -93.16161105
849.25000000      -320.60463938
849.50000000      -151.79362967
849.75000000      88.22142596
850.00000000      357.23053537
850.25000000      206.30370640
850.50000000      112.73094688
850.75000000      -74.74773535
851.00000000      -179.40233249
851.25000000      -288.01283674
851.50000000      -37.84924032
851.75000000      18.39846454
852.00000000      -31.46971439
852.25000000      78.48623063
852.50000000      278.20630733
852.75000000      329.11052344
853.00000000      653.17888666
853.25000000      1071.69140470
853.50000000      1404.20808524
853.75000000      2067.39893595
854.00000000      2870.74396449
854.25000000      4879.53317851
854.50000000      6319.81658564
854.75000000      6596.19419351
855.00000000      6595.16600973
855.25000000      6257.83204190
855.50000000      6085.19229760
855.75000000      5973.44678441
856.00000000      5789.19550989
856.25000000      5480.23848160
856.50000000      5299.67570706
856.75000000      4842.50719381
857.00000000      4366.13294936
857.25000000      3780.85298121
857.50000000      3128.46729685
857.75000000      2544.37590376
858.00000000      2289.47880941
858.25000000      2075.56602125
858.50000000      2037.50754672
858.75000000      1759.52339326
859.00000000      1360.12356827
859.25000000      1032.36807917
859.50000000      1003.83693336
859.75000000      880.17013821
860.00000000      854.84770109
860.25000000      911.99962938
860.50000000      1000.68593040
860.75000000      956.89661151
861.00000000      764.67168002
861.25000000      516.87114324
861.50000000      918.51500849
861.75000000      706.55328304
862.00000000      1056.43597418
862.25000000      668.84308916
862.50000000      619.93463526
862.75000000      489.14061970
863.00000000      661.61104972
863.25000000      514.86593255
863.50000000      285.83527538
863.75000000      204.62908542
864.00000000      440.86736985
864.25000000      653.11013584
864.50000000      550.08739057
864.75000000      380.60914117
865.00000000      235.52539480
865.25000000      384.68615858
865.50000000      479.84143962
865.75000000      610.23124504
866.00000000      569.13558193
866.25000000      699.48445737
866.50000000      618.19787843
866.75000000      836.05585218
867.00000000      820.53838567
867.25000000      628.45548594
867.50000000      676.61716001
867.75000000      798.74341490
868.00000000      1295.20425761
868.25000000      1221.74969515
868.50000000      1359.73973449
868.75000000      1458.61438261
869.00000000      1410.15364647
869.25000000      1422.63753302
869.50000000      1308.03604920
869.75000000      1524.95920193
870.00000000      1708.50699814
870.25000000      1862.79944474
870.50000000      1898.83654861
870.75000000      2434.59831665
871.00000000      2462.89475572
871.25000000      2722.96587269
871.50000000      3113.47167442
871.75000000      3485.77216775
872.00000000      3497.56735950
872.25000000      3374.55725650
872.50000000      3221.84186555
872.75000000      3038.52119346
873.00000000      2649.89524702
873.25000000      2500.54403299
873.50000000      2502.81755816
873.75000000      2323.06582927
874.00000000      2233.03885307
874.25000000      2129.85663629
874.50000000      2021.73918566
874.75000000      1924.90650790
875.00000000      1846.28860970
875.25000000      1626.42549777
875.50000000      1717.48717878
875.75000000      1982.65365940
876.00000000      1920.99494629
876.25000000      1814.54104612
876.50000000      1590.67196551
876.75000000      1787.42771110
877.00000000      1806.26828951
877.25000000      1733.15370734
877.50000000      1750.62397121
877.75000000      1771.73908768
878.00000000      1816.81906335
878.25000000      1842.22390479
878.50000000      1823.84361854
878.75000000      1508.70821117
879.00000000      1603.67768919
879.25000000      1791.35205916
879.50000000      1920.44132757
879.75000000      2363.19550094
880.00000000      2342.88458576
