790.00000000      85.92125799
790.25000000      147.21488186
790.50000000      119.68174031
790.75000000      -81.58815747
791.00000000      -146.94480228
791.25000000      -262.41818494
791.50000000      -295.46829629
791.75000000      -372.14512720
792.00000000      -230.03866852
792.25000000      48.24108886
792.50000000      -67.03584597
792.75000000      -239.16946392
793.00000000      -373.53975593
793.25000000      -449.37671293
793.50000000      -778.72032589
793.75000000      -536.21058579
794.00000000      61.88251638
794.25000000      -76.51101038
794.50000000      -82.51115710
794.75000000      -101.66791481
795.00000000      -62.41127456
795.25000000      -10.67122743
795.50000000      109.89223551
795.75000000      246.60912317
796.00000000      165.98944442
796.25000000      94.39320814
796.50000000      363.39042320
796.75000000      367.51109844
797.00000000      235.22524269
797.25000000      160.22286475
797.50000000      -122.16602655
797.75000000      78.47857755
798.00000000      38.30668583
798.25000000      166.38830705
798.50000000      39.83344995
798.75000000      106.74212325
799.00000000      370.25433568
799.25000000      172.37009592
799.50000000      535.42941267
799.75000000      568.07229459
800.00000000      796.07875034
800.25000000      608.33878856
800.50000000      585.45241788
800.75000000      222.24964690
801.00000000      453.50048423
801.25000000      283.19493846
801.50000000      -25.66698185
801.75000000      238.35473185
802.00000000      378.57008811
802.25000000      200.97909546
802.50000000      263.26176241
802.75000000      151.85809746
803.00000000      -107.46189091
803.25000000      -548.01819423
803.50000000      -493.92080403
803.75000000      -438.56971187
804.00000000      -109.15490933
804.25000000      47.14361201
804.50000000      114.15586056
804.75000000      101.86184469
805.00000000      39.71157279
805.25000000      -420.21494679
805.50000000      -406.85770569
805.75000000      -399.41669560
806.00000000      -251.23190818
806.25000000      -467.13333513
806.50000000      -122.36096816
806.75000000      44.93520100
807.00000000      156.09518063
807.25000000      44.59897897
807.50000000      376.70660425
807.75000000      315.17806472
808.00000000      260.81336856
808.25000000      573.76252399
808.50000000      144.90553918
808.75000000      -2.82757770
809.00000000      -187.54681849
809.25000000      -12.89217504
809.50000000      -69.77363923
809.75000000      176.76879706
810.00000000      585.59514194
810.25000000      334.18540348
810.50000000      -10.04041022
810.75000000      -393.83229111
811.00000000      -300.59023114
811.25000000      -64.11422226
811.50000000      -317.45425646
811.75000000      -393.74032573
812.00000000      -202.72242206
812.25000000      72.70946253
812.50000000      75.13533600
812.75000000      162.91520633
813.00000000      398.59908145
813.25000000      252.74696930
813.50000000      -44.12112221
813.75000000      -102.30518516
814.00000000      209.55478834
814.25000000      204.90880617
814.50000000      360.28687619
814.75000000      115.22900627
815.00000000      68.83520425
815.25000000      -4.51452205
815.50000000      -118.39016481
815.75000000      -96.47171621
816.00000000      -197.19916848
816.25000000      -191.57251382
816.50000000      -323.45174448
816.75000000      -348.03685270
817.00000000      -242.92783073
817.25000000      -210.22467086
817.50000000      -30.61736536
817.75000000      281.94409348
818.00000000      98.29971333
818.25000000      14.91950189
818.50000000      -212.94653319
818.75000000      -316.14838424
819.00000000      25.47395637
819.25000000      367.91049627
819.50000000      202.90124308
819.75000000      67.91620441
820.00000000      -271.31461216
820.25000000      -439.64119904
820.50000000      -634.60354867
820.75000000      -381.60165348
821.00000000      -326.32550595
821.25000000      -56.55509853
821.50000000      152.73957630
821.75000000      -214.39147397
822.00000000      59.03175817
822.25000000      -3.51071980
822.50000000      -107.76890041
822.75000000      -279.02277621
823.00000000      -12.79233974
823.25000000      -225.10758357
823.50000000      -173.94850029
823.75000000      -180.52508247
824.00000000      -40.68732272
824.25000000      48.94478634
824.50000000      -255.70874790
824.75000000      -133.33791809
825.00000000      24.35728313
825.25000000      120.43686310
825.50000000      438.67082913
825.75000000      239.48918856
826.00000000      95.10194868
826.25000000      -200.65088321
826.50000000      0.33070016
826.75000000      -12.83329393
827.00000000      -14.59285823
827.25000000      -31.59798549
827.50000000      45.64133152
827.75000000      425.69510003
828.00000000      104.54332725
828.25000000      8.28602037
828.50000000      116.18318658
828.75000000      154.65483307
829.00000000      -37.79903301
829.25000000      -189.15840450
829.50000000      304.37672574
829.75000000      467.90636484
830.00000000      69.20051992
830.25000000      -199.37080191
830.50000000      94.73240644
830.75000000      77.32015207
831.00000000      -50.59755797
831.25000000      3.85928341
831.50000000      -53.03931676
831.75000000      -53.46335143
832.00000000      -152.16281357
832.25000000      125.79230383
832.50000000      95.19200779
832.75000000      172.41630529
833.00000000      84.14520332
833.25000000      -209.24129115
833.50000000      -315.32317115
833.75000000      -63.41042973
834.00000000      196.83694004
834.25000000      -124.04105490
834.50000000      -397.85440764
834.75000000      -420.73311127
835.00000000      -191.56715889
835.25000000      -83.06654362
835.50000000      172.91874141
835.75000000      240.58870307
836.00000000      228.98334822
836.25000000      138.77268368
836.50000000      194.54671629
836.75000000      393.25545288
837.00000000      347.27890024
837.25000000      17.04706519
837.50000000      -7.28004550
837.75000000      -78.72242505
838.00000000      38.68993332
838.25000000      194.01703634
838.50000000      84.61889077
838.75000000      -401.70449665
839.00000000      -709.58311921
839.25000000      -488.79697020
839.50000000      -293.43604290
839.75000000      -208.57033063
840.00000000      -67.45982672
840.25000000      90.41547552
840.50000000      65.96558275
840.75000000      -36.56949840
841.00000000      -393.96976128
841.25000000      -310.24519926
841.50000000      -358.07580573
841.75000000      -55.93157407
842.00000000      -112.71249769
842.25000000      135.43142999
842.50000000      87.87021556
842.75000000      304.68386557
843.00000000      389.35238659
843.25000000      467.68578516
843.50000000      303.87406781
843.75000000      340.93724107
844.00000000      376.56531146
844.25000000      285.48828547
844.50000000      134.75616961
844.75000000      -209.76102965
845.00000000      -302.40330583
845.25000000      34.86934753
845.50000000      -107.57306311
845.75000000      -236.24053132
846.00000000      -329.06305065
846.25000000      -109.42061468
846.50000000      14.74678299
846.75000000      34.66914878
847.00000000      67.50648906
847.25000000      119.23881024
847.50000000      -132.88388132
847.75000000      66.07842073
848.00000000      419.19572277
848.25000000      454.01803112
848.50000000      266.93535213
848.75000000      149.47769211
849.00000000      75.08505738
849.25000000      220.93745424
849.50000000      45.04488899
849.75000000      -302.64263210
850.00000000      -209.33510273
850.25000000      -114.96251666
850.50000000      -209.23486763
850.75000000      -330.41214939
851.00000000      -47.76435571
851.25000000      -215.07148036
851.50000000      -300.60351713
851.75000000      -252.05045980
852.00000000      -218.61230219
852.25000000      -68.34903811
852.50000000      117.67933862
852.75000000      544.89283416
853.00000000      417.27145468
853.25000000      399.09520633
853.50000000      1084.92409523
853.75000000      2232.42812753
854.00000000      3724.08730934
854.25000000      5081.19164676
854.50000000      6490.79114591
854.75000000      7087.48581287
855.00000000      6917.77565373
855.25000000      6587.76067455
855.50000000      6514.44088140
855.75000000      6270.01628033
856.00000000      5436.08687739
856.25000000      5077.45267861
856.50000000      4983.21369002
856.75000000      4401.36991764
857.00000000      3591.32136746
857.25000000      2906.36804549
857.50000000      2148.31995772
857.75000000      1964.57711012
858.00000000      1686.95950866
858.25000000      1680.39715932
858.50000000      1540.67006802
858.75000000      1283.01824073
859.00000000      871.95168337
859.25000000      1075.53040186
859.50000000      1192.33440213
859.75000000      1074.00369006
860.00000000      924.01827158
860.25000000      426.50815255
860.50000000      433.53333885
860.75000000      376.08383637
861.00000000      218.19965095
861.25000000      726.74078845
861.50000000      670.72725471
861.75000000      568.10905556
862.00000000      660.33619684
862.25000000      747.08868434
862.50000000      613.52652388
862.75000000      460.07972126
863.00000000      582.89828227
863.25000000      441.50221268
863.50000000      274.82151826
863.75000000      436.96620478
864.00000000      406.55627799
864.25000000      321.15174364
864.50000000      404.48260745
864.75000000      785.35887516
865.00000000      778.63055248
865.25000000      727.14764513
865.50000000      790.66015880
865.75000000      505.40809918
866.00000000      376.67147197
866.25000000      446.38028282
866.50000000      511.45453741
866.75000000      750.67424139
867.00000000      668.51940042
867.25000000      744.80002012
867.50000000      784.32610614
867.75000000      864.81766409
868.00000000      781.64469959
868.25000000      991.55721825
868.50000000      965.91522565
868.75000000      996.15872739
869.00000000      897.06772905
869.25000000      996.92223619
869.50000000      1275.69225439
869.75000000      1525.98778919
870.00000000      1884.90884614
870.25000000      1988.57543078
870.50000000      2396.98754863
870.75000000      2856.12520522
871.00000000      3382.75840605
871.25000000      3636.24715664
871.50000000      3731.13146247
871.75000000      3659.81132904
872.00000000      3540.98676181
872.25000000      3148.35776627
872.50000000      2678.04434787
872.75000000      2679.11651207
873.00000000      2646.81426430
873.25000000      2569.87761002
873.50000000      2262.53655464
873.75000000      2297.17110359
874.00000000      2336.53126227
874.25000000      1934.73703610
874.50000000      1802.00843047
874.75000000      2001.56545077
875.00000000      1938.33810237
875.25000000      1750.86639065
875.50000000      1712.32032096
875.75000000      1850.87989867
876.00000000      1992.61512913
876.25000000      2119.55601766
876.50000000      1936.08256961
876.75000000      1416.23479029
877.00000000      1375.47268501
877.25000000      1504.75625910
877.50000000      1490.62551783
877.75000000      1834.14046651
878.00000000      2102.62111042
878.25000000      2328.42745482
878.50000000      2109.44950500
878.75000000      1934.71726620
879.00000000      1788.09074368
879.25000000      1991.16994268
879.50000000      2091.66486843
879.75000000      1886.82552616
880.00000000      2025.92192110
