790.00000000      88.55118518
790.25000000      233.99171575
790.50000000      99.60379465
790.75000000      95.47743393
791.00000000      401.26264560
791.25000000      63.92944166
791.50000000      118.01783410
791.75000000      -40.52216512
792.00000000      201.71945592
792.25000000      266.13270915
792.50000000      133.98760646
792.75000000      270.98415974
793.00000000      273.74238082
793.25000000      183.03228155
793.50000000      209.81387375
793.75000000      10.44716920
794.00000000      -196.33782033
794.25000000      -55.61108307
794.50000000      -185.49260730
794.75000000      -85.53238131
795.00000000      -56.16039340
795.25000000      -203.30663191
795.50000000      -409.63108518
795.75000000      -144.80374158
796.00000000      -94.31458950
796.25000000      -403.80361736
796.50000000      -84.70081357
796.75000000      -131.47616660
797.00000000      -398.65966490
797.25000000      -566.56129697
797.50000000      -393.85105132
797.75000000      -254.10891647
798.00000000      0.81511902
798.25000000      237.99106659
798.50000000      164.52893764
798.75000000      182.52874358
799.00000000      221.13049577
799.25000000      147.33420557
799.50000000      652.47988430
799.75000000      573.20754329
800.00000000      294.29719383
800.25000000      46.63884719
800.50000000      183.83251463
800.75000000      324.70820738
801.00000000      386.03593667
801.25000000      298.80571368
801.50000000      -25.98245040
801.75000000      -191.88854441
802.00000000      95.39744278
802.25000000      143.87552231
802.50000000      171.22570526
802.75000000      170.88800272
803.00000000      144.63242576
803.25000000      -24.86101457
803.50000000      -300.70230726
803.75000000      -34.29144130
804.00000000      -158.81840569
804.25000000      -308.46318947
804.50000000      -214.39578169
804.75000000      -238.63617142
805.00000000      46.26565227
805.25000000      -141.61029974
805.50000000      -353.20401658
805.75000000      -710.71548738
806.00000000      -539.48470130
806.25000000      -114.34164753
806.50000000      132.47368473
806.75000000      394.81130628
807.00000000      230.01122787
807.25000000      -202.44653974
807.50000000      -431.30198584
807.75000000      -64.79509970
808.00000000      38.87412935
808.25000000      -70.14428799
808.50000000      182.02965891
808.75000000      93.32598070
809.00000000      304.63468800
809.25000000      -173.68420859
809.50000000      72.45930151
809.75000000      109.02522887
810.00000000      213.87358403
810.25000000      286.48437752
810.50000000      16.27761986
810.75000000      -96.49667846
811.00000000      96.76149303
811.25000000      106.25214479
811.50000000      -263.07471273
811.75000000      -21.34906912
812.00000000      -185.32091397
812.25000000      -418.88023690
812.50000000      -27.44702752
812.75000000      342.33872450
813.00000000      303.02702950
813.25000000      354.17789780
813.50000000      38.31133970
813.75000000      -157.87263452
814.00000000      -281.01401459
814.25000000      -281.66279027
814.50000000      -289.28895132
814.75000000      -124.35248754
815.00000000      63.24661127
815.25000000      -326.11164471
815.50000000      -414.99724532
815.75000000      -106.09018041
816.00000000      -182.83043986
816.25000000      -117.21801356
816.50000000      -299.11289142
816.75000000      -294.71506335
817.00000000      -446.62451931
817.25000000      -39.94124924
817.50000000      -123.35524314
817.75000000      -161.81649097
818.00000000      -127.48498277
818.25000000      -55.89070854
818.50000000      180.21634166
818.75000000      211.98617778
819.00000000      315.57880974
819.25000000      -69.01575255
819.50000000      -75.05749920
819.75000000      50.92357967
820.00000000      203.65749390
820.25000000      191.29425335
820.50000000      114.29386783
820.75000000      6.24634716
821.00000000      144.49170113
821.25000000      162.21993951
821.50000000      -141.52892794
821.75000000      -438.70489148
822.00000000      -541.32794138
822.25000000      -21.91806792
822.50000000      493.77473857
822.75000000      520.47048779
823.00000000      660.64918939
823.25000000      293.28085301
823.50000000      132.38548829
823.75000000      401.75310484
824.00000000      105.53371226
824.25000000      31.10732012
824.50000000      418.39393800
824.75000000      384.70357543
825.00000000      440.33624196
825.25000000      257.35194709
825.50000000      157.52070034
825.75000000      -147.72748882
826.00000000      -231.18261091
826.25000000      88.99534352
826.50000000      32.90638391
826.75000000      -147.32948032
827.00000000      -175.16223977
827.25000000      -28.24188504
827.50000000      -170.07840676
827.75000000      -225.10179557
828.00000000      -153.33204211
828.25000000      -452.66913708
828.50000000      -228.85307115
828.75000000      83.53616498
829.00000000      36.99858059
829.25000000      -133.44581506
829.50000000      -100.99701271
829.75000000      -106.55500313
830.00000000      -377.34977710
830.25000000      -349.01132541
830.50000000      -51.99963887
830.75000000      296.49529169
831.00000000      300.48347543
831.25000000      140.84492150
831.50000000      -173.15036097
831.75000000      -207.67236287
832.00000000      -164.47107510
832.25000000      -182.61648857
832.50000000      -340.31859422
832.75000000      -327.19738299
833.00000000      -118.57284585
833.25000000      213.93502624
833.50000000      337.74624228
833.75000000      287.55081126
834.00000000      16.68874217
834.25000000      -175.29995603
834.50000000      -249.22527439
834.75000000      -68.21720397
835.00000000      -119.16573586
835.25000000      -169.78086115
835.50000000      -114.91257095
835.75000000      65.63914363
836.00000000      284.91429144
836.25000000      510.58288132
836.50000000      276.23492212
836.75000000      120.82042265
837.00000000      199.71939171
837.25000000      59.36183810
837.50000000      8.90777058
837.75000000      190.33719792
838.00000000      -106.37987114
838.25000000      -410.18342786
838.50000000      -331.71346352
838.75000000      -229.16996943
839.00000000      -18.18293690
839.25000000      -99.53235724
839.50000000      -396.30822181
839.75000000      -125.58052195
840.00000000      -90.60924903
840.25000000      -16.87439444
840.50000000      348.53405043
840.75000000      445.85609417
841.00000000      169.31174536
841.25000000      -31.10898745
841.50000000      50.91390429
841.75000000      360.91042912
842.00000000      164.98059555
842.25000000      126.97441210
842.50000000      214.26188725
842.75000000      345.92302948
843.00000000      481.43784726
843.25000000      380.61634903
843.50000000      459.64854323
843.75000000      430.55443829
844.00000000      18.02404260
844.25000000      -338.21263542
844.50000000      -288.10558740
844.75000000      -52.78480498
845.00000000      223.40972021
845.25000000      68.51799650
845.50000000      -61.08996779
845.75000000      -27.92416433
846.00000000      -380.91458483
846.25000000      -303.44122099
846.50000000      -418.44406456
846.75000000      -217.69310727
847.00000000      -100.02834087
847.25000000      136.53024288
847.50000000      221.23265218
847.75000000      263.01889524
848.00000000      35.95898027
848.25000000      222.60291543
848.50000000      51.34070889
848.75000000      -62.29763119
849.00000000      -56.87209667
849.25000000      -134.20267944
849.50000000      -104.27937136
849.75000000      -259.15216435
850.00000000      -13.03105032
850.25000000      -45.84602120
850.50000000      -407.30706891
850.75000000      -146.67418542
851.00000000      67.78263731
851.25000000      692.28340730
851.50000000      660.55813255
851.75000000      342.91682108
852.00000000      142.15948085
852.25000000      55.22611985
852.50000000      309.05674602
852.75000000      502.07136730
853.00000000      982.24999165
853.25000000      1543.87262696
853.50000000      2039.49928114
853.75000000      2841.74996210
854.00000000      3769.25467771
854.25000000      4856.15343583
854.50000000      5806.54624433
854.75000000      6480.03311104
855.00000000      6366.11404380
855.25000000      6306.88905042
855.50000000      6300.35813871
855.75000000      6226.72131645
856.00000000      5862.57859144
856.25000000      5739.72997143
856.50000000      5657.27546417
856.75000000      4746.21507742
857.00000000      3918.94881891
857.25000000      3734.77669634
857.50000000      3415.49871742
857.75000000      3211.51488985
858.00000000      2238.72522131
858.25000000      1542.91971946
858.50000000      1265.96839196
858.75000000      1212.09124646
859.00000000      1109.79829058
859.25000000      888.14953194
859.50000000      1086.72497815
859.75000000      1462.16463680
860.00000000      1395.94851548
860.25000000      911.20662175
860.50000000      1078.99896318
860.75000000      1399.31554731
861.00000000      1327.19638167
861.25000000      1073.50147378
861.50000000      1083.25083117
861.75000000      748.39446131
862.00000000      801.38237170
862.25000000      742.89456982
862.50000000      545.09106312
862.75000000      570.40185906
863.00000000      415.97696506
863.25000000      405.33638857
863.50000000      516.41013699
863.75000000      616.30821772
864.00000000      796.66063817
864.25000000      566.99740569
864.50000000      559.07852767
864.75000000      466.70401146
865.00000000      583.72386441
865.25000000      706.98809383
865.50000000      620.24670706
865.75000000      442.73971141
866.00000000      703.74711417
866.25000000      773.19892262
866.50000000      724.01514404
866.75000000      761.97578570
867.00000000      586.56085484
867.25000000      762.58035871
867.50000000      924.84430453
867.75000000      719.07269952
868.00000000      1018.63555088
868.25000000      1097.28286580
868.50000000      946.37465148
868.75000000      603.35091508
869.00000000      909.99166376
869.25000000      1350.57690466
869.50000000      1485.07664493
869.75000000      1677.10089170
870.00000000      2097.74965206
870.25000000      2524.13293314
870.50000000      2549.26074201
870.75000000      2583.18308576
871.00000000      3051.49997147
871.25000000      2899.71140618
871.50000000      3010.31739694
871.75000000      3100.71795080
872.00000000      3394.61307478
872.25000000      3331.70277588
872.50000000      3322.08706111
872.75000000      3331.86593747
873.00000000      2896.33941194
873.25000000      2944.10749147
873.50000000      2453.46018304
873.75000000      2368.80749359
874.00000000      2487.87943006
874.25000000      2069.79599937
874.50000000      1914.77720844
874.75000000      1780.04306417
875.00000000      1546.52357346
875.25000000      1236.75874318
875.50000000      1456.91858021
875.75000000      1562.18309141
876.00000000      1771.62228363
876.25000000      1970.26616371
876.50000000      1641.49473848
876.75000000      1578.34801475
877.00000000      1627.28599933
877.25000000      1730.26869902
877.50000000      1525.83612061
877.75000000      1588.04827086
878.00000000      1736.22515655
878.25000000      2299.72678442
878.50000000      2616.44316122
878.75000000      2320.40429369
879.00000000      2028.47018854
879.25000000      1922.24085248
879.50000000      2061.42629223
879.75000000      2281.27651446
880.00000000      2362.06152586
