790.00000000      -357.69288007
790.25000000      -323.49768223
790.50000000      -440.12906468
790.75000000      -295.49701857
791.00000000      -203.95153504
791.25000000      3.47739476
791.50000000      81.32977965
791.75000000      335.55562844
792.00000000      116.56494992
792.25000000      13.74775289
792.50000000      -44.62595390
792.75000000      -457.85616170
793.00000000      -435.32286175
793.25000000      -441.25604535
793.50000000      21.30429623
793.75000000      273.71817166
794.00000000      249.71558964
794.25000000      -119.77344117
794.50000000      -255.86891211
794.75000000      -283.12081456
795.00000000      -232.95913989
795.25000000      -83.31387949
795.50000000      -81.84502476
795.75000000      71.77743287
796.00000000      17.06350198
796.25000000      -19.62680890
796.50000000      -78.72349121
796.75000000      -135.69653644
797.00000000      81.92406393
797.25000000      -75.17168162
797.50000000      110.34623540
797.75000000      -41.10217653
798.00000000      198.63309102
798.25000000      -53.37795349
798.50000000      347.97469836
798.75000000      812.79105497
799.00000000      601.21112475
799.25000000      522.23491608
799.50000000      481.20243733
799.75000000      561.75369687
800.00000000      58.66870302
800.25000000      298.83746412
800.50000000      448.85998849
800.75000000      490.56628442
801.00000000      237.72636022
801.25000000      367.33022414
801.50000000      463.37788445
801.75000000      300.30934940
802.00000000      149.43462722
802.25000000      -97.24627386
802.50000000      111.94665435
802.75000000      -89.54657994
803.00000000      -196.95596856
803.25000000      -330.60150334
803.50000000      -421.59317613
803.75000000      -483.33097879
804.00000000      -394.00490319
804.25000000      -364.79494121
804.50000000      -309.87108476
804.75000000      -171.25332576
805.00000000      -164.49165612
805.25000000      -114.50606779
805.50000000      -24.23655272
805.75000000      -245.88310287
806.00000000      -76.78571023
806.25000000      -22.77436679
806.50000000      312.91093545
806.75000000      113.12020447
807.00000000      -239.80655176
807.25000000      -307.37932529
807.50000000      -262.36810818
807.75000000      -203.98289249
808.00000000      -140.43367030
808.25000000      -445.57043372
808.50000000      -273.51317485
808.75000000      -208.33188581
809.00000000      -253.13655875
809.25000000      -344.56718580
809.50000000      -155.53375912
809.75000000      99.92372911
810.00000000      -0.33471330
810.25000000      42.17092146
810.50000000      198.86064118
810.75000000      232.98445363
811.00000000      108.14236658
811.25000000      231.53438777
811.50000000      97.11052496
811.75000000      376.74078586
812.00000000      283.67517818
812.25000000      251.02370963
812.50000000      199.36638790
812.75000000      -68.93677934
813.00000000      109.66421558
813.25000000      263.72938030
813.50000000      81.77872248
813.75000000      21.51224972
814.00000000      9.28996966
814.25000000      -9.43811012
814.50000000      -188.14198202
814.75000000      -32.28163846
815.00000000      -74.75707187
815.25000000      -140.18827471
815.50000000      155.85476056
815.75000000      84.69204148
816.00000000      -129.11642443
816.25000000      -359.57062969
816.50000000      -194.53056678
816.75000000      -421.19622823
817.00000000      -328.16760658
817.25000000      -121.54469437
817.50000000      -172.01748415
817.75000000      -201.53596848
818.00000000      -123.26013996
818.25000000      177.28000883
818.50000000      298.33448528
818.75000000      313.05329678
819.00000000      172.59645071
819.25000000      -126.04604559
819.50000000      -305.13418475
819.75000000      -486.19795944
820.00000000      -388.50736234
820.25000000      31.08761387
820.50000000      329.04697649
820.75000000      99.96073281
821.00000000      -268.83110990
821.25000000      -213.13854436
821.50000000      178.07843669
821.75000000      101.86984048
822.00000000      -152.78432576
822.25000000      -338.40405480
822.50000000      9.26066057
822.75000000      39.92982754
823.00000000      263.08345329
823.25000000      344.69154502
823.50000000      303.77410987
823.75000000      476.12115499
824.00000000      112.88268754
824.25000000      -91.56128537
824.50000000      158.70924338
824.75000000      12.00428091
825.00000000      6.62383430
825.25000000      105.62791063
825.50000000      152.78651699
825.75000000      540.52966043
826.00000000      693.06734799
826.25000000      162.23958673
826.50000000      90.14638366
826.75000000      148.90774580
827.00000000      185.07368016
827.25000000      861.99419373
827.50000000      508.15929349
827.75000000      589.13898641
828.00000000      368.91327946
828.25000000      147.58217958
828.50000000      345.40569371
828.75000000      449.80382877
829.00000000      361.27659170
829.25000000      156.84398938
829.50000000      1.30602871
829.75000000      159.76271659
830.00000000      338.98405987
830.25000000      155.34006542
830.50000000      269.37074010
830.75000000      -0.11390927
831.00000000      -96.10387584
831.25000000      -55.71915281
831.50000000      -112.68973336
831.75000000      -278.18561070
832.00000000      -287.95677804
832.25000000      14.92677140
832.50000000      232.25504437
832.75000000      123.40804763
833.00000000      -29.93421208
833.25000000      -149.39172801
833.50000000      -16.54449346
833.75000000      35.29749829
834.00000000      -232.52574606
834.25000000      -42.47421982
834.50000000      -294.35791631
834.75000000      -184.30682886
835.00000000      154.78904919
835.25000000      149.21972448
835.50000000      101.13520365
835.75000000      194.73549334
836.00000000      -6.93939985
836.25000000      -189.21946931
836.50000000      -199.51470845
836.75000000      130.12488934
837.00000000      23.07933060
837.25000000      -246.22137807
837.50000000      -38.61723014
837.75000000      -174.12821906
838.00000000      -307.78433830
838.25000000      -159.52558132
838.50000000      -176.99194163
838.75000000      -335.38341271
839.00000000      -214.32998807
839.25000000      -3.61166123
839.50000000      -60.31842571
839.75000000      116.47972494
840.00000000      60.52279717
840.25000000      -332.66920256
840.50000000      -350.18626783
840.75000000      -314.78839221
841.00000000      -321.25556930
841.25000000      -452.59779269
841.50000000      -631.49505599
841.75000000      -521.41735282
842.00000000      -415.26467681
842.25000000      -377.18702159
842.50000000      -74.81438081
842.75000000      155.93325187
843.00000000      187.53588279
843.25000000      55.80351826
843.50000000      -16.07383541
843.75000000      -189.07617190
844.00000000      41.48651507
844.25000000      524.34423179
844.50000000      428.54698452
844.75000000      -83.03522046
845.00000000      16.25762310
845.25000000      160.46552143
845.50000000      6.95848078
845.75000000      91.22650738
846.00000000      335.33960742
846.25000000      459.91778713
846.50000000      424.02105269
846.75000000      77.87941029
847.00000000      -139.34713389
847.25000000      -165.67857368
847.50000000      -269.86490294
847.75000000      -207.96611550
848.00000000      139.08779476
848.25000000      -89.15316602
848.50000000      -127.29899172
848.75000000      21.18032376
849.00000000      -269.27521348
849.25000000      -47.48559734
849.50000000      206.55917826
849.75000000      165.80911938
850.00000000      -107.94576790
850.25000000      -252.63547754
850.50000000      -111.97000350
850.75000000      -77.20933973
851.00000000      -53.62348021
851.25000000      110.00758107
851.50000000      27.41385011
851.75000000      61.90533293
852.00000000      -69.71796451
852.25000000      91.48396379
852.50000000      148.45112380
852.75000000      50.60352146
853.00000000      509.92116274
853.25000000      1050.68405357
853.50000000      1896.45219988
853.75000000      2756.84560761
854.00000000      3988.49428267
854.25000000      5374.53823095
854.50000000      6267.07745836
854.75000000      6501.71197079
855.00000000      6526.94177410
855.25000000      6773.86687418
855.50000000      6387.48727688
855.75000000      6141.00298805
856.00000000      6165.01401353
856.25000000      6006.32035916
856.50000000      5580.02203076
856.75000000      4696.11903414
857.00000000      4128.01137512
857.25000000      3585.99905948
857.50000000      3090.88209302
857.75000000      2709.06048152
858.00000000      2240.41423074
858.25000000      1979.79334646
858.50000000      1852.00783441
858.75000000      1297.29770035
859.00000000      1171.17295001
859.25000000      1039.69358912
859.50000000      850.43962339
859.75000000      706.05105854
860.00000000      462.00790026
860.25000000      191.44015425
860.50000000      321.40782619
860.75000000      160.90092175
861.00000000      236.95944660
861.25000000      204.44340639
861.50000000      464.37280678
861.75000000      604.69765339
862.00000000      662.86795188
862.25000000      915.56370785
862.50000000      946.94492691
862.75000000      748.44161469
863.00000000      667.20377676
863.25000000      793.75141873
863.50000000      652.01454616
863.75000000      599.10316464
864.00000000      620.63727971
864.25000000      631.17689695
864.50000000      649.45202189
864.75000000      655.27266006
865.00000000      701.48881701
865.25000000      498.95049825
865.50000000      302.40770929
865.75000000      461.10045563
866.00000000      809.30874277
866.25000000      756.96257620
866.50000000      635.98196140
866.75000000      836.14690383
867.00000000      931.93740896
867.25000000      890.16348225
867.50000000      707.63512913
867.75000000      761.07235504
868.00000000      776.84516542
868.25000000      927.70356568
868.50000000      1189.00756124
868.75000000      1303.19715750
869.00000000      1396.05235986
869.25000000      1625.85317370
869.50000000      1939.56960441
869.75000000      2118.81165735
870.00000000      2240.67933789
870.25000000      2566.29265139
870.50000000      2741.65160319
870.75000000      2753.73619864
871.00000000      2871.31644305
871.25000000      3329.75234177
871.50000000      3480.58390009
871.75000000      3496.21112333
872.00000000      3500.33401679
872.25000000      3511.65258576
872.50000000      3242.26683552
872.75000000      2935.27677134
873.00000000      2716.95239850
873.25000000      2565.96372226
873.50000000      2137.57074786
873.75000000      1898.15348054
874.00000000      2002.46192555
874.25000000      2402.61608811
874.50000000      2107.83597344
874.75000000      1644.34158675
875.00000000      1592.06293325
875.25000000      1744.54001813
875.50000000      1794.94284658
875.75000000      1805.45142379
876.00000000      1867.13575492
876.25000000      1791.02584514
876.50000000      1917.50169960
876.75000000      1950.60332347
877.00000000      1898.79072187
877.25000000      1968.02389994
877.50000000      1903.84286282
877.75000000      2013.30761561
878.00000000      2058.73816343
878.25000000      1844.49451138
878.50000000      1867.46666456
878.75000000      1679.68462806
879.00000000      1368.00840696
879.25000000      1593.03800632
879.50000000      1990.48343122
879.75000000      1767.59468671
880.00000000      1502.64177785
