790.00000000      153.81612962
790.25000000      -56.42117646
790.50000000      -20.48285791
790.75000000      98.72109054
791.00000000      359.84067412
791.25000000      425.84589807
791.50000000      208.27676763
791.75000000      380.08328803
792.00000000      333.67546446
792.25000000      12.44330215
792.50000000      -125.34319371
792.75000000      -350.98401793
793.00000000      -355.85916532
793.25000000      -261.19863070
793.50000000      -172.04240892
793.75000000      -571.03049480
794.00000000      -255.43288320
794.25000000      -196.31956897
794.50000000      -346.81054697
794.75000000      -16.45581208
795.00000000      -167.68535917
795.25000000      -188.42918313
795.50000000      -483.34727885
795.75000000      -608.10964124
796.00000000      -316.20626520
796.25000000      -170.27714565
796.50000000      -157.75227752
796.75000000      -324.10165574
797.00000000      16.14472476
797.25000000      -1.32313098
797.50000000      115.82478209
797.75000000      -128.99153099
798.00000000      -44.62206520
798.25000000      124.00318450
798.50000000      29.99422310
798.75000000      202.45105563
799.00000000      450.51368708
799.25000000      400.18212244
799.50000000      481.79636670
799.75000000      275.99642483
800.00000000      219.56230180
800.25000000      375.38400258
800.50000000      294.06153212
800.75000000      607.42489537
801.00000000      570.24409727
801.25000000      351.50914274
801.50000000      288.22003672
801.75000000      186.81678413
802.00000000      146.60938987
802.25000000      17.59785884
802.50000000      56.46219595
802.75000000      295.64240608
803.00000000      335.90849411
803.25000000      223.94046491
803.50000000      -114.37167664
803.75000000      -199.42792569
804.00000000      -71.41827738
804.25000000      -258.52272688
804.50000000      -65.91126934
804.75000000      -141.60389994
805.00000000      -347.15061384
805.25000000      -633.47140625
805.50000000      -484.50627233
805.75000000      -217.45520730
806.00000000      17.34179364
806.25000000      41.05473528
806.50000000      -216.55637761
806.75000000      146.35845976
807.00000000      192.13925215
807.25000000      -142.73399569
807.50000000      -37.00127900
807.75000000      95.09740696
808.00000000      138.36206693
808.25000000      181.94270565
808.50000000      22.71932783
808.75000000      -104.37806181
809.00000000      -307.45945856
809.25000000      -267.16485771
809.50000000      171.59574543
809.75000000      291.78235555
810.00000000      131.25497732
810.25000000      95.49361544
810.50000000      -142.08172545
810.75000000      -293.22104066
811.00000000      -83.32432556
811.25000000      144.80842451
811.50000000      83.12721418
811.75000000      22.50204810
812.00000000      199.18293088
812.25000000      155.27986715
812.50000000      118.37286152
812.75000000      265.82191860
813.00000000      -109.82295701
813.25000000      -314.00176073
813.50000000      85.80551204
813.75000000      104.29886587
814.00000000      8.83830534
814.25000000      -266.12616499
814.50000000      -194.06454056
814.75000000      -24.43681682
815.00000000      56.85701079
815.25000000      -81.80305321
815.50000000      73.01299572
815.75000000      134.62516211
816.00000000      -54.40654953
816.25000000      -323.08213468
816.50000000      -214.26158884
816.75000000      -177.14490751
817.00000000      -250.33208619
817.25000000      -123.92312041
817.50000000      -187.60800567
817.75000000      -110.33673752
818.00000000      -503.26931148
818.25000000      -373.93572309
818.50000000      -100.08596790
818.75000000      120.42995853
819.00000000      24.77206066
819.25000000      185.93034290
819.50000000      7.64480968
819.75000000      53.38546544
820.00000000      255.88231457
820.25000000      372.28536150
820.50000000      133.05461061
820.75000000      55.79006631
821.00000000      161.80173298
821.25000000      -50.69038500
821.50000000      -234.65628324
821.75000000      -526.04595739
822.00000000      -468.87940307
822.25000000      -376.67661594
822.50000000      -115.18759164
822.75000000      -252.69232583
823.00000000      -579.71081416
823.25000000      -453.27305232
823.50000000      -85.35903598
823.75000000      -28.17876081
824.00000000      74.41777749
824.25000000      339.81058324
824.50000000      353.91966072
824.75000000      227.05501424
825.00000000      207.51664808
825.25000000      196.36456651
825.50000000      499.36877383
825.75000000      634.95927429
826.00000000      461.34607215
826.25000000      525.36917168
826.50000000      157.12857712
826.75000000      -73.25570728
827.00000000      -191.23367730
827.25000000      -26.45532868
827.50000000      138.56934278
827.75000000      250.41034131
828.00000000      104.04767112
828.25000000      321.58133642
828.50000000      417.27134142
828.75000000      581.53769029
829.00000000      256.88038724
829.25000000      150.31943644
829.50000000      -185.34515793
829.75000000      -256.01339169
830.00000000      -3.91526069
830.25000000      -162.68076076
830.50000000      -46.76988775
830.75000000      8.62736248
831.00000000      117.52099407
831.25000000      -267.20898884
831.50000000      -161.29258212
831.75000000      -493.89978165
832.00000000      -589.78058331
832.25000000      -244.00498300
832.50000000      -171.78297661
832.75000000      -122.73456003
833.00000000      -169.17972919
833.25000000      -210.73847998
833.50000000      212.00919167
833.75000000      452.75328984
834.00000000      217.83381859
834.25000000      90.79078200
834.50000000      61.81418411
834.75000000      43.77402897
835.00000000      -195.21967935
835.25000000      182.12306317
835.50000000      475.95226057
835.75000000      351.46791688
836.00000000      308.71003612
836.25000000      225.34862231
836.50000000      87.97367946
836.75000000      -62.46478842
837.00000000      164.41322266
837.25000000      29.03771670
837.50000000      -84.43130231
837.75000000      -133.01383040
838.00000000      36.26013643
838.25000000      -5.54939786
838.50000000      73.91757069
838.75000000      289.46104604
839.00000000      179.45103215
839.25000000      348.10753298
839.50000000      -21.65944755
839.75000000      -175.91990550
840.00000000      -3.93383692
840.25000000      183.81876211
840.50000000      270.24789550
840.75000000      -226.40643283
841.00000000      139.07578103
841.25000000      233.68454098
841.50000000      319.73985093
841.75000000      181.77171476
842.00000000      -135.11986364
842.25000000      -253.08488038
842.50000000      -386.75333160
842.75000000      -112.04521341
843.00000000      260.51947804
843.25000000      78.75074661
843.50000000      149.83859616
843.75000000      -26.19696946
844.00000000      -209.66594641
844.25000000      -28.83833085
844.50000000      371.33588105
844.75000000      229.72669311
845.00000000      87.99410916
845.25000000      146.17813301
845.50000000      232.64876848
845.75000000      57.89601937
846.00000000      4.98988947
846.25000000      -53.44961741
846.50000000      77.63750251
846.75000000      262.48125301
847.00000000      260.24163788
847.25000000      -106.10133912
847.50000000      -324.29767421
847.75000000      -273.40736364
848.00000000      -75.36040364
848.25000000      -156.60679048
848.50000000      -103.75652039
848.75000000      -255.27958964
849.00000000      -556.73599449
849.25000000      -532.94573122
849.50000000      -191.89879610
849.75000000      -244.64518541
850.00000000      -465.39489542
850.25000000      -435.07792245
850.50000000      -393.40426277
850.75000000      -234.63391270
851.00000000      -202.03686853
851.25000000      -179.39312659
851.50000000      -86.97268318
851.75000000      -329.46553463
852.00000000      -286.07167726
852.25000000      -157.85110742
852.50000000      73.13617857
852.75000000      549.31018437
853.00000000      550.65091361
853.25000000      601.43836996
853.50000000      835.23255705
853.75000000      1482.70347853
854.00000000      2523.33113801
854.25000000      3764.40553913
854.50000000      5265.97668551
854.75000000      6340.64458077
855.00000000      6338.90922851
855.25000000      6045.87063235
855.50000000      6241.52879589
855.75000000      5508.08372271
856.00000000      4801.13541642
856.25000000      4391.48388060
856.50000000      4552.22911883
856.75000000      4524.37113468
857.00000000      4231.30993173
857.25000000      3457.34551355
857.50000000      2911.27788369
857.75000000      2303.53704571
858.00000000      1950.91300316
858.25000000      1386.34575958
858.50000000      1389.61531853
858.75000000      977.96168353
859.00000000      866.89485812
859.25000000      789.47484583
859.50000000      819.28165016
859.75000000      816.95527465
860.00000000      636.97572280
860.25000000      429.47299812
860.50000000      126.50710412
860.75000000      236.06804428
861.00000000      261.19582210
861.25000000      323.75044107
861.50000000      331.75190467
861.75000000      273.15021637
862.00000000      -20.60462034
862.25000000      -47.83260200
862.50000000      157.62627485
862.75000000      177.20201366
863.00000000      179.04461791
863.25000000      68.67409102
863.50000000      421.02043645
863.75000000      549.19365763
864.00000000      623.81375801
864.25000000      615.44074100
864.50000000      500.80461003
864.75000000      309.71536853
865.00000000      261.02301991
865.25000000      521.57756758
865.50000000      491.12901494
865.75000000      291.91736540
866.00000000      533.22262235
866.25000000      932.97478918
866.50000000      610.09386929
866.75000000      538.35986605
867.00000000      699.25278284
867.25000000      622.58262304
867.50000000      924.15939001
867.75000000      961.70308711
868.00000000      1288.58371771
868.25000000      1159.55128516
868.50000000      1006.96579280
868.75000000      852.26724399
869.00000000      1014.23564207
869.25000000      1329.15099037
869.50000000      1786.98329221
869.75000000      1587.34255094
870.00000000      1880.32876987
870.25000000      1909.06195231
870.50000000      2353.54210159
870.75000000      2897.78922100
871.00000000      2711.49331386
871.25000000      2599.06438346
871.50000000      2906.97243309
871.75000000      2919.72746605
872.00000000      2802.97948563
872.25000000      2792.42849510
872.50000000      2506.19449774
872.75000000      2403.34749682
873.00000000      2561.12749561
873.25000000      2310.27449737
873.50000000      1922.01850537
873.75000000      1942.73952285
874.00000000      1947.18755307
874.25000000      1670.48259927
874.50000000      1526.84466469
874.75000000      1268.49375256
875.00000000      1208.35986613
875.25000000      1279.98300862
875.50000000      1542.53318324
875.75000000      1451.19039323
876.00000000      1612.02464178
876.25000000      1396.06593212
876.50000000      1227.69426745
876.75000000      1081.94965097
877.00000000      1059.29208587
877.25000000      1134.68157535
877.50000000      1485.65812260
877.75000000      1676.28173080
878.00000000      1864.87240313
878.25000000      2153.79014276
878.50000000      2160.92495286
878.75000000      2269.30683661
879.00000000      2078.79579716
879.25000000      1885.99183767
879.50000000      1637.60496129
879.75000000      1449.88517117
880.00000000      1581.10247047
