790.00000000      -144.17664638
790.25000000      -306.75277541
790.50000000      -617.15554874
790.75000000      -463.29495759
791.00000000      -324.52099319
791.25000000      -475.86364679
791.50000000      -357.78290965
791.75000000      -371.32877304
792.00000000      -174.09122824
792.25000000      -80.68026657
792.50000000      -61.82587934
792.75000000      83.17194212
793.00000000      302.93320647
793.25000000      262.22792234
793.50000000      246.01609836
793.75000000      316.65774315
794.00000000      391.88286529
794.25000000      65.62147339
794.50000000      -376.24642400
794.75000000      -542.27081832
795.00000000      -195.88170102
795.25000000      116.99093642
795.50000000      -244.31289748
795.75000000      -628.46319422
796.00000000      -278.94994532
796.25000000      -336.41314229
796.50000000      -103.28277669
796.75000000      -81.02884007
797.00000000      189.81867602
797.25000000      -269.05022003
797.50000000      -324.30551979
797.75000000      -518.52721489
798.00000000      -152.56529694
798.25000000      -52.34975758
798.50000000      -186.77058846
798.75000000      184.27221876
799.00000000      763.88867239
799.25000000      669.16878076
799.50000000      439.36255215
799.75000000      646.13999484
800.00000000      649.28111712
800.25000000      750.67592722
800.50000000      646.92443341
800.75000000      551.85664389
801.00000000      456.24256690
801.25000000      420.07221063
801.50000000      404.34558327
801.75000000      22.50269299
802.00000000      -257.14645203
802.25000000      -355.60184365
802.50000000      -226.18347373
802.75000000      -212.45133415
803.00000000      308.36458319
803.25000000      306.94428641
803.50000000      262.17778357
803.75000000      -54.33491724
804.00000000      -300.78380797
804.25000000      -47.34888057
804.50000000      -42.20012701
804.75000000      -195.35753928
805.00000000      8.62889063
805.25000000      107.83917073
805.50000000      -145.66669102
805.75000000      -198.08868664
806.00000000      -192.76680818
806.25000000      -74.53104770
806.50000000      -289.62139726
806.75000000      -164.18784896
807.00000000      -251.89039488
807.25000000      -24.24902714
807.50000000      -19.00373786
807.75000000      -304.39451916
808.00000000      -54.62136321
808.25000000      -144.53426214
808.50000000      183.74679185
808.75000000      -120.84819341
809.00000000      -456.42921012
809.25000000      -187.63625049
809.50000000      -299.37930674
809.75000000      -196.69837110
810.00000000      14.26656418
810.25000000      116.99550684
810.50000000      -2.09153540
810.75000000      190.25544519
811.00000000      388.63645632
811.25000000      116.25150566
811.50000000      118.05060090
811.75000000      83.90374971
812.00000000      137.06095974
812.25000000      -23.36776137
812.50000000      134.19759402
812.75000000      -333.88296647
813.00000000      -408.05943524
813.25000000      -556.77180470
813.50000000      -532.50006727
813.75000000      -185.54421537
814.00000000      -141.54424144
814.25000000      -118.05013794
814.50000000      -185.53189734
814.75000000      128.55048788
815.00000000      113.29702524
815.25000000      121.08772224
815.50000000      -106.64741365
815.75000000      -339.58837494
816.00000000      -279.17515417
816.25000000      -227.40774390
816.50000000      -21.14613668
816.75000000      52.40967491
817.00000000      223.65969829
817.25000000      500.50394086
817.50000000      654.25241001
817.75000000      520.95511313
818.00000000      212.45205758
818.25000000      247.21325071
818.50000000      -17.51130012
818.75000000      18.42841241
819.00000000      189.19239563
819.25000000      139.77065685
819.50000000      8.90320337
819.75000000      341.06004246
820.00000000      185.97118142
820.25000000      161.78662750
820.50000000      164.96638796
820.75000000      119.10047003
821.00000000      397.52888095
821.25000000      422.44162794
821.50000000      64.87871819
821.75000000      57.89015892
822.00000000      132.45595729
822.25000000      265.05612050
822.50000000      177.94065568
822.75000000      -14.17042999
823.00000000      -77.79712939
823.25000000      -24.96943539
823.50000000      120.33265913
823.75000000      221.89916128
824.00000000      250.88007815
824.25000000      11.65541683
824.50000000      -383.85481562
824.75000000      137.65938786
825.00000000      281.49803433
825.25000000      9.72113083
825.50000000      214.09868438
825.75000000      162.06070200
826.00000000      257.81719069
826.25000000      130.20815746
826.50000000      -41.66639073
826.75000000      227.31355312
827.00000000      -36.30200405
827.25000000      -322.16305528
827.50000000      -400.77959363
827.75000000      -262.58161217
828.00000000      -44.58910398
828.25000000      -107.70206216
828.50000000      -57.66047981
828.75000000      -15.04435004
829.00000000      -208.35366597
829.25000000      54.43157925
829.50000000      579.11139248
829.75000000      464.78578057
830.00000000      181.22475034
830.25000000      -103.20169138
830.50000000      -217.95353778
830.75000000      -15.22078205
831.00000000      166.00658258
831.25000000      -274.39143710
831.50000000      35.85516568
831.75000000      -206.42360233
832.00000000      -92.97773437
832.25000000      206.12277629
832.50000000      160.66793638
832.75000000      31.03775262
833.00000000      -25.08776830
833.25000000      34.67138033
833.50000000      454.73520519
833.75000000      210.79371296
834.00000000      117.18691029
834.25000000      63.45480385
834.50000000      130.78740027
834.75000000      363.05470620
835.00000000      462.36672824
835.25000000      354.01347303
835.50000000      713.14494715
835.75000000      653.96115720
836.00000000      488.50210977
836.25000000      631.43781142
836.50000000      474.35826871
836.75000000      199.21348820
837.00000000      157.38347643
837.25000000      16.29823993
837.50000000      65.11778522
837.75000000      25.82211882
838.00000000      64.38124721
838.25000000      245.85517691
838.50000000      -3.39608563
838.75000000      -236.57253392
839.00000000      -486.30416150
839.25000000      -283.37096193
839.50000000      -300.86292875
839.75000000      105.14994445
840.00000000      -3.59233590
840.25000000      -179.56976338
840.50000000      -138.87233160
840.75000000      -443.26003417
841.00000000      -564.51286470
841.25000000      -669.64081682
841.50000000      -389.32388417
841.75000000      -65.03206040
842.00000000      9.33466083
842.25000000      23.62628586
842.50000000      -82.78717898
842.75000000      134.17427260
843.00000000      240.99064693
843.25000000      341.47195028
843.50000000      217.80818895
843.75000000      126.01936921
844.00000000      -13.20450267
844.25000000      289.86657955
844.50000000      466.28262213
844.75000000      272.91363130
845.00000000      31.41961329
845.25000000      -229.15942568
845.50000000      -458.45347941
845.75000000      -382.97254170
846.00000000      -276.64660637
846.25000000      -299.85566722
846.50000000      -26.53971809
846.75000000      54.53124717
847.00000000      -229.48276528
847.25000000      -441.60174929
847.50000000      -301.57569875
847.75000000      -340.46460752
848.00000000      -345.19846949
848.25000000      -270.22727856
848.50000000      -354.16102864
848.75000000      -201.46971363
849.00000000      -148.71332747
849.25000000      -213.71186408
849.50000000      -13.45531741
849.75000000      -21.99368141
850.00000000      -364.53695004
850.25000000      -320.01511727
850.50000000      -398.13817708
850.75000000      -187.16612346
851.00000000      -101.36895041
851.25000000      -67.52665193
851.50000000      -155.90922205
851.75000000      -355.20665477
852.00000000      -374.61894415
852.25000000      -19.20608421
852.50000000      151.97193097
852.75000000      303.33510736
853.00000000      476.86345087
853.25000000      784.83696742
853.50000000      1361.81566293
853.75000000      2033.41954330
854.00000000      2504.27861442
854.25000000      3406.53288218
854.50000000      4369.28235245
854.75000000      4452.12703111
855.00000000      4871.56692400
855.25000000      5045.70203698
855.50000000      5243.53237590
855.75000000      5495.25794657
856.00000000      5849.47875482
856.25000000      5485.99480648
856.50000000      4890.90610733
856.75000000      4416.21266318
857.00000000      3898.31447982
857.25000000      3747.51156303
857.50000000      3260.60391857
857.75000000      3115.99155221
858.00000000      2396.57446969
858.25000000      1771.14267677
858.50000000      1473.56617918
858.75000000      1115.06498265
859.00000000      902.14909289
859.25000000      912.87851561
859.50000000      956.83325651
859.75000000      867.65332130
860.00000000      588.81871564
860.25000000      619.45944522
860.50000000      416.63551570
860.75000000      507.33693274
861.00000000      131.60370199
861.25000000      184.29582909
861.50000000      100.43331967
861.75000000      397.96617936
862.00000000      391.34441377
862.25000000      283.24802852
862.50000000      375.83702919
862.75000000      411.54142138
863.00000000      221.51121068
863.25000000      112.26640265
863.50000000      332.73700286
863.75000000      611.03301686
864.00000000      538.78445022
864.25000000      105.52130846
864.50000000      266.00359711
864.75000000      528.03132171
865.00000000      817.45448777
865.25000000      871.12310079
865.50000000      546.78716628
865.75000000      420.68668972
866.00000000      796.10167660
866.25000000      817.96213239
866.50000000      432.18806255
866.75000000      537.55947255
867.00000000      280.55636784
867.25000000      448.98875385
867.50000000      493.66663602
867.75000000      816.31001978
868.00000000      919.28891054
868.25000000      803.35331372
868.50000000      761.86323470
868.75000000      821.25867890
869.00000000      763.31965168
869.25000000      722.32615843
869.50000000      1021.24820452
869.75000000      1727.69579531
870.00000000      2012.76893616
870.25000000      2225.58763239
870.50000000      2493.13188937
870.75000000      2503.48171240
871.00000000      2756.22710682
871.25000000      3187.86807794
871.50000000      3553.90463106
871.75000000      3623.73677149
872.00000000      3505.06450450
872.25000000      3124.58783539
872.50000000      2917.40676942
872.75000000      2880.62131187
873.00000000      2514.53146799
873.25000000      2110.71724303
873.50000000      1831.52864223
873.75000000      1792.31567083
874.00000000      1978.82833406
874.25000000      1682.18663714
874.50000000      1675.61058528
874.75000000      1476.32018368
875.00000000      1423.24543753
875.25000000      1553.92635204
875.50000000      2091.53293237
875.75000000      1742.24518370
876.00000000      1641.13311121
876.25000000      2010.22672003
876.50000000      1791.90601534
876.75000000      1364.21100226
877.00000000      1371.60168594
877.25000000      1296.03807150
877.50000000      1341.06016406
877.75000000      1394.72796873
878.00000000      1255.36149063
878.25000000      1756.32073484
878.50000000      2012.49570646
878.75000000      1902.91641057
879.00000000      1947.44285224
879.25000000      2027.67503654
879.50000000      1753.32296854
879.75000000      1954.63665328
880.00000000      1955.88609580
