790.00000000      194.77625784
790.25000000      102.40561465
790.50000000      -257.79067298
790.75000000      -113.72259780
791.00000000      60.25984745
791.25000000      159.12667002
791.50000000      -19.58212287
791.75000000      -176.91652399
792.00000000      -199.46652613
792.25000000      -383.84212210
792.50000000      -13.77330470
792.75000000      -135.56006678
793.00000000      -107.58240116
793.25000000      -352.07030069
793.50000000      -75.06375824
793.75000000      142.79723333
794.00000000      -278.75731886
794.25000000      -395.79740772
794.50000000      -360.44302615
794.75000000      -625.24416706
795.00000000      -486.63082339
795.25000000      -121.53298807
795.50000000      499.38934595
795.75000000      148.46618571
796.00000000      -5.79246178
796.25000000      -229.02658949
796.50000000      -263.66619041
796.75000000      -78.18125757
797.00000000      -14.10178396
797.25000000      -334.73776263
797.50000000      -128.75918662
797.75000000      156.25395104
798.00000000      -110.54834273
798.25000000      -118.09606101
798.50000000      -234.27919686
798.75000000      159.00225661
799.00000000      465.88830629
799.25000000      781.37895907
799.50000000      862.81422182
799.75000000      423.83410140
800.00000000      298.21860466
800.25000000      279.85773844
800.50000000      272.35150957
800.75000000      248.52992487
801.00000000      339.16299115
801.25000000      349.24071519
801.50000000      298.76310379
801.75000000      371.17016371
802.00000000      369.77190174
802.25000000      406.56832461
802.50000000      409.23943907
802.75000000      -288.77474815
803.00000000      -380.70423033
803.25000000      -174.86900075
803.50000000      60.62094728
803.75000000      119.36562046
804.00000000      -228.82497454
804.25000000      -45.13083105
804.50000000      12.27805758
804.75000000      38.38169802
805.00000000      -238.36990311
805.25000000      -284.89673919
805.50000000      -12.13880358
805.75000000      57.70391031
806.00000000      -272.70859093
806.25000000      -266.20630071
806.50000000      134.97078756
806.75000000      -20.32731958
807.00000000      -91.76061556
807.25000000      163.15090615
807.50000000      65.66725210
807.75000000      324.54842880
808.00000000      113.59444277
808.25000000      -119.04469949
808.50000000      1.51100852
808.75000000      -292.80842673
809.00000000      -298.11299877
809.25000000      37.95729888
809.50000000      375.49247266
809.75000000      457.45252901
810.00000000      369.69747436
810.25000000      111.70731514
810.50000000      -58.09794224
810.75000000      2.53170862
811.00000000      128.19627411
811.25000000      416.09576061
811.50000000      78.18017450
811.75000000      157.31952213
812.00000000      33.76380986
812.25000000      -186.37695598
812.50000000      -175.52276904
812.75000000      -82.31362301
813.00000000      -21.19951157
813.25000000      -161.62042843
813.50000000      -67.05636729
813.75000000      155.19267814
814.00000000      400.48671412
814.25000000      447.27574692
814.50000000      81.08978279
814.75000000      -43.53117203
815.00000000      -168.48711129
815.25000000      -524.39802878
815.50000000      -444.83391829
815.75000000      -299.47477360
816.00000000      -244.76058852
816.25000000      -356.69135687
816.50000000      -293.12707247
816.75000000      -278.26772915
817.00000000      -238.71332076
817.25000000      -123.56384115
817.50000000      -109.50928419
817.75000000      -179.49964373
818.00000000      134.30508633
818.25000000      49.37491210
818.50000000      146.95983969
818.75000000      174.20987518
819.00000000      246.28502466
819.25000000      369.17529419
819.50000000      57.62068984
819.75000000      -75.90878233
820.00000000      -175.68311629
820.25000000      -292.55230601
820.50000000      -224.05634544
820.75000000      -195.59522859
821.00000000      37.14105055
821.25000000      -114.62750201
821.50000000      -21.87088029
821.75000000      -41.53907831
822.00000000      -208.65209011
822.25000000      -322.72990972
822.50000000      -128.52253119
822.75000000      157.69005141
823.00000000      503.38784403
823.25000000      527.54085259
823.50000000      338.16908299
823.75000000      167.06254115
824.00000000      317.37123296
824.25000000      296.47516430
824.50000000      396.29434106
824.75000000      314.13876910
825.00000000      -130.69154571
825.25000000      -13.13659753
825.50000000      137.57361949
825.75000000      -53.13088883
826.00000000      -364.04011665
826.25000000      45.68594183
826.50000000      218.14729243
826.75000000      190.46394094
827.00000000      264.18589315
827.25000000      246.66315484
827.50000000      679.38573177
827.75000000      407.92362972
828.00000000      -92.74314557
828.25000000      -49.51458836
828.50000000      -54.13069290
828.75000000      0.82854653
829.00000000      388.86313564
829.25000000      64.99308015
829.50000000      -89.98161424
829.75000000      -197.96094185
830.00000000      -315.17489699
830.25000000      -377.25347398
830.50000000      -379.65666717
830.75000000      46.42552911
831.00000000      -18.99687949
831.25000000      -242.04388734
831.50000000      -152.44548880
831.75000000      -119.37167826
832.00000000      -94.57245009
832.25000000      8.88220130
832.50000000      -137.21771849
832.75000000      -283.49220386
833.00000000      -289.26124924
833.25000000      41.85515094
833.50000000      114.27700224
833.75000000      -191.30568978
834.00000000      -157.55291957
834.25000000      50.07531841
834.50000000      70.76902967
834.75000000      67.39821975
835.00000000      146.07289415
835.25000000      86.08305838
835.50000000      -208.42128207
835.75000000      -294.24012170
836.00000000      -330.33345505
836.25000000      -72.03127664
836.50000000      -248.74358100
836.75000000      -216.52036269
837.00000000      -37.98161625
837.25000000      69.30266374
837.50000000      166.49248273
837.75000000      -155.43215388
838.00000000      -215.50124066
838.25000000      -10.65477222
838.50000000      33.46725685
838.75000000      148.66485193
839.00000000      27.30801840
839.25000000      72.61676163
839.50000000      191.50108699
839.75000000      207.89099984
840.00000000      290.52650552
840.25000000      332.92760937
840.50000000      -198.99568328
840.75000000      -44.00336711
841.00000000      60.12456321
841.25000000      26.37811298
841.50000000      -120.92271250
841.75000000      -65.24790795
842.00000000      129.50253193
842.25000000      28.17861241
842.50000000      -111.84966124
842.75000000      -95.50228377
843.00000000      21.70075009
843.25000000      -30.43055444
843.50000000      -167.70619211
843.75000000      -183.10615769
844.00000000      -178.94044597
844.25000000      -47.47905172
844.50000000      69.32803025
844.75000000      0.35080514
845.00000000      26.24927814
845.25000000      -227.93654557
845.50000000      -541.83666082
845.75000000      -315.96106243
846.00000000      63.76025474
846.25000000      72.94729585
846.50000000      42.66006605
846.75000000      408.12857046
847.00000000      349.51281421
847.25000000      48.79280242
847.50000000      227.21854021
847.75000000      130.73003268
848.00000000      252.39728492
848.25000000      60.77030203
848.50000000      4.23908908
848.75000000      270.33365115
849.00000000      -35.50600670
849.25000000      -84.09987940
849.50000000      37.56203810
849.75000000      -101.57024917
850.00000000      -36.70673617
850.25000000      -68.77741786
850.50000000      122.50771078
850.75000000      103.88865475
851.00000000      17.09541906
851.25000000      -57.65199129
851.50000000      -134.62357130
851.75000000      -96.50931600
852.00000000      -66.50922040
852.25000000      -65.68327954
852.50000000      133.90851154
852.75000000      636.68615780
853.00000000      834.62966418
853.25000000      960.01903562
853.50000000      1013.41427706
853.75000000      2140.48539342
854.00000000      2832.71238962
854.25000000      4011.38527057
854.50000000      5701.55404116
854.75000000      6402.81870630
855.00000000      6557.67927088
855.25000000      6528.23573977
855.50000000      6171.48811785
855.75000000      5747.63640998
856.00000000      5557.28062103
856.25000000      5423.22075585
856.50000000      5228.55681928
856.75000000      4393.28881616
857.00000000      4131.81675132
857.25000000      3926.44062958
857.50000000      2949.96045576
857.75000000      2374.80623468
858.00000000      1810.76797112
858.25000000      1853.78566989
858.50000000      1628.63933578
858.75000000      1286.56897356
859.00000000      1339.08458802
859.25000000      1205.24618390
859.50000000      838.63376599
859.75000000      788.88733902
860.00000000      655.48690775
860.25000000      423.56247691
860.50000000      685.17405124
860.75000000      659.31163546
861.00000000      752.01523428
861.25000000      451.14485243
861.50000000      512.72049460
861.75000000      589.69216548
862.00000000      631.50986978
862.25000000      842.85361217
862.50000000      1113.88339733
862.75000000      1144.02922993
863.00000000      658.44111463
863.25000000      493.63905608
863.50000000      655.55305895
863.75000000      719.29312786
864.00000000      501.47926745
864.25000000      490.67148236
864.50000000      385.59977720
864.75000000      327.07415659
865.00000000      433.94462514
865.25000000      452.06118744
865.50000000      590.17384810
865.75000000      722.52261170
866.00000000      409.38748282
866.25000000      434.69846604
866.50000000      404.37556592
866.75000000      439.19878703
867.00000000      437.64813392
867.25000000      657.53361114
867.50000000      600.66522322
867.75000000      450.76297471
868.00000000      519.19687013
868.25000000      348.71691401
868.50000000      692.68311085
868.75000000      942.53546516
869.00000000      1170.05398146
869.25000000      1347.51866422
869.50000000      1346.89951795
869.75000000      1487.80654711
870.00000000      1554.33975620
870.25000000      1628.61914967
870.50000000      1959.64473199
870.75000000      2055.39650762
871.00000000      2592.68448100
871.25000000      3142.74865657
871.50000000      3228.24903878
871.75000000      3017.54563205
872.00000000      3599.33844081
872.25000000      3905.32746947
872.50000000      3427.61272245
872.75000000      2737.32420414
873.00000000      2398.64191895
873.25000000      2610.32587127
873.50000000      2210.60606548
873.75000000      2005.86250596
874.00000000      2071.84519708
874.25000000      2256.67414322
874.50000000      1641.56934872
874.75000000      1488.75081794
875.00000000      1532.14855524
875.25000000      2044.30256495
875.50000000      2002.38285140
875.75000000      1647.56941892
876.00000000      1419.93227184
876.25000000      1500.50141447
876.50000000      1559.65685112
876.75000000      1493.43858609
877.00000000      1304.30662368
877.25000000      1452.22096819
877.50000000      1695.72162389
877.75000000      2106.86859506
878.00000000      1859.98188598
878.25000000      1745.42150091
878.50000000      1873.07744411
878.75000000      1820.97971984
879.00000000      1650.98833234
879.25000000      1777.70328586
879.50000000      1763.83458462
879.75000000      1984.63223287
880.00000000      2125.36623482
