790.00000000      -198.01802768
790.25000000      -176.24958015
790.50000000      153.69158905
790.75000000      -71.10451016
791.00000000      -358.98786788
791.25000000      -561.98847422
791.50000000      -367.56631932
791.75000000      -140.77139330
792.00000000      43.80631366
792.25000000      91.55681140
792.50000000      -60.24989030
792.75000000      -138.91378162
793.00000000      -272.81485281
793.25000000      -71.18309410
793.50000000      -28.05849576
793.75000000      108.91895194
794.00000000      -29.52074128
794.25000000      -139.44756575
794.50000000      -440.98151178
794.75000000      -234.67256972
795.00000000      185.04927009
795.25000000      46.25401726
795.50000000      167.28168141
795.75000000      271.46227213
796.00000000      238.30579901
796.25000000      448.17227159
796.50000000      697.65169945
796.75000000      329.21409209
797.00000000      -228.61054095
797.25000000      -391.15219019
797.50000000      -24.08084613
797.75000000      -182.97649932
798.00000000      -112.68914029
798.25000000      -224.14875961
798.50000000      -24.24534786
798.75000000      400.12110436
799.00000000      445.09060645
799.25000000      415.66316778
799.50000000      536.17879771
799.75000000      559.27750557
800.00000000      437.73930070
800.25000000      222.45419242
800.50000000      195.02219000
800.75000000      -177.72669725
801.00000000      105.97753991
801.25000000      232.12491075
801.50000000      -92.28457550
801.75000000      12.18909037
802.00000000      342.85591757
802.25000000      68.71591529
802.50000000      22.44909271
802.75000000      37.49545898
803.00000000      -231.37497675
803.25000000      -485.48220536
803.50000000      -289.93621773
803.75000000      -303.13700476
804.00000000      80.72544262
804.25000000      -259.52886650
804.50000000      -260.06992308
804.75000000      116.08228191
805.00000000      47.37775751
805.25000000      -336.10348728
805.50000000      10.69855654
805.75000000      156.58389794
806.00000000      358.21254589
806.25000000      387.75450934
806.50000000      299.96979723
806.75000000      -35.29158154
807.00000000      247.31038195
807.25000000      95.25569659
807.50000000      -69.19562874
807.75000000      124.71641481
808.00000000      -139.20816391
808.25000000      -341.81935606
808.50000000      -145.23715283
808.75000000      -245.53154541
809.00000000      -311.81252501
809.25000000      -645.72008287
809.50000000      -631.16421022
809.75000000      -305.18489831
810.00000000      117.07786158
810.25000000      443.10407818
810.50000000      269.31376018
810.75000000      299.95691628
811.00000000      212.63355514
811.25000000      -78.45631456
811.50000000      -23.36268419
811.75000000      -6.21554512
812.00000000      355.23511128
812.25000000      152.09929361
812.50000000      61.95701046
812.75000000      -242.83172961
813.00000000      -387.71691801
813.25000000      43.86145378
813.50000000      -56.57660569
813.75000000      -72.33108791
814.00000000      -57.04198436
814.25000000      -4.25928657
814.50000000      203.54701396
814.75000000      244.91692568
815.00000000      177.95045704
815.25000000      199.02761649
815.50000000      137.57841244
815.75000000      0.92285330
816.00000000      -226.37905253
816.25000000      13.67270333
816.50000000      215.21812925
816.75000000      41.05723359
817.00000000      -44.40997533
817.25000000      -421.28348916
817.50000000      -233.25329959
817.75000000      -334.26939833
818.00000000      -306.49177709
818.25000000      -236.45042759
818.50000000      -387.89534158
818.75000000      -238.67651080
819.00000000      -88.63392702
819.25000000      -173.77758203
819.50000000      -64.36746762
819.75000000      -191.93357559
820.00000000      -88.74589776
820.25000000      -13.65442598
820.50000000      -39.19915207
820.75000000      29.20993209
821.00000000      281.91283464
821.25000000      -168.90043632
821.50000000      -372.18987267
821.75000000      -71.90546634
822.00000000      240.93279075
822.25000000      349.80490667
822.50000000      327.96088946
822.75000000      -170.87925285
823.00000000      -311.23551222
823.25000000      -49.13788065
823.50000000      150.43364986
823.75000000      103.26908729
824.00000000      444.51843961
824.25000000      398.56171478
824.50000000      123.31892075
824.75000000      -31.89993454
825.00000000      -218.79484319
825.25000000      21.69420271
825.50000000      -2.66278893
825.75000000      -60.43581024
826.00000000      164.58514666
826.25000000      -57.75991039
826.50000000      -128.37097353
826.75000000      -169.12803494
827.00000000      87.51891320
827.25000000      269.91987870
827.50000000      8.56486936
827.75000000      152.02389295
828.00000000      95.27695724
828.25000000      -78.57593001
828.50000000      449.72523894
828.75000000      227.60047182
829.00000000      372.54977636
829.25000000      203.59316025
829.50000000      -157.46936880
829.75000000      -28.53780311
830.00000000      122.15786498
830.25000000      -88.01235687
830.50000000      -134.50846101
830.75000000      113.47956019
831.00000000      234.96171435
831.25000000      14.81800908
831.50000000      241.31845198
831.75000000      439.29305062
832.00000000      291.99181259
832.25000000      -30.65525456
832.50000000      -160.85814327
832.75000000      -93.23684603
833.00000000      -54.11135529
833.25000000      274.89833646
833.50000000      190.21223670
833.75000000      -184.47964706
834.00000000      -180.83730736
834.25000000      -58.32073673
834.50000000      -16.73992771
834.75000000      -161.22487287
835.00000000      -315.66556478
835.25000000      -169.77199602
835.50000000      -64.39415918
835.75000000      -37.33204688
836.00000000      233.45434827
836.25000000      460.63503365
836.50000000      197.80001660
836.75000000      85.89930447
837.00000000      -63.68709540
837.25000000      -49.52917568
837.50000000      -14.46692908
837.75000000      -126.52034828
838.00000000      -49.71942599
838.25000000      114.99584505
838.50000000      -51.01452789
838.75000000      185.04946246
839.00000000      369.55782332
839.25000000      603.73056193
839.50000000      231.47768552
839.75000000      129.72920128
840.00000000      291.22511642
840.25000000      394.48543812
840.50000000      221.42017356
840.75000000      97.26932989
841.00000000      12.25291426
841.25000000      -45.63906617
841.50000000      -26.08660428
841.75000000      -100.55969296
842.00000000      -104.95832510
842.25000000      -41.43249361
842.50000000      -556.61219139
842.75000000      -617.41741139
843.00000000      -250.36814653
843.25000000      -282.65438976
843.50000000      -173.08613405
843.75000000      -225.64337237
844.00000000      81.36390230
844.25000000      287.66569697
844.50000000      -105.68798138
844.75000000      -51.82712574
845.00000000      5.90827083
845.25000000      -108.44178468
845.50000000      -58.50728533
845.75000000      67.20177583
846.00000000      -28.24459429
846.25000000      -19.22638876
846.50000000      -43.68360067
846.75000000      -96.38622312
847.00000000      -111.17424924
847.25000000      -190.06767213
847.50000000      -25.81648495
847.75000000      -137.48068084
848.00000000      -144.99025294
848.25000000      57.20480556
848.50000000      169.49450150
848.75000000      192.39884167
849.00000000      102.38783289
849.25000000      -133.38851806
849.50000000      -225.91020439
849.75000000      -319.22721935
850.00000000      30.45044383
850.25000000      -0.80720810
850.50000000      -9.71016842
850.75000000      -244.51843038
851.00000000      186.49801272
851.25000000      375.55916759
851.50000000      398.39504092
851.75000000      108.31563940
852.00000000      -205.87903029
852.25000000      66.75103850
852.50000000      184.14585243
852.75000000      322.72541814
853.00000000      731.46974227
853.25000000      999.65883143
853.50000000      1468.85269225
853.75000000      2038.72133131
854.00000000      3519.74475522
854.25000000      4429.21297055
854.50000000      5204.17598387
854.75000000      5554.23380175
855.00000000      5998.88643073
855.25000000      5970.23387736
855.50000000      5967.27614817
855.75000000      5501.21324967
856.00000000      5299.64518837
856.25000000      5348.37197078
856.50000000      4909.49360339
856.75000000      4203.01009267
857.00000000      3571.32144510
857.25000000      3104.72766713
857.50000000      2456.02876521
857.75000000      1892.65474579
858.00000000      1731.39561529
858.25000000      1696.19138013
858.50000000      1571.82204673
858.75000000      1283.52762147
859.00000000      923.81811076
859.25000000      673.75352098
859.50000000      439.91385848
859.75000000      411.93912964
860.00000000      481.30934080
860.25000000      296.15449831
860.50000000      291.53460849
860.75000000      342.43967767
861.00000000      883.90971215
861.25000000      721.80471825
861.50000000      603.14470225
861.75000000      99.87967043
862.00000000      177.45962907
862.25000000      334.56458443
862.50000000      488.35454277
862.75000000      390.25951032
863.00000000      220.42949332
863.25000000      240.38449800
863.50000000      384.05453056
863.75000000      349.54959723
864.00000000      480.49970418
864.25000000      509.43485762
864.50000000      414.11506371
864.75000000      439.34032862
865.00000000      606.96065851
865.25000000      856.82605953
865.50000000      890.68653782
865.75000000      796.78209951
866.00000000      817.39275072
866.25000000      747.44849755
866.50000000      934.86934611
866.75000000      848.43530250
867.00000000      788.62637279
867.25000000      974.25256305
867.50000000      681.12387936
867.75000000      798.96032777
868.00000000      730.13191432
868.25000000      625.38864505
868.50000000      716.09052599
868.75000000      1078.67756315
869.00000000      1158.92976254
869.25000000      1363.12713017
869.50000000      1423.23967202
869.75000000      1797.87739407
870.00000000      2063.14030230
870.25000000      2188.14840267
870.50000000      2478.88170113
870.75000000      2379.38020363
871.00000000      2372.39391611
871.25000000      2751.18284448
871.50000000      3091.40699467
871.75000000      3107.42637259
872.00000000      3287.94098414
872.25000000      3486.65083520
872.50000000      3590.65593166
872.75000000      2868.05627940
873.00000000      2383.12188427
873.25000000      2362.52275213
873.50000000      2059.51888882
873.75000000      1929.49030019
874.00000000      2221.18699206
874.25000000      2047.72897025
874.50000000      1865.33624058
874.75000000      1855.22880884
875.00000000      2013.33668082
875.25000000      2172.19986232
875.50000000      1988.98835910
875.75000000      1733.88217693
876.00000000      1872.95132158
876.25000000      2077.22579878
876.50000000      1938.08561428
876.75000000      1861.57077382
877.00000000      1883.14128311
877.25000000      1516.75714787
877.50000000      1374.95837381
877.75000000      1544.80496661
878.00000000      1687.61693198
878.25000000      1859.75427559
878.50000000      1420.10700311
878.75000000      1580.70512021
879.00000000      2019.40863253
879.25000000      2266.81754573
879.50000000      1751.64186545
879.75000000      1554.13159730
880.00000000      1530.55674691
