790.00000000      -381.73860248
790.25000000      -246.17703433
790.50000000      141.55747940
790.75000000      98.55494833
791.00000000      -13.53461794
791.25000000      275.25879016
791.50000000      177.47518218
791.75000000      -122.93543232
792.00000000      -331.56304381
792.25000000      -195.01764279
792.50000000      -139.02921975
792.75000000      -158.89776521
793.00000000      -233.00326972
793.25000000      -292.57572381
793.50000000      55.34488194
793.75000000      102.11855695
794.00000000      -214.52468937
794.25000000      -225.65484764
794.50000000      -137.39190849
794.75000000      -208.28586256
795.00000000      -506.76670052
795.25000000      -187.76441304
795.50000000      -358.93899080
795.75000000      -283.96042453
796.00000000      -382.31870494
796.25000000      -79.65382277
796.50000000      -30.39576877
796.75000000      -258.01453371
797.00000000      -276.04010837
797.25000000      -375.78248357
797.50000000      -269.91165010
797.75000000      -5.00759881
798.00000000      -119.92032053
798.25000000      -220.57980613
798.50000000      199.12395352
798.75000000      335.29096753
799.00000000      369.06124498
799.25000000      306.43479496
799.50000000      293.75162654
799.75000000      237.65174876
800.00000000      921.91517065
800.25000000      837.43190123
800.50000000      497.80194951
800.75000000      132.85532447
801.00000000      569.36203510
801.25000000      992.31209034
801.50000000      583.70549915
801.75000000      316.98227044
802.00000000      287.45241315
802.25000000      399.11593616
802.50000000      459.65284836
802.75000000      224.50315862
803.00000000      238.43687580
803.25000000      433.13400874
803.50000000      437.48456626
803.75000000      244.08855718
804.00000000      123.75599030
804.25000000      70.30687439
804.50000000      140.57121823
804.75000000      -173.47096944
805.00000000      -34.36967986
805.25000000      134.95509568
805.50000000      59.56336590
805.75000000      -108.74486051
806.00000000      -189.30957487
806.25000000      -453.96076851
806.50000000      -338.93843277
806.75000000      -292.39255902
807.00000000      -157.98313863
807.25000000      -243.23016299
807.50000000      -125.87362350
807.75000000      83.84648842
808.00000000      203.73018133
808.25000000      295.92746380
808.50000000      -60.68165564
808.75000000      -187.16716846
809.00000000      -39.63906615
809.25000000      -76.73734021
809.50000000      28.62801785
809.75000000      168.41701649
810.00000000      218.48966418
810.25000000      105.32596934
810.50000000      520.34594043
810.75000000      510.79958584
811.00000000      671.28691398
811.25000000      125.00793324
811.50000000      -119.08734801
811.75000000      134.87107860
812.00000000      181.13322141
812.25000000      -20.19091126
812.50000000      -122.52131107
812.75000000      43.50203028
813.00000000      62.42912108
813.25000000      83.81996961
813.50000000      -189.80541587
813.75000000      -149.74702710
814.00000000      207.35514415
814.25000000      39.95110611
814.50000000      -207.42913301
814.75000000      -75.24556501
815.00000000      -13.39818171
815.25000000      136.49302507
815.50000000      286.85806348
815.75000000      393.01694167
816.00000000      92.52966777
816.25000000      -164.60375010
816.50000000      -276.24330384
816.75000000      2.41101465
817.00000000      -111.24078656
817.25000000      -165.29869940
817.50000000      81.54728418
817.75000000      156.34717223
818.00000000      -187.05902724
818.25000000      -544.20130620
818.50000000      -477.82965666
818.75000000      -352.79407063
819.00000000      -403.93454013
819.25000000      -525.26105721
819.50000000      -471.03361391
819.75000000      -510.78220230
820.00000000      -663.77681446
820.25000000      -394.86744247
820.50000000      -256.59407843
820.75000000      -299.35671447
821.00000000      -126.84534271
821.25000000      -179.83995529
821.50000000      -140.31054437
821.75000000      81.79289790
822.00000000      -157.54962068
822.25000000      72.14190771
822.50000000      66.11749087
822.75000000      104.09713658
823.00000000      214.56085261
823.25000000      200.47864671
823.50000000      -119.12947336
823.75000000      -224.47349987
824.00000000      -104.40342510
824.25000000      205.46075865
824.50000000      145.03905908
824.75000000      161.64148389
825.00000000      -25.43195927
825.25000000      116.87873726
825.50000000      77.34358114
825.75000000      340.39258000
826.00000000      502.23574146
826.25000000      261.71307313
826.50000000      -34.07541739
826.75000000      -230.00972252
827.00000000      -293.53983468
827.25000000      -138.31574631
827.50000000      -18.84744987
827.75000000      168.43506219
828.00000000      331.51179739
828.25000000      108.48276324
828.50000000      51.60796724
828.75000000      73.30741688
829.00000000      55.08111964
829.25000000      -124.05091701
829.50000000      -163.28868563
829.75000000      -353.53217878
830.00000000      -606.01138901
830.25000000      -66.35630893
830.50000000      -92.02693111
830.75000000      -267.21324818
831.00000000      -188.90525274
831.25000000      -345.22293742
831.50000000      -13.89629488
831.75000000      10.90468225
832.00000000      -200.56999872
832.25000000      169.60966956
832.50000000      28.23369438
832.75000000      -150.31791696
833.00000000      20.63484284
833.25000000      462.47198106
833.50000000      129.61350494
833.75000000      183.74942176
834.00000000      293.21973875
834.25000000      -268.43553686
834.50000000      -328.02639784
834.75000000      -166.68283701
835.00000000      -192.29484714
835.25000000      -188.57242107
835.50000000      -79.36555162
835.75000000      -10.47423163
836.00000000      34.14154605
836.25000000      174.15178857
836.50000000      -48.85349696
836.75000000      -201.92430341
837.00000000      -16.68062368
837.25000000      -105.69245068
837.50000000      -234.79977732
837.75000000      -305.02259653
838.00000000      -291.39090126
838.25000000      -213.84468445
838.50000000      144.97606093
838.75000000      261.87134191
839.00000000      84.21116551
839.25000000      330.21553873
839.50000000      397.79446856
839.75000000      160.87796199
840.00000000      369.20602598
840.25000000      145.29866750
840.50000000      -14.93410650
840.75000000      116.74771091
841.00000000      -81.43587334
841.25000000      116.50514767
841.50000000      0.89078084
841.75000000      -129.74896693
842.00000000      43.68591124
842.25000000      300.04542223
842.50000000      241.69957289
842.75000000      -138.27162992
843.00000000      -78.38817936
843.25000000      -117.84006860
843.50000000      -265.43729083
843.75000000      -426.15983923
844.00000000      -516.31770702
844.25000000      -747.18088739
844.50000000      -172.69937358
844.75000000      11.99684119
845.00000000      -39.43223634
845.25000000      149.05340057
845.50000000      54.82375867
845.75000000      66.36884468
846.00000000      158.75866531
846.25000000      -118.38677274
846.50000000      -200.00746278
846.75000000      114.12660187
847.00000000      195.17542789
847.25000000      362.11902193
847.50000000      294.20739064
847.75000000      459.38054067
848.00000000      425.70847864
848.25000000      328.74121117
848.50000000      319.86874487
848.75000000      361.62108633
849.00000000      -74.56175785
849.25000000      -99.49978110
849.50000000      -76.18297685
849.75000000      156.33866145
850.00000000      262.85514036
850.25000000      206.43646640
850.50000000      -120.62735390
850.75000000      -187.59631401
851.00000000      -19.74040744
851.25000000      -143.83962769
851.50000000      -116.16396828
851.75000000      -158.40342272
852.00000000      -142.75798455
852.25000000      147.71235267
852.50000000      -37.05240460
852.75000000      47.36775008
853.00000000      439.95282312
853.25000000      792.98282094
853.50000000      1012.01774995
853.75000000      1354.72761655
854.00000000      2256.63242711
854.25000000      3682.90218801
854.50000000      4903.70690562
854.75000000      6363.60658630
855.00000000      6974.10123638
855.25000000      6792.29086221
855.50000000      6486.17547011
855.75000000      6090.95506640
856.00000000      6260.22965738
856.25000000      5943.79924936
856.50000000      5508.76384861
856.75000000      4803.12346141
857.00000000      3920.27809403
857.25000000      3714.52775274
857.50000000      3108.67244377
857.75000000      2371.11217337
858.00000000      2193.72694776
858.25000000      1838.36677316
858.50000000      1398.84165579
858.75000000      1128.39160184
859.00000000      1276.52661751
859.25000000      996.30670896
859.50000000      509.31188238
859.75000000      383.18214393
860.00000000      434.39749976
860.25000000      665.08795600
860.50000000      444.31351880
860.75000000      398.06419428
861.00000000      548.37998855
861.25000000      311.12090772
861.50000000      380.30695788
861.75000000      502.88814512
862.00000000      389.31447552
862.25000000      218.26595513
862.50000000      252.90259003
862.75000000      353.65438626
863.00000000      285.67134985
863.25000000      375.47348684
863.50000000      582.99080326
863.75000000      827.33330510
864.00000000      560.12099838
864.25000000      275.91388908
864.50000000      473.44198319
864.75000000      395.51528669
865.00000000      322.98380554
865.25000000      293.69754570
865.50000000      240.40651311
865.75000000      245.35071371
866.00000000      162.81015344
866.25000000      245.71483820
866.50000000      456.98477392
866.75000000      464.39996649
867.00000000      617.44042181
867.25000000      487.91614576
867.50000000      611.63714422
867.75000000      672.32342305
868.00000000      819.34498811
868.25000000      913.45184524
868.50000000      713.00400029
868.75000000      728.44145908
869.00000000      964.54422744
869.25000000      1217.59231118
869.50000000      1766.55571610
869.75000000      1614.04444800
870.00000000      1954.15851266
870.25000000      1946.01791586
870.50000000      2227.62266337
870.75000000      2133.95276094
871.00000000      2536.81821433
871.25000000      2780.45902928
871.50000000      3232.53521152
871.75000000      3418.40676678
872.00000000      3294.77370077
872.25000000      3172.33601919
872.50000000      3037.19372776
872.75000000      3181.44683215
873.00000000      2842.39533805
873.25000000      2178.61925112
873.50000000      2159.46857704
873.75000000      2200.29332146
874.00000000      2259.84349002
874.25000000      2211.23908837
874.50000000      1750.70012212
874.75000000      1744.44659691
875.00000000      2194.40851834
875.25000000      2502.12589203
875.50000000      2085.76872355
875.75000000      1518.51701850
876.00000000      1703.44078247
876.25000000      1932.57002101
876.50000000      1835.28473969
876.75000000      1686.62494407
877.00000000      1743.05063968
877.25000000      1648.52183206
877.50000000      1659.57852675
877.75000000      1987.28072925
878.00000000      2153.94844509
878.25000000      1743.94167977
878.50000000      1648.15043877
878.75000000      1503.60472759
879.00000000      1333.16455170
879.25000000      1270.42991658
879.50000000      1572.11082767
879.75000000      1899.45729045
880.00000000      1982.73931035
