790.00000000      284.11998323
790.25000000      362.45129741
790.50000000      -100.04603817
790.75000000      -342.28201082
791.00000000      -175.60660788
791.25000000      -91.04981670
791.50000000      80.92837536
791.75000000      -167.72201912
792.00000000      21.40901244
792.25000000      -146.28851739
792.50000000      -406.54459608
792.75000000      -456.65921112
793.00000000      -271.01235002
793.25000000      70.16599968
793.50000000      -246.16414956
793.75000000      -508.64278533
794.00000000      -461.53989522
794.25000000      -332.92546685
794.50000000      -170.91948788
794.75000000      -26.07194595
795.00000000      -51.81282877
795.25000000      -352.07212403
795.50000000      -277.50981947
795.75000000      -204.79590284
796.00000000      -567.42036192
796.25000000      -630.02318449
796.50000000      -278.03435838
796.75000000      -400.92387142
797.00000000      -380.22171148
797.25000000      -351.23786643
797.50000000      -171.64232419
797.75000000      -112.01507266
798.00000000      -20.20609981
798.25000000      135.85460641
798.50000000      -10.72294200
798.75000000      -175.83873305
799.00000000      54.64724525
799.25000000      373.73500482
799.50000000      660.76455761
799.75000000      776.37591551
800.00000000      801.34909042
800.25000000      758.57409419
800.50000000      126.65093867
800.75000000      204.40963568
801.00000000      372.62019703
801.25000000      439.27263449
801.50000000      458.36695982
801.75000000      304.34318477
802.00000000      543.51132105
802.25000000      341.87138036
802.50000000      161.10337438
802.75000000      -129.35268523
803.00000000      -163.72678684
803.25000000      -479.33891884
803.50000000      -140.29906961
803.75000000      293.99277240
804.00000000      204.34661875
804.25000000      272.58248099
804.50000000      269.53037062
804.75000000      260.17029914
805.00000000      101.95227802
805.25000000      14.95631873
805.50000000      81.24243268
805.75000000      103.61063130
806.00000000      -20.27907402
806.25000000      197.74332810
806.50000000      -105.56215099
806.75000000      -262.34549996
807.00000000      -491.26670749
807.25000000      -729.83576229
807.50000000      -427.82265307
807.75000000      -519.43736860
808.00000000      -597.88989762
808.25000000      -615.03022892
808.50000000      -381.97835131
808.75000000      -96.80425361
809.00000000      -156.61792465
809.25000000      206.94064668
809.50000000      60.96147153
809.75000000      133.40456098
810.00000000      190.12992612
810.25000000      -50.38242199
810.50000000      56.28752768
810.75000000      272.38978617
811.00000000      286.52436447
811.25000000      144.89127358
811.50000000      132.44052444
811.75000000      -3.95787198
812.00000000      49.94609523
812.25000000      139.26243699
812.50000000      100.57116419
812.75000000      271.23228769
813.00000000      -42.20418165
813.25000000      -223.17823300
813.50000000      -89.16985555
813.75000000      16.52096150
814.00000000      272.25422892
814.25000000      200.47995748
814.50000000      251.72815791
814.75000000      205.53884093
815.00000000      18.01201724
815.25000000      -270.47230246
815.50000000      -310.48410753
815.75000000      -329.70338730
816.00000000      -432.57013116
816.25000000      -465.08432849
816.50000000      -296.10596870
816.75000000      -311.83504122
817.00000000      -163.87153549
817.25000000      164.68455902
817.50000000      28.14325283
817.75000000      -24.44544356
818.00000000      -42.24151966
818.25000000      -361.77496501
818.50000000      -162.79576916
818.75000000      68.84607831
819.00000000      213.31058781
819.25000000      411.58776974
819.50000000      358.41763446
819.75000000      315.27019235
820.00000000      -11.12454627
820.25000000      372.38342893
820.50000000      164.25412825
820.75000000      -187.91243802
821.00000000      -146.80625963
821.25000000      -170.20732630
821.50000000      171.91437218
821.75000000      51.60884603
822.00000000      84.85610545
822.25000000      104.13616062
822.50000000      260.69902171
822.75000000      287.26469885
823.00000000      179.31320217
823.25000000      161.81454180
823.50000000      298.78872781
823.75000000      239.02577029
824.00000000      140.67567929
824.25000000      -69.88153515
824.50000000      -96.72586299
824.75000000      -137.54729424
825.00000000      88.95418110
825.25000000      305.83857300
825.50000000      326.87589141
825.75000000      303.49614628
826.00000000      157.90934753
826.25000000      235.95550506
826.50000000      114.73462876
826.75000000      38.36672849
827.00000000      683.40181413
827.25000000      794.18989550
827.50000000      728.22098242
827.75000000      631.06508470
828.00000000      422.70221212
828.25000000      438.23237446
828.50000000      193.91558147
828.75000000      170.17184289
829.00000000      359.50116844
829.25000000      537.92356783
829.50000000      573.23905073
829.75000000      181.54762683
830.00000000      352.61930577
830.25000000      514.82409720
830.50000000      470.70201074
830.75000000      181.06305600
831.00000000      -183.08275744
831.25000000      -299.85542000
831.50000000      -149.98492213
831.75000000      141.35874572
832.00000000      449.42559307
832.25000000      315.14562943
832.50000000      85.30886429
832.75000000      -94.70469286
833.00000000      45.78496741
833.25000000      262.15785458
833.50000000      225.83397805
833.75000000      65.50334725
834.00000000      139.50597157
834.25000000      53.38186039
834.50000000      16.32102308
834.75000000      105.19346898
835.00000000      151.10920743
835.25000000      -91.64175225
835.50000000      -94.90940076
835.75000000      -48.49372882
836.00000000      -120.35472716
836.25000000      -310.82238652
836.50000000      -367.30669766
836.75000000      -127.85765136
837.00000000      -228.09523841
837.25000000      -247.58944961
837.50000000      -209.18027580
837.75000000      -418.88770781
838.00000000      -204.74173649
838.25000000      200.31764729
838.50000000      277.65045264
838.75000000      -5.94331133
839.00000000      -91.09363555
839.25000000      -337.58051094
839.50000000      -355.49392845
839.75000000      -361.90387903
840.00000000      -208.07035367
840.25000000      -158.47334336
840.50000000      -307.20283910
840.75000000      -266.01883192
841.00000000      -8.70131284
841.25000000      -70.26027293
841.50000000      -248.37570324
841.75000000      -132.51759487
842.00000000      -96.58593890
842.25000000      -71.73072645
842.50000000      145.41805136
842.75000000      42.94040338
843.00000000      22.31633846
843.25000000      -59.64413457
843.50000000      -85.75100690
843.75000000      -343.98426972
844.00000000      -105.65391425
844.25000000      -17.02993173
844.50000000      -79.06231339
844.75000000      -242.88105050
845.00000000      -117.82613432
845.25000000      -197.85755615
845.50000000      -109.60530729
845.75000000      -99.57937905
846.00000000      -29.70976277
846.25000000      -184.37644979
846.50000000      -221.51943147
846.75000000      -230.90869919
847.00000000      -42.38424433
847.25000000      -163.96605831
847.50000000      -6.40413253
847.75000000      55.24154157
848.00000000      -65.95902746
848.25000000      -71.45583107
848.50000000      68.14113926
848.75000000      -187.63810797
849.00000000      -327.35356424
849.25000000      -104.82522108
849.50000000      53.95692997
849.75000000      -165.05710262
850.00000000      -15.07731041
850.25000000      11.96631502
850.50000000      30.36378208
850.75000000      302.85509918
851.00000000      216.17027470
851.25000000      497.52931700
851.50000000      333.66223446
851.75000000      -184.12096460
852.00000000      -84.02027184
852.25000000      86.90432107
852.50000000      255.59282240
852.75000000      462.46524047
853.00000000      550.50158353
853.25000000      712.98185986
853.50000000      1371.46607770
853.75000000      1899.62424528
854.00000000      2817.93637082
854.25000000      4485.69246253
854.50000000      5570.94252860
854.75000000      6101.28657722
855.00000000      6541.22461654
855.25000000      6253.85665472
855.50000000      5932.18269990
855.75000000      5797.40276021
856.00000000      5647.11684375
856.25000000      5834.12495863
856.50000000      5562.52711293
856.75000000      5164.32331472
857.00000000      4292.91357207
857.25000000      3624.59789302
857.50000000      3469.17628559
857.75000000      3173.04875782
858.00000000      2598.09531770
858.25000000      2216.16597323
858.50000000      1442.07073238
858.75000000      1062.04960314
859.00000000      901.61259344
859.25000000      965.81971123
859.50000000      969.25096444
859.75000000      1201.54636098
860.00000000      995.18590876
860.25000000      801.29961565
860.50000000      655.94748955
860.75000000      604.11953830
861.00000000      541.85576976
861.25000000      443.01619177
861.50000000      413.62081215
861.75000000      307.61963872
862.00000000      268.46267926
862.25000000      616.82994158
862.50000000      719.88143343
862.75000000      832.04716258
863.00000000      941.47713678
863.25000000      872.69136377
863.50000000      888.61985126
863.75000000      505.37260696
864.00000000      436.56963858
864.25000000      568.77095380
864.50000000      329.70656029
864.75000000      411.18646570
865.00000000      469.06067769
865.25000000      551.17920390
865.50000000      535.29205194
865.75000000      893.63922942
866.00000000      730.50074394
866.25000000      480.80660309
866.50000000      456.47681443
866.75000000      346.29138554
867.00000000      506.73032395
867.25000000      800.60363721
867.50000000      845.72133283
867.75000000      890.80341833
868.00000000      1134.21990121
868.25000000      1174.72078896
868.50000000      938.66608904
868.75000000      1106.49580892
869.00000000      1331.98995606
869.25000000      1269.42853788
869.50000000      1455.78156183
869.75000000      1424.65903530
870.00000000      1861.16096571
870.25000000      2572.40736045
870.50000000      3040.39822689
870.75000000      3090.15357239
871.00000000      2996.36340432
871.25000000      3177.38773002
871.50000000      3071.84655681
871.75000000      2993.04989202
872.00000000      3249.84774296
872.25000000      3060.83011691
872.50000000      2888.04702116
872.75000000      2750.68846299
873.00000000      2933.95444965
873.25000000      2736.58498839
873.50000000      2539.81008645
873.75000000      2268.00975106
874.00000000      2232.93398942
874.25000000      2277.70280873
874.50000000      2028.53621620
874.75000000      1877.65421899
875.00000000      1767.98682427
875.25000000      1786.07403920
875.50000000      1842.08587093
875.75000000      1992.20232657
876.00000000      1863.49341326
876.25000000      1985.98913811
876.50000000      1919.06950820
876.75000000      1810.77453064
877.00000000      1900.56421249
877.25000000      1999.39856081
877.50000000      1856.81758266
877.75000000      1750.88128508
878.00000000      1673.90967511
878.25000000      1630.26275974
878.50000000      1860.83054601
878.75000000      1780.64304089
879.00000000      1968.56025138
879.25000000      2033.18218445
879.50000000      1711.21884706
879.75000000      1819.92024616
880.00000000      1760.55638869
