790.00000000      -132.90260098
790.25000000      121.03977497
790.50000000      126.15431302
790.75000000      48.53102427
791.00000000      -83.18008020
791.25000000      -60.00898932
791.50000000      -452.41569206
791.75000000      -342.45017738
792.00000000      58.29756571
792.25000000      50.21754820
792.50000000      80.57978105
792.75000000      110.08427522
793.00000000      -344.64895837
793.25000000      -118.84990881
793.50000000      254.44143480
793.75000000      -223.41491669
794.00000000      -313.68895240
794.25000000      -1.45066152
794.50000000      313.17996679
794.75000000      229.65294331
795.00000000      270.53827882
795.25000000      392.90598408
795.50000000      469.09606984
795.75000000      440.43854681
796.00000000      214.44342571
796.25000000      67.47071721
796.50000000      -357.90956801
796.75000000      -367.16741931
797.00000000      -86.83282605
797.25000000      -34.21577762
797.50000000      -13.98626343
797.75000000      445.27572709
798.00000000      353.72020452
798.25000000      -156.58282062
798.50000000      -227.52333779
798.75000000      -154.00133650
799.00000000      135.12319373
799.25000000      375.85026339
799.50000000      308.51988291
799.75000000      500.77206273
800.00000000      449.38681326
800.25000000      342.25414491
800.50000000      333.97406804
800.75000000      139.37659302
801.00000000      -110.76826980
801.25000000      -328.47051011
801.50000000      -250.73011759
801.75000000      -106.10708195
802.00000000      43.70860708
802.25000000      154.71695975
802.50000000      324.59798630
802.75000000      88.79169696
803.00000000      -139.93189808
803.25000000      -380.89278863
803.50000000      -336.20096452
803.75000000      -129.25641561
804.00000000      4.75086825
804.25000000      276.64089717
804.50000000      173.24368124
804.75000000      -50.46076945
805.00000000      -247.02244483
805.25000000      -299.36133486
805.50000000      -215.41742952
805.75000000      -303.39071877
806.00000000      -304.62119264
806.25000000      -322.93884114
806.50000000      -334.58365431
806.75000000      -270.70562220
807.00000000      -129.96473488
807.25000000      -248.88098245
807.50000000      -48.19435500
807.75000000      68.85515733
808.00000000      74.06756442
808.25000000      110.59287610
808.50000000      -58.68889779
808.75000000      64.15225255
809.00000000      29.00633692
809.25000000      252.23336510
809.50000000      -31.07665314
809.75000000      -39.96370808
810.00000000      -193.56778997
810.25000000      -286.40888911
810.50000000      64.93300421
810.75000000      28.70789965
811.00000000      84.51580689
811.25000000      -149.44326443
811.50000000      -119.21930468
811.75000000      -64.94230425
812.00000000      -269.36225354
812.25000000      -47.36914296
812.50000000      2.61703705
812.75000000      31.95629603
813.00000000      -72.80135647
813.25000000      -211.09591094
813.50000000      -364.40735788
813.75000000      -151.03568781
814.00000000      -74.62089125
814.25000000      110.28704125
814.50000000      -184.78188087
814.75000000      -115.28764820
815.00000000      45.86974868
815.25000000      -101.92968086
815.50000000      -52.25592742
815.75000000      303.21101834
816.00000000      318.03116577
816.25000000      91.20452420
816.50000000      22.87110294
816.75000000      223.83091127
817.00000000      65.48395849
817.25000000      -67.26974614
817.50000000      71.87980663
817.75000000      -114.01737398
818.00000000      -469.12127873
818.25000000      -249.96189844
818.50000000      16.71077610
818.75000000      36.04675404
819.00000000      73.20604456
819.25000000      -181.82134322
819.50000000      -404.29540017
819.75000000      -23.74611716
820.00000000      -32.44348512
820.25000000      -116.23749496
820.50000000      -114.66813760
820.75000000      -249.13540402
821.00000000      -258.32928516
821.25000000      -155.02977200
821.50000000      23.79314444
821.75000000      90.18947318
822.00000000      563.13922318
822.25000000      494.12240339
822.50000000      356.38902278
822.75000000      88.65909026
823.00000000      13.41261475
823.25000000      105.61960515
823.50000000      121.30007035
823.75000000      197.24401922
824.00000000      143.60146062
824.25000000      286.75240338
824.50000000      369.61685633
824.75000000      238.50482829
825.00000000      159.71632805
825.25000000      387.31136440
825.50000000      31.05994610
825.75000000      -134.60791810
826.00000000      85.51778055
826.25000000      -48.72294923
826.50000000      18.76990128
826.75000000      114.11634076
827.00000000      80.86637789
827.25000000      -37.62997864
827.50000000      -137.88272020
827.75000000      81.67816185
828.00000000      88.03267615
828.25000000      209.28083130
828.50000000      278.68263589
828.75000000      -167.34190149
829.00000000      -154.29277228
829.25000000      -256.14996792
829.50000000      -304.11347988
829.75000000      -270.08329962
830.00000000      -218.28941865
830.25000000      -46.36182845
830.50000000      169.23947944
830.75000000      245.32451351
831.00000000      152.90328220
831.25000000      -148.14420605
831.50000000      -98.54794281
831.75000000      -114.47791966
832.00000000      -81.68412820
832.25000000      8.76343994
832.50000000      76.65479314
832.75000000      174.36993976
833.00000000      -64.41111185
833.25000000      144.69164662
833.50000000      140.09822351
833.75000000      156.49862711
834.00000000      42.23286570
834.25000000      34.84094758
834.50000000      -80.48711900
834.75000000      307.11867420
835.00000000      297.76833543
835.25000000      310.75187290
835.50000000      261.21929482
835.75000000      66.37060939
836.00000000      -204.75417521
836.25000000      -390.48505081
836.50000000      -38.23200927
836.75000000      -85.04504243
837.00000000      25.45585782
837.25000000      202.70069961
837.50000000      203.84949103
837.75000000      129.88224018
838.00000000      191.76895512
838.25000000      -170.43035608
838.50000000      -43.35568537
838.75000000      137.79297528
839.00000000      6.38563390
839.25000000      157.64229849
839.50000000      74.47297704
839.75000000      145.80767755
840.00000000      -107.61359202
840.25000000      -381.27082371
840.50000000      -346.25400958
840.75000000      -202.32314170
841.00000000      -217.25821214
841.25000000      -222.06921301
841.50000000      -190.43613641
841.75000000      -197.82897447
842.00000000      236.85228070
842.25000000      277.45763693
842.50000000      104.35710206
842.75000000      12.63068394
843.00000000      153.75839037
843.25000000      403.55022916
843.50000000      519.19620809
843.75000000      430.71633494
844.00000000      621.80061749
844.25000000      373.17906347
844.50000000      64.90168064
844.75000000      -33.16152329
845.00000000      -285.35054060
845.25000000      -211.62536358
845.50000000      -247.61598454
845.75000000      -212.83239582
846.00000000      49.79541026
846.25000000      29.88744135
846.50000000      -402.49629491
846.75000000      -338.12579089
847.00000000      -207.84103899
847.25000000      -103.66203159
847.50000000      -106.33876110
847.75000000      -67.93121995
848.00000000      145.63059943
848.25000000      309.89670459
848.50000000      -251.74289692
848.75000000      -396.75819758
849.00000000      -141.70918986
849.25000000      -21.41586626
849.50000000      -79.86821930
849.75000000      34.88375852
850.00000000      -111.36992534
850.25000000      -12.55926342
850.50000000      -48.39424828
850.75000000      39.86512752
851.00000000      77.94887140
851.25000000      52.07699076
851.50000000      246.97949301
851.75000000      569.96638553
852.00000000      623.83767569
852.25000000      432.53337085
852.50000000      571.99347837
852.75000000      501.63800558
853.00000000      556.44695981
853.25000000      704.70034838
853.50000000      1108.95817858
853.75000000      2132.89045770
854.00000000      2771.97719303
854.25000000      3955.50839184
854.50000000      5091.53406137
854.75000000      5623.65420888
855.00000000      5630.36884160
855.25000000      5509.77796674
855.50000000      5225.88159152
855.75000000      5864.87972314
856.00000000      5680.37236878
856.25000000      5499.15953561
856.50000000      4991.34123081
856.75000000      4325.91746151
857.00000000      4219.28823487
857.25000000      3637.75355802
857.50000000      3374.11343806
857.75000000      2682.76788211
858.00000000      2145.59689727
858.25000000      1533.45049061
858.50000000      1132.13866920
858.75000000      1021.90144012
859.00000000      1128.24881041
859.25000000      983.24078710
859.50000000      1078.45737723
859.75000000      944.53858782
860.00000000      732.96442586
860.25000000      627.86489835
860.50000000      420.30001227
860.75000000      560.25977461
861.00000000      645.78419231
861.25000000      929.73327232
861.50000000      1107.12702159
861.75000000      583.91544704
862.00000000      506.54855559
862.25000000      587.70635415
862.50000000      711.54884960
862.75000000      658.50604884
863.00000000      153.72795873
863.25000000      359.73458614
863.50000000      493.45593792
863.75000000      455.00202090
864.00000000      206.99284192
864.25000000      127.98840780
864.50000000      228.71872534
864.75000000      340.99380134
865.00000000      235.66364258
865.25000000      517.57825585
865.50000000      601.48764790
865.75000000      695.63182549
866.00000000      730.29079536
866.25000000      714.39456425
866.50000000      740.86313887
866.75000000      509.47652595
867.00000000      524.71473217
867.25000000      389.38776423
867.50000000      505.30562880
867.75000000      811.18833257
868.00000000      1134.40588218
868.25000000      965.70828428
868.50000000      897.45554551
868.75000000      686.08767250
869.00000000      1025.38467187
869.25000000      1276.62655022
869.50000000      1584.78331414
869.75000000      1523.46497022
870.00000000      1924.77152504
870.25000000      2262.82298516
870.50000000      2446.61935713
870.75000000      2898.18064750
871.00000000      3042.15686281
871.25000000      3194.02800957
871.50000000      3241.29409430
871.75000000      3219.35512350
872.00000000      3150.91110366
872.25000000      3594.66204127
872.50000000      3381.70794281
872.75000000      3042.14881472
873.00000000      2576.25466346
873.25000000      2444.69549548
873.50000000      2057.73131721
873.75000000      2229.74213506
874.00000000      1971.47795546
874.25000000      2057.05878479
874.50000000      2218.70462946
874.75000000      2235.63549585
875.00000000      2113.78139032
875.25000000      2413.68231924
875.50000000      2370.50828895
875.75000000      2274.43930581
876.00000000      2337.54537614
876.25000000      2106.85650627
876.50000000      2040.75270250
876.75000000      1808.27397114
877.00000000      1660.88031848
877.25000000      1868.53175080
877.50000000      1827.76827438
877.75000000      1788.64989548
878.00000000      1945.49662035
878.25000000      1997.66845524
878.50000000      2021.05540638
878.75000000      1911.68747998
879.00000000      1724.42468228
879.25000000      1506.86701946
879.50000000      1563.72449774
879.75000000      1671.24712328
880.00000000      1867.70490227
