790.00000000      -40.71546034
790.25000000      39.57743893
790.50000000      -159.95624625
790.75000000      -101.22650711
791.00000000      -294.58333489
791.25000000      -533.05672083
791.50000000      -364.10665621
791.75000000      -346.78313231
792.00000000      -358.67614041
792.25000000      54.60432817
792.50000000      46.32828211
792.75000000      -165.80426993
793.00000000      -275.17331931
793.25000000      -257.00885738
793.50000000      -83.35087553
793.75000000      -219.83936516
794.00000000      -7.74431767
794.25000000      -40.13572448
794.50000000      -114.13357703
794.75000000      -297.28786678
795.00000000      -320.02858518
795.25000000      -355.28572373
795.50000000      -416.71927390
795.75000000      -114.99922721
796.00000000      83.38442482
796.25000000      175.79169066
796.50000000      -316.20742124
796.75000000      46.91709756
797.00000000      -53.36474453
797.25000000      -308.36293908
797.50000000      168.25252229
797.75000000      79.90164797
798.00000000      162.73444632
798.25000000      71.82092572
798.50000000      -179.72890552
798.75000000      -248.81503905
799.00000000      -130.29746657
799.25000000      272.82382023
799.50000000      584.88882964
799.75000000      771.53756992
800.00000000      931.55004934
800.25000000      668.81627614
800.50000000      181.93625857
800.75000000      165.74000483
801.00000000      -66.00247686
801.25000000      358.69882168
801.50000000      729.84390864
801.75000000      641.87279219
802.00000000      752.09548047
802.25000000      404.51198163
802.50000000      137.80230379
802.75000000      -165.59354492
803.00000000      -76.90555643
803.25000000      -26.45372262
803.50000000      -93.34803544
803.75000000      -240.98848681
804.00000000      57.43493130
804.25000000      398.74222693
804.50000000      171.76340811
804.75000000      165.47848284
805.00000000      375.33745913
805.25000000      421.42034494
805.50000000      108.78714826
805.75000000      166.23787704
806.00000000      436.43253922
806.25000000      331.54114273
806.50000000      386.32369550
806.75000000      164.63020543
807.00000000      94.80068041
807.25000000      91.31512833
807.50000000      143.43355704
807.75000000      -100.08402559
808.00000000      -270.43761172
808.25000000      -276.47719353
808.50000000      0.67723680
808.75000000      186.95568709
809.00000000      141.24816511
809.25000000      -7.08532135
809.50000000      189.04523548
809.75000000      429.59984335
810.00000000      89.43850999
810.25000000      -86.95875685
810.50000000      -11.17194947
810.75000000      23.04893985
811.00000000      174.30391878
811.25000000      87.79299502
811.50000000      -232.53382377
811.75000000      -165.80652994
812.00000000      -83.77511584
812.25000000      -89.32957385
812.50000000      -40.88989633
812.75000000      -74.09607570
813.00000000      -92.39810436
813.25000000      -20.23597471
813.50000000      -266.08967921
813.75000000      -357.25921027
814.00000000      -45.38456038
814.25000000      -62.01572198
814.50000000      190.37731244
814.75000000      351.33455040
815.00000000      188.95599937
815.25000000      114.62166686
815.50000000      -125.23843966
815.75000000      -475.30431274
816.00000000      -293.01594492
816.25000000      -301.37332877
816.50000000      -489.23645686
816.75000000      -222.80532179
817.00000000      -95.67991614
817.25000000      -153.96023252
817.50000000      -388.33626357
817.75000000      -544.75800191
818.00000000      -770.38544019
818.25000000      -558.74857107
818.50000000      -313.59738721
818.75000000      -167.78188129
819.00000000      102.85795398
819.25000000      28.31212591
819.50000000      130.32064179
819.75000000      30.35350888
820.00000000      66.14073445
820.25000000      376.83232574
820.50000000      433.88829000
820.75000000      83.89863445
821.00000000      78.20336631
821.25000000      484.99249278
821.50000000      290.30602105
821.75000000      52.19395830
822.00000000      88.63631171
822.25000000      5.11308843
822.50000000      -74.12570439
822.75000000      -7.36005962
823.00000000      -4.10997013
823.25000000      66.59457119
823.50000000      283.77357145
823.75000000      157.21703772
824.00000000      391.07497711
824.25000000      0.72739666
824.50000000      -223.90569656
824.75000000      -235.51429551
825.00000000      -140.79839315
825.25000000      -57.69798246
825.50000000      35.55694358
825.75000000      123.39639196
826.00000000      15.03036967
826.25000000      40.29888370
826.50000000      -29.69805899
826.75000000      53.15954856
827.00000000      -37.57828670
827.25000000      -192.56155785
827.50000000      -373.30025794
827.75000000      -579.22438008
828.00000000      -258.35391736
828.25000000      -165.58886289
828.50000000      -136.66920978
828.75000000      -389.17495117
829.00000000      -299.60608019
829.25000000      -296.94259000
829.50000000      -303.38447377
829.75000000      -94.83172466
830.00000000      -90.51433586
830.25000000      -16.06230056
830.50000000      128.06438804
830.75000000      325.67573671
831.00000000      257.78175222
831.25000000      148.26244135
831.50000000      99.38781085
831.75000000      276.98786745
832.00000000      128.31261789
832.25000000      68.29206888
832.50000000      -124.28377285
832.75000000      -0.03490062
833.00000000      386.71869227
833.25000000      439.35701249
833.50000000      500.30006672
833.75000000      418.23786160
834.00000000      41.51040380
834.25000000      -267.34230006
834.50000000      -58.13024335
834.75000000      -328.98341946
835.00000000      -355.79182177
835.25000000      -210.26544369
835.50000000      -117.25427863
835.75000000      -49.55832003
836.00000000      -188.13756132
836.25000000      -167.32199594
836.50000000      46.47838266
836.75000000      -82.78641900
837.00000000      118.26360561
837.25000000      390.05846300
837.50000000      282.75815968
837.75000000      -106.65729786
838.00000000      -322.21790313
838.25000000      -269.86364967
838.50000000      -55.23453101
838.75000000      -81.53054070
839.00000000      -63.38167229
839.25000000      -131.56791935
839.50000000      -12.17927546
839.75000000      194.71426580
840.00000000      58.85271082
840.25000000      30.75606601
840.50000000      -38.66566226
840.75000000      -111.17246761
841.00000000      -108.54434368
841.25000000      109.20871589
841.50000000      315.40671743
841.75000000      416.57966729
842.00000000      429.82757179
842.25000000      525.00043724
842.50000000      209.46826994
842.75000000      -115.68892381
843.00000000      55.00886228
843.25000000      44.37163449
843.50000000      -14.41060093
843.75000000      -72.31783772
844.00000000      -210.66006963
844.25000000      -582.70729043
844.50000000      -356.40949388
844.75000000      -31.89667377
845.00000000      154.49117611
845.25000000      -127.20593804
845.50000000      -203.61801004
845.75000000      -212.25503371
846.00000000      -236.04700287
846.25000000      -213.37391137
846.50000000      -115.17575305
846.75000000      117.77747822
847.00000000      225.64578858
847.25000000      -58.59081585
847.50000000      -72.68232896
847.75000000      198.31125536
848.00000000      164.45994320
848.25000000      214.31374064
848.50000000      31.26265377
848.75000000      -315.16331136
849.00000000      -47.52414869
849.25000000      378.36014783
849.50000000      295.49958424
849.75000000      157.84416657
850.00000000      165.18390083
850.25000000      140.58879304
850.50000000      90.34884920
850.75000000      37.20407530
851.00000000      323.88447732
851.25000000      372.61006124
851.50000000      178.11083301
851.75000000      116.69679861
852.00000000      374.16796396
852.25000000      370.46433502
852.50000000      332.52591770
852.75000000      343.77271793
853.00000000      631.18474162
853.25000000      1026.04199466
853.50000000      1667.90448295
853.75000000      2662.39221237
854.00000000      3564.13518880
854.25000000      4860.27341810
854.50000000      6156.90690613
854.75000000      6669.63565873
855.00000000      6736.95968174
855.25000000      6356.97898099
855.50000000      6324.69356230
855.75000000      6223.30343149
856.00000000      6227.40859435
856.25000000      5244.80905667
856.50000000      4800.60482426
856.75000000      4705.79590287
857.00000000      4109.78229828
857.25000000      3621.86401624
857.50000000      3065.84106251
857.75000000      2383.11344283
858.00000000      1996.56116293
858.25000000      1897.03422852
858.50000000      1283.34264534
858.75000000      1055.72641908
859.00000000      908.69555544
859.25000000      1221.31006011
859.50000000      1127.14993877
859.75000000      1634.85519710
860.00000000      1278.90584075
860.25000000      1341.43187538
860.50000000      1420.49330663
860.75000000      754.08014015
861.00000000      739.23238156
861.25000000      890.81003648
861.50000000      784.83311053
861.75000000      850.25160930
862.00000000      940.51553840
862.25000000      486.30490340
862.50000000      740.77970990
862.75000000      694.36996344
863.00000000      912.22566961
863.25000000      726.86683395
863.50000000      534.22346200
863.75000000      678.40555930
864.00000000      767.04313137
864.25000000      962.66618375
864.50000000      730.03472193
864.75000000      499.94875142
865.00000000      353.25827772
865.25000000      409.81330631
865.50000000      490.36384267
865.75000000      362.14989227
866.00000000      390.45146056
866.25000000      406.19855301
866.50000000      572.31117506
866.75000000      906.56933214
867.00000000      1052.45302968
867.25000000      977.77227310
867.50000000      772.33706782
867.75000000      666.86741924
868.00000000      854.73333275
868.25000000      1062.68481375
868.50000000      1106.08186761
868.75000000      1388.36449970
869.00000000      1334.31271539
869.25000000      1533.20652004
869.50000000      1650.01591898
869.75000000      1957.35091757
870.00000000      2014.31152113
870.25000000      1886.01773498
870.50000000      2263.46956444
870.75000000      2448.64701482
871.00000000      2805.32009142
871.25000000      2798.84879953
871.50000000      3516.77314443
871.75000000      3859.49313140
872.00000000      3695.70876571
872.25000000      3695.12005262
872.50000000      3257.82699737
872.75000000      2939.92960522
873.00000000      2911.72788140
873.25000000      2643.82183114
873.50000000      2406.50145966
873.75000000      2189.17677217
874.00000000      1599.57777389
874.25000000      1881.82446999
874.50000000      1958.13686569
874.75000000      2000.73496615
875.00000000      1834.54877655
875.25000000      1569.11830207
875.50000000      1635.61354785
875.75000000      1371.21451905
876.00000000      1356.99122081
876.25000000      1815.97365828
876.50000000      1748.54183657
876.75000000      1473.73576081
877.00000000      977.01543611
877.25000000      1086.34086758
877.50000000      1299.25206031
877.75000000      1559.80901939
878.00000000      1771.33174992
878.25000000      2321.18025695
878.50000000      1730.24454557
878.75000000      1447.55462083
879.00000000      1446.97048778
879.25000000      1824.09215147
879.50000000      1900.62961694
879.75000000      2014.83288921
880.00000000      1951.97197332
