790.00000000      -208.45341074
790.25000000      -404.07583530
790.50000000      -124.52650868
790.75000000      121.28458073
791.00000000      180.00744453
791.25000000      424.60209427
791.50000000      110.63854151
791.75000000      -203.96320222
792.00000000      -200.78312543
792.25000000      65.56878339
792.50000000      156.36253570
792.75000000      6.29814294
793.00000000      -184.00438345
793.25000000      -327.77503206
793.50000000      -315.05379150
793.75000000      65.51934959
794.00000000      158.67440258
794.25000000      -351.65862122
794.50000000      -473.59971049
794.75000000      -305.69885393
795.00000000      -321.38604027
795.25000000      -61.59125826
795.50000000      295.02550333
795.75000000      -67.20574427
796.00000000      -220.77498987
796.25000000      86.67777770
796.50000000      452.74256960
796.75000000      479.88939698
797.00000000      230.64827094
797.25000000      302.68920260
797.50000000      351.34220304
797.75000000      33.02728331
798.00000000      -17.10554554
798.25000000      34.01372752
798.50000000      -228.50488650
798.75000000      196.43862337
799.00000000      459.98426811
799.25000000      499.13205868
799.50000000      490.22200599
799.75000000      374.89412097
800.00000000      403.92841450
800.25000000      276.21489747
800.50000000      492.35358073
800.75000000      401.17447512
801.00000000      435.44759146
801.25000000      -24.83705944
801.50000000      -127.67946681
801.75000000      235.36038011
802.00000000      340.59249209
802.25000000      121.01687984
802.50000000      269.31355408
802.75000000      79.92252550
803.00000000      -256.38619523
803.25000000      -98.93259745
803.50000000      243.17332948
803.75000000      210.53159617
804.00000000      102.95221323
804.25000000      -175.74480875
804.50000000      -84.72945922
804.75000000      255.97827238
805.00000000      -297.17160343
805.25000000      -248.09907612
805.50000000      -382.74413521
805.75000000      -390.30677022
806.00000000      -143.12697069
806.25000000      -362.03472618
806.50000000      -123.27002626
806.75000000      -317.98286053
807.00000000      -509.83321860
807.25000000      -528.34109010
807.50000000      -163.24646468
807.75000000      -57.78933199
808.00000000      13.83031828
808.25000000      321.76249643
808.50000000      574.88721274
808.75000000      264.13447748
809.00000000      -516.60569909
809.25000000      -151.97330675
809.50000000      194.12166472
809.75000000      155.63922551
810.00000000      -147.56061419
810.25000000      -163.99784421
810.50000000      41.74754557
810.75000000      36.92556531
811.00000000      94.13622510
811.25000000      351.57953504
811.50000000      90.20550521
811.75000000      -24.11585432
812.00000000      -254.13453351
812.25000000      -230.74052234
812.50000000      -365.35381080
812.75000000      -538.61438888
813.00000000      -281.97224662
813.25000000      -160.86737405
813.50000000      -133.77976123
813.75000000      -126.00939823
814.00000000      134.80372486
814.25000000      -20.89038207
814.50000000      -108.56170913
814.75000000      16.32975352
815.00000000      -190.11598425
815.25000000      -374.51891264
815.50000000      -350.44902181
815.75000000      -403.58630199
816.00000000      -393.37074339
816.25000000      -92.80233624
816.50000000      -240.74107080
816.75000000      -178.38693735
817.00000000      -149.33992616
817.25000000      -373.70002754
817.50000000      -636.15723182
817.75000000      -397.66152931
818.00000000      -249.37291038
818.25000000      -105.82136539
818.50000000      -435.75688472
818.75000000      -58.02945878
819.00000000      508.52092203
819.25000000      757.88426726
819.50000000      510.80058648
819.75000000      355.73988923
820.00000000      156.43218501
820.25000000      288.02748335
820.50000000      534.98579372
820.75000000      424.89712561
821.00000000      117.10148847
821.25000000      110.78889174
821.50000000      471.99934485
821.75000000      638.78285722
822.00000000      398.11943823
822.25000000      -127.51090273
822.50000000      -539.85815629
822.75000000      -446.20231311
823.00000000      -34.06336386
823.25000000      384.52870079
823.50000000      261.59389013
823.75000000      -125.07778654
824.00000000      -176.33631995
824.25000000      149.19829914
824.50000000      -72.55392000
824.75000000      273.71703183
825.00000000      407.31116386
825.25000000      317.28848527
825.50000000      71.41900526
825.75000000      -1.86726703
826.00000000      22.63967757
826.25000000      -92.22015181
826.50000000      95.65325395
826.75000000      269.37990395
827.00000000      263.50980728
827.25000000      8.39297303
827.50000000      117.51941024
827.75000000      207.45912797
828.00000000      33.19213525
828.25000000      74.81844109
828.50000000      -45.40194552
828.75000000      16.95098443
829.00000000      262.37723989
829.25000000      99.89682983
829.50000000      88.30976318
829.75000000      16.71604888
830.00000000      -68.11430417
830.25000000      -260.81128706
830.50000000      -384.83489092
830.75000000      -494.37510687
831.00000000      -454.42192606
831.25000000      -337.09533965
831.50000000      -349.12533883
831.75000000      -516.68191476
832.00000000      -408.51505867
832.25000000      -324.69476176
832.50000000      -358.43101528
832.75000000      -308.34381046
833.00000000      -183.75313858
833.25000000      -144.27899090
833.50000000      -117.50135871
833.75000000      -93.73023332
834.00000000      -143.62560605
834.25000000      44.35253177
834.50000000      -14.60581121
834.75000000      78.36937366
835.00000000      170.38809499
835.25000000      235.74036140
835.50000000      175.57618149
835.75000000      -67.90443617
836.00000000      193.33851701
836.25000000      181.97504956
836.50000000      398.59517004
836.75000000      447.14888697
837.00000000      430.01620887
837.25000000      493.62714422
837.50000000      247.14170153
837.75000000      123.53988926
838.00000000      203.79171586
838.25000000      29.95718979
838.50000000      55.39631947
838.75000000      -206.09088667
839.00000000      -7.13442025
839.25000000      44.48572714
839.50000000      271.67956387
839.75000000      286.37709830
840.00000000      287.31833878
840.25000000      211.02329364
840.50000000      36.40197121
840.75000000      197.69437980
841.00000000      185.12052769
841.25000000      -49.32957682
841.50000000      -66.33592548
841.75000000      194.63148998
842.00000000      77.67267780
842.25000000      -177.36235381
842.50000000      -183.10359662
842.75000000      -72.47104243
843.00000000      -455.98468305
843.25000000      -447.83451031
843.50000000      -409.83051605
843.75000000      -291.95269212
844.00000000      -188.51103038
844.25000000      97.22447728
844.50000000      -13.69616102
844.75000000      -145.40293718
845.00000000      -1.23584313
845.25000000      383.84512920
845.50000000      154.20998788
845.75000000      4.34874094
846.00000000      104.33139642
846.25000000      -143.22203767
846.50000000      -135.25155331
846.75000000      -110.52714253
847.00000000      214.11120267
847.25000000      57.64349025
847.50000000      54.31972815
847.75000000      -145.92007567
848.00000000      -197.00591329
848.25000000      134.61222320
848.50000000      34.32434171
848.75000000      85.65045013
849.00000000      2.06055633
849.25000000      58.70466818
849.50000000      3.60279354
849.75000000      96.70494023
850.00000000      67.80111610
850.25000000      171.96132894
850.50000000      259.48558657
850.75000000      361.08389678
851.00000000      409.51626733
851.25000000      378.99270600
851.50000000      229.24322054
851.75000000      206.57781868
852.00000000      485.79650815
852.25000000      587.83929667
852.50000000      641.64619195
852.75000000      927.63720166
853.00000000      882.79233349
853.25000000      1252.39159511
853.50000000      1820.99499417
853.75000000      2695.22253830
854.00000000      3847.70423514
854.25000000      4727.58009230
854.50000000      5338.95011740
854.75000000      5692.41431801
855.00000000      5998.47270173
855.25000000      6020.22527612
855.50000000      5583.67204874
855.75000000      5333.01302712
856.00000000      4811.84821881
856.25000000      4607.97763133
856.50000000      4672.50127217
856.75000000      4488.41914884
857.00000000      3657.13126883
857.25000000      2960.93763960
857.50000000      2417.63826862
857.75000000      2241.63316333
858.00000000      1931.80233117
858.25000000      1494.99577957
858.50000000      1399.02351594
858.75000000      1182.12554769
859.00000000      1213.81188219
859.25000000      1077.14252683
859.50000000      866.69748898
859.75000000      662.11677600
860.00000000      546.88039521
860.25000000      860.11835396
860.50000000      855.89065957
860.75000000      867.18731934
861.00000000      606.04834057
861.25000000      590.33373055
861.50000000      448.06349655
861.75000000      453.18764582
862.00000000      333.15618563
862.25000000      386.64912322
862.50000000      224.82646580
862.75000000      325.11822060
863.00000000      390.67439482
863.25000000      395.01499565
863.50000000      501.07003028
863.75000000      748.94950588
864.00000000      582.28342960
864.25000000      507.60180860
864.50000000      648.66465001
864.75000000      830.27196096
865.00000000      702.27374856
865.25000000      400.52001992
865.50000000      429.76078213
865.75000000      616.23604227
866.00000000      920.22580741
866.25000000      900.66008460
866.50000000      586.45888090
866.75000000      850.40220334
867.00000000      1159.97005896
867.25000000      780.97245475
867.50000000      787.21939773
867.75000000      906.43089489
868.00000000      940.97695320
868.25000000      989.60757965
868.50000000      992.68278119
868.75000000      1337.64256476
869.00000000      1247.26693732
869.25000000      1170.83590577
869.50000000      1252.31947705
869.75000000      1367.32765805
870.00000000      1981.96045566
870.25000000      2237.33787679
870.50000000      2404.43992828
870.75000000      2845.34661702
871.00000000      3211.64794984
871.25000000      3242.84393359
871.50000000      3424.43457510
871.75000000      3205.81988119
872.00000000      3141.69985867
872.25000000      2837.77451433
872.50000000      2555.14385496
872.75000000      2531.90788735
873.00000000      2184.33661824
873.25000000      1894.10005441
873.50000000      1949.45820260
873.75000000      1921.79106953
874.00000000      1645.84866194
874.25000000      1241.75098654
874.50000000      1266.71805003
874.75000000      1618.96985910
875.00000000      1680.43642044
875.25000000      1567.65774072
875.50000000      1844.80382660
875.75000000      1766.05468472
876.00000000      1385.48032174
876.25000000      1434.11074428
876.50000000      1429.32595896
876.75000000      1612.16597239
877.00000000      1355.09079118
877.25000000      1524.06042190
877.50000000      1540.61487114
877.75000000      1826.81414547
878.00000000      1873.97825145
878.25000000      1912.46719562
878.50000000      2149.17098453
878.75000000      2437.11962470
879.00000000      2490.17312265
879.25000000      2098.93148488
879.50000000      2275.10471790
879.75000000      2330.94282820
880.00000000      2409.71582224
