790.00000000      -62.45710082
790.25000000      -352.78909586
790.50000000      -549.94850465
790.75000000      -266.84531683
791.00000000      -202.82952204
791.25000000      -3.93110996
791.50000000      283.38992973
791.75000000      228.08360733
792.00000000      216.55993312
792.25000000      264.20891735
792.50000000      -22.69942973
792.75000000      -93.46509790
793.00000000      360.53192306
793.25000000      71.06164333
793.50000000      -10.91592691
793.75000000      -291.04077750
794.00000000      -564.58289832
794.25000000      -287.61227922
794.50000000      67.75108988
794.75000000      -35.04278092
795.00000000      -194.42388156
795.25000000      -27.32220198
795.50000000      -411.39773214
795.75000000      -534.32046203
796.00000000      -512.58038165
796.25000000      -338.81748100
796.50000000      10.53824986
796.75000000      51.01682091
797.00000000      77.08824206
797.25000000      -179.55747676
797.50000000      -35.59032565
797.75000000      -165.59029473
798.00000000      -29.40737414
798.25000000      35.02844597
798.50000000      150.82717545
798.75000000      338.08882409
799.00000000      360.95340171
799.25000000      428.42091809
799.50000000      707.83138298
799.75000000      952.82480615
800.00000000      1087.18119732
800.25000000      1072.79056621
800.50000000      724.25292252
800.75000000      858.39827593
801.00000000      789.99663612
801.25000000      604.03801273
801.50000000      360.52241539
801.75000000      93.88985374
802.00000000      221.45033735
802.25000000      54.20387583
802.50000000      6.83047875
802.75000000      20.77015565
803.00000000      58.79291607
803.25000000      41.57876954
803.50000000      -34.98227444
803.75000000      -146.29020639
804.00000000      -335.53501682
804.25000000      -85.89669628
804.50000000      23.45476467
804.75000000      -1.50062455
805.00000000      3.68714548
805.25000000      78.09808415
805.50000000      42.79220084
805.75000000      -77.43049510
806.00000000      -218.90999431
806.25000000      -199.47628747
806.50000000      -108.36936525
806.75000000      -247.73921837
807.00000000      -107.24583753
807.25000000      -350.39921348
807.50000000      -208.96933694
807.75000000      -345.16619870
808.00000000      -228.19978953
808.25000000      -163.92010022
808.50000000      -164.44712157
808.75000000      -413.85084443
809.00000000      -306.24125962
809.25000000      -408.25835801
809.50000000      -192.81213046
809.75000000      35.05743215
810.00000000      43.21033890
810.25000000      84.12659888
810.50000000      87.22622116
810.75000000      135.75921480
811.00000000      252.32558883
811.25000000      232.12535227
811.50000000      -43.89148586
811.75000000      -134.85491659
812.00000000      47.48506908
812.25000000      54.23848011
812.50000000      -63.01467457
812.75000000      -236.91438600
813.00000000      20.08935471
813.25000000      -83.44344352
813.50000000      -229.99277181
813.75000000      -253.85862128
814.00000000      -239.68098307
814.25000000      -67.00984835
814.50000000      -232.31520828
814.75000000      -44.05705404
815.00000000      342.86462316
815.25000000      513.82983210
815.50000000      -43.73141843
815.75000000      -243.49911969
816.00000000      -384.91326294
816.25000000      -283.97383945
816.50000000      -106.54084050
816.75000000      -248.81425739
817.00000000      -33.39408146
817.25000000      -99.38030401
817.50000000      -191.46291641
817.75000000      -115.59191001
818.00000000      -155.92727618
818.25000000      85.00099368
818.50000000      482.44290818
818.75000000      329.54847590
819.00000000      -38.52229459
819.25000000      -186.77939475
819.50000000      -37.48281602
819.75000000      -398.16254988
820.00000000      -379.08858781
820.25000000      -192.11092133
820.50000000      -121.76954195
820.75000000      -347.46444119
821.00000000      -148.88561060
821.25000000      217.18695827
821.50000000      347.78327384
821.75000000      90.95334452
822.00000000      -148.32282128
822.25000000      168.43478483
822.50000000      63.47617121
822.75000000      -68.47865378
823.00000000      31.05031822
823.25000000      126.03309554
823.50000000      -146.51031352
823.75000000      49.21009936
824.00000000      287.34434246
824.25000000      588.27242407
824.50000000      326.91435244
824.75000000      378.58013583
825.00000000      237.56978248
825.25000000      351.94330059
825.50000000      -55.52930160
825.75000000      -161.41801592
826.00000000      80.48716582
826.25000000      -56.97374820
826.50000000      -284.70074984
826.75000000      -147.57383095
827.00000000      -100.04298340
827.25000000      276.24180092
827.50000000      -36.22946989
827.75000000      -588.88678773
828.00000000      -484.75014453
828.25000000      -343.71953223
828.50000000      181.46505722
828.75000000      289.22363185
829.00000000      261.05619970
829.25000000      82.98276877
829.50000000      -6.19665295
829.75000000      78.61794253
830.00000000      191.19656318
830.25000000      174.90921696
830.50000000      -87.70408819
830.75000000      -349.83334433
831.00000000      -406.46854356
831.25000000      -310.72967795
831.50000000      -72.34673962
831.75000000      463.51027930
832.00000000      418.09138670
832.25000000      63.32659042
832.50000000      -118.99410170
832.75000000      -298.49068183
833.00000000      -203.48314214
833.25000000      -320.59147485
833.50000000      -433.39567215
833.75000000      -305.20572627
834.00000000      -152.68162945
834.25000000      -141.28337392
834.50000000      -333.82095196
834.75000000      89.57564416
835.00000000      91.01642217
835.25000000      138.79138977
835.50000000      77.05055463
835.75000000      227.99392445
836.00000000      323.66150688
836.25000000      272.72330958
836.50000000      412.76934019
836.75000000      446.74960634
837.00000000      359.04411564
837.25000000      303.08287569
837.50000000      152.02589409
837.75000000      96.85317842
838.00000000      20.53473623
838.25000000      -58.86942491
838.50000000      114.00070254
838.75000000      236.94512610
839.00000000      65.33385330
839.25000000      215.38689164
839.50000000      -302.98575140
839.75000000      -323.85406831
840.00000000      -34.47805165
840.25000000      255.66230605
840.50000000      18.47701224
840.75000000      44.20607435
841.00000000      131.06949979
841.25000000      16.05729598
841.50000000      -209.51052968
841.75000000      57.89603018
842.00000000      57.37698295
842.25000000      -71.21766402
842.50000000      11.48209663
842.75000000      83.55627223
843.00000000      -179.51512990
843.25000000      -63.92210243
843.50000000      27.52536193
843.75000000      25.84727047
844.00000000      324.73363048
844.25000000      73.91444922
844.50000000      -206.56026606
844.75000000      -276.82050810
845.00000000      -406.20626968
845.25000000      -186.67754358
845.50000000      -70.86432258
845.75000000      160.72340050
846.00000000      20.15563286
846.25000000      -240.94761833
846.50000000      -329.52634590
846.75000000      -142.35054271
847.00000000      -111.26020161
847.25000000      24.72468452
847.50000000      -13.14587720
847.75000000      41.06812034
848.00000000      -86.56331577
848.25000000      -185.49017844
848.50000000      26.67753940
848.75000000      105.46984480
849.00000000      83.32674482
849.25000000      311.42824650
849.50000000      422.78435685
849.75000000      255.34508291
850.00000000      135.90043167
850.25000000      271.52041012
850.50000000      111.49502525
850.75000000      175.56428403
851.00000000      423.45819342
851.25000000      292.39676037
851.50000000      135.10999181
851.75000000      443.90789467
852.00000000      476.59047587
852.25000000      346.09774232
852.50000000      221.36970089
852.75000000      442.82635849
853.00000000      676.44772198
853.25000000      875.51379822
853.50000000      1121.58459406
853.75000000      2272.33011635
854.00000000      3676.23037190
854.25000000      4990.57536754
854.50000000      5915.41511007
854.75000000      6268.34960629
855.00000000      6218.87886298
855.25000000      6361.10288692
855.50000000      6298.02168488
855.75000000      6481.83526359
856.00000000      5891.14362982
856.25000000      5767.74679028
856.50000000      5676.74475170
856.75000000      4936.13752079
857.00000000      4051.32510425
857.25000000      3567.60750877
857.50000000      3099.78474102
857.75000000      2906.25680768
858.00000000      2421.90371540
858.25000000      1962.57547082
858.50000000      1620.08208059
858.75000000      1494.66355133
859.00000000      1556.82988966
859.25000000      1638.64110218
859.50000000      1247.67719548
859.75000000      1149.57817615
860.00000000      1063.82405076
860.25000000      1386.54482588
860.50000000      1120.80050806
860.75000000      786.58110383
861.00000000      647.92661975
861.25000000      670.69706232
861.50000000      857.91243806
861.75000000      391.52275346
862.00000000      221.97801503
862.25000000      309.95822924
862.50000000      540.62340256
862.75000000      481.40354146
863.00000000      586.44865238
863.25000000      438.27874177
863.50000000      720.82381606
863.75000000      924.19388166
864.00000000      717.00894498
864.25000000      579.82901243
864.50000000      657.38409040
864.75000000      728.48418527
865.00000000      721.97930340
865.25000000      958.71945116
865.50000000      768.45463489
865.75000000      618.42486095
866.00000000      501.91013565
866.25000000      262.84046532
866.50000000      462.13585627
866.75000000      330.57631480
867.00000000      579.64184720
867.25000000      859.14245975
867.50000000      805.88815872
867.75000000      894.59895038
868.00000000      1136.64484097
868.25000000      776.77583674
868.50000000      972.35194392
868.75000000      1144.81316873
869.00000000      985.93951738
869.25000000      1032.01099608
869.50000000      1106.99761102
869.75000000      1407.50936839
870.00000000      2139.64627435
870.25000000      2481.52833508
870.50000000      3287.13555673
870.75000000      3536.54794543
871.00000000      3542.35550734
871.25000000      3950.05824857
871.50000000      3847.15617524
871.75000000      3757.04929346
872.00000000      3538.43760932
872.25000000      3385.02112892
872.50000000      2845.91985833
872.75000000      2399.20380362
873.00000000      2588.11297085
873.25000000      2430.38736607
873.50000000      2270.25699533
873.75000000      2253.10186464
874.00000000      1824.67198005
874.25000000      1730.08734755
874.50000000      1847.56797316
874.75000000      1680.33386286
875.00000000      1516.31502265
875.25000000      1740.05145849
875.50000000      1796.71317636
875.75000000      1821.48018220
876.00000000      1968.42248198
876.25000000      1918.57008162
876.50000000      1859.30298706
876.75000000      1874.66120422
877.00000000      1995.10473901
877.25000000      1784.59359733
877.50000000      1433.66778508
877.75000000      2056.38730813
878.00000000      2364.07217236
878.25000000      2204.08238365
878.50000000      2243.30794784
878.75000000      2019.77887078
879.00000000      1816.35515831
879.25000000      1718.63681627
879.50000000      1602.33385047
879.75000000      1636.69626672
880.00000000      1621.99407083
