790.00000000      -15.55679709
790.25000000      -113.00609026
790.50000000      -165.28240752
790.75000000      -483.29573931
791.00000000      -496.39607611
791.25000000      -211.61340840
791.50000000      82.59227332
791.75000000      -54.82902146
792.00000000      161.53271672
792.25000000      343.06749732
792.50000000      137.04532977
792.75000000      -84.83377650
793.00000000      -181.94981209
793.25000000      -406.53276761
793.50000000      -189.62263369
793.75000000      -41.85940097
794.00000000      -16.51306010
794.25000000      -25.65360176
794.50000000      -176.40101663
794.75000000      -267.30529543
795.00000000      -167.79642887
795.25000000      92.19559233
795.50000000      -308.98922261
795.75000000      -209.02086443
796.00000000      -548.38932393
796.25000000      -359.73459189
796.50000000      -2.48665914
796.75000000      445.88448351
797.00000000      -202.15115479
797.25000000      -655.90356489
797.50000000      -724.04273768
797.75000000      -65.14866403
798.00000000      -70.07133485
798.25000000      -118.74074106
798.50000000      -98.04687359
798.75000000      170.11027661
799.00000000      667.87071858
799.25000000      952.23446134
799.50000000      900.54151389
799.75000000      851.43188524
800.00000000      519.68558435
800.25000000      305.19262018
800.50000000      392.55300170
800.75000000      750.59673782
801.00000000      609.09383746
801.25000000      329.03430954
801.50000000      476.41816293
801.75000000      360.68540652
802.00000000      322.14604915
802.25000000      442.80009968
802.50000000      138.32756693
802.75000000      -8.83154028
803.00000000      -213.90721315
803.25000000      -119.21944289
803.50000000      75.12177927
803.75000000      -197.28353792
804.00000000      -271.62538571
804.25000000      -130.08375538
804.50000000      133.17136180
804.75000000      59.11997452
805.00000000      257.21209146
805.25000000      -229.47227871
805.50000000      -502.87312732
805.75000000      -167.19044573
806.00000000      27.23577468
806.25000000      55.57554253
806.50000000      -106.41113358
806.75000000      -36.87424507
807.00000000      120.52621663
807.25000000      -42.72973991
807.50000000      140.61789385
807.75000000      403.32912644
808.00000000      79.20396637
808.25000000      98.39242214
808.50000000      91.77450224
808.75000000      -241.71978485
809.00000000      -369.20043067
809.25000000      36.69257322
809.50000000      501.04923526
809.75000000      747.82956385
810.00000000      386.89356742
810.25000000      270.72125434
810.50000000      318.73263301
810.75000000      92.17771177
811.00000000      131.65649898
811.25000000      291.36900298
811.50000000      97.26523209
811.75000000      4.21519461
812.00000000      -13.53110115
812.25000000      273.13635309
812.50000000      159.79756559
812.75000000      -244.18745539
813.00000000      -473.26870161
813.25000000      -490.88616484
813.50000000      -539.51983687
813.75000000      -201.46970949
814.00000000      25.62422549
814.25000000      46.21197623
814.50000000      179.82355090
814.75000000      314.99895765
815.00000000      261.83820461
815.25000000      158.72129991
815.50000000      -105.92174835
815.75000000      -42.77093207
816.00000000      74.73375683
816.25000000      -0.40767358
816.50000000      -123.05521524
816.75000000      -250.40886012
817.00000000      -169.06860017
817.25000000      -46.13442739
817.50000000      -9.29633377
817.75000000      -200.50431132
818.00000000      -281.91835207
818.25000000      78.93155196
818.50000000      -247.70459128
818.75000000      -436.67677386
819.00000000      -395.82498785
819.25000000      -602.15922533
819.50000000      -327.93947841
819.75000000      -261.69573919
820.00000000      -377.69799981
820.25000000      -580.79625239
820.50000000      -226.53048909
820.75000000      -216.31070207
821.00000000      -247.79688351
821.25000000      -479.79902559
821.50000000      -542.27712052
821.75000000      -327.18116051
822.00000000      -122.53113778
822.25000000      88.15295542
822.50000000      224.12112686
822.75000000      -126.90661575
823.00000000      -256.45026466
823.25000000      -137.53981218
823.50000000      -19.15525060
823.75000000      7.49342777
824.00000000      -224.44376940
824.25000000      -95.58683445
824.50000000      240.98424027
824.75000000      -12.42053759
825.00000000      192.49883958
825.25000000      460.80237940
825.50000000      412.26008947
825.75000000      404.30197739
826.00000000      561.13805071
826.25000000      323.60831702
826.50000000      24.81278386
826.75000000      56.87145878
827.00000000      567.33434930
827.25000000      500.55146293
827.50000000      225.01280719
827.75000000      110.28838956
828.00000000      64.35821752
828.25000000      93.32229855
828.50000000      149.44064009
828.75000000      111.13324960
829.00000000      137.90013450
829.25000000      296.76130222
829.50000000      -12.48323984
829.75000000      -132.73348428
830.00000000      -53.21942371
830.25000000      116.42894924
830.50000000      23.75164193
830.75000000      -82.44133829
831.00000000      -361.13998408
831.25000000      -291.46428812
831.50000000      -193.14424308
831.75000000      243.65015832
832.00000000      147.16892339
832.25000000      252.34205941
832.50000000      247.95957363
832.75000000      -51.59852667
833.00000000      -104.65223426
833.25000000      -226.82154191
833.50000000      -368.68644238
833.75000000      -146.55692848
834.00000000      -56.09299300
834.25000000      54.24537125
834.50000000      128.64817145
834.75000000      50.98541475
835.00000000      -182.63289169
835.25000000      -208.91674072
835.50000000      -290.71612522
835.75000000      -188.83103807
836.00000000      -312.22147215
836.25000000      -473.21742038
836.50000000      -411.22887566
836.75000000      -406.30583091
837.00000000      -127.06827909
837.25000000      -20.08621313
837.50000000      -189.19962600
837.75000000      53.57148934
838.00000000      1.19713991
838.25000000      282.73733271
838.50000000      531.55207473
838.75000000      479.44137298
839.00000000      72.77523441
839.25000000      126.77366599
839.50000000      -39.65332532
839.75000000      -46.57573259
840.00000000      -100.25354887
840.25000000      -223.16676726
840.50000000      -230.40538085
840.75000000      -65.72938273
841.00000000      251.08123398
841.25000000      417.01647616
841.50000000      195.39635067
841.75000000      -22.24913564
842.00000000      163.18002409
842.25000000      246.53383668
842.50000000      360.18230895
842.75000000      61.20544772
843.00000000      -89.91674021
843.25000000      -150.37424805
843.50000000      -107.97706902
843.75000000      -298.70519636
844.00000000      -241.86862330
844.25000000      196.26265689
844.50000000      277.73865097
844.75000000      97.42936566
845.00000000      46.99480766
845.25000000      -43.52501631
845.50000000      -74.76009955
845.75000000      58.77956461
846.00000000      79.16398285
846.25000000      9.01316183
846.50000000      447.38710821
846.75000000      410.51582863
847.00000000      491.55932972
847.25000000      65.49761810
847.50000000      -80.41929961
847.75000000      103.74858318
848.00000000      5.07127307
848.25000000      -126.90122336
848.50000000      -215.77889955
848.75000000      -18.03174893
849.00000000      49.78023505
849.25000000      -157.16294108
849.50000000      -171.85127077
849.75000000      -62.33474753
850.00000000      -365.82336482
850.25000000      -239.24711617
850.50000000      -237.31599507
850.75000000      -174.28999506
851.00000000      1.56089035
851.25000000      -101.54333239
851.50000000      -117.87265684
851.75000000      -419.11707656
852.00000000      -434.47658511
852.25000000      28.98882392
852.50000000      233.21915694
852.75000000      397.63442035
853.00000000      502.21462053
853.25000000      964.23976387
853.50000000      1811.26985674
853.75000000      2658.92490549
854.00000000      3828.83491647
854.25000000      4859.13989602
854.50000000      5268.93985047
854.75000000      5708.83478614
855.00000000      5956.32470935
855.25000000      5398.50962638
855.50000000      5446.38954353
855.75000000      5088.16446708
856.00000000      4756.43440331
856.25000000      4765.99935846
856.50000000      4405.95933880
856.75000000      4079.31435056
857.00000000      3614.46439998
857.25000000      3341.70949328
857.50000000      2959.84963668
857.75000000      2527.28483636
858.00000000      1946.89509854
858.25000000      1680.53042939
858.50000000      1342.00083509
858.75000000      1140.54632179
859.00000000      1285.67689567
859.25000000      1091.45256286
859.50000000      1030.45332950
859.75000000      1252.31920172
860.00000000      1259.53018564
860.25000000      993.21628735
860.50000000      769.43751297
860.75000000      937.18386858
861.00000000      515.49536026
861.25000000      465.23199408
861.50000000      637.41377611
861.75000000      406.99071239
862.00000000      459.41280897
862.25000000      236.36007188
862.50000000      458.99250714
862.75000000      570.74012078
863.00000000      664.75291879
863.25000000      630.55090718
863.50000000      337.06409192
863.75000000      750.40247900
864.00000000      775.19607439
864.25000000      557.97488404
864.50000000      890.49891392
864.75000000      838.56816995
865.00000000      426.03265807
865.25000000      500.74238420
865.50000000      462.44735426
865.75000000      290.38757416
866.00000000      526.84304979
866.25000000      483.74378703
866.50000000      533.00979177
866.75000000      494.42106987
867.00000000      549.45762720
867.25000000      746.92946960
867.50000000      912.64660292
867.75000000      1010.32903300
868.00000000      928.34676564
868.25000000      760.44980668
868.50000000      873.99816192
868.75000000      840.43183715
869.00000000      948.53083817
869.25000000      730.57517075
869.50000000      934.53484067
869.75000000      1200.01985369
870.00000000      1494.13021556
870.25000000      2162.98593203
870.50000000      2644.56700883
870.75000000      2714.95345169
871.00000000      2571.77526634
871.25000000      2758.41245847
871.50000000      2931.48503380
871.75000000      3035.35299802
872.00000000      3022.71635680
872.25000000      2626.31511583
872.50000000      2536.14928077
872.75000000      2763.37885728
873.00000000      2355.29385101
873.25000000      2227.54426760
873.50000000      1850.39011268
873.75000000      1945.21139188
874.00000000      2325.75811082
874.25000000      2000.15027509
874.50000000      1693.60789031
874.75000000      1504.35096205
875.00000000      1562.30949590
875.25000000      1591.02349744
875.50000000      1671.66297223
875.75000000      1583.40792582
876.00000000      1775.32836376
876.25000000      1713.45429160
876.50000000      1440.16571485
876.75000000      1306.50263906
877.00000000      1204.92506972
877.25000000      1210.39301235
877.50000000      1231.44647245
877.75000000      1487.14545550
878.00000000      1502.80996698
878.25000000      1686.80001238
878.50000000      1533.00559714
878.75000000      1423.45672673
879.00000000      1809.01340660
879.25000000      1794.27564219
879.50000000      1936.95343893
879.75000000      1854.29680224
880.00000000      1757.57573754
