790.00000000      -6.79610194
790.25000000      502.93076843
790.50000000      569.83023006
790.75000000      555.99229325
791.00000000      194.06696826
791.25000000      51.02426535
791.50000000      -50.59580525
791.75000000      5.15676667
792.00000000      -74.30800868
792.25000000      -84.60012113
792.50000000      -326.44956050
792.75000000      -316.15631666
793.00000000      -72.10037946
793.25000000      -16.51173881
793.50000000      145.56961540
793.75000000      -30.49630676
794.00000000      22.02050478
794.25000000      107.05006006
794.50000000      -3.52763090
794.75000000      -326.26255808
795.00000000      -313.58471149
795.25000000      -10.42408115
795.50000000      191.55934290
795.75000000      233.69557059
796.00000000      38.49461185
796.25000000      -166.68352340
796.50000000      -62.26882528
796.75000000      -9.73128391
797.00000000      67.39911057
797.25000000      82.81236800
797.50000000      162.83849821
797.75000000      -10.10248900
798.00000000      109.13941617
798.25000000      180.63422348
798.50000000      -328.50805729
798.75000000      -140.18741641
799.00000000      -82.26384414
799.25000000      268.26266921
799.50000000      501.73213334
799.75000000      681.78455794
800.00000000      375.19995265
800.25000000      523.86832713
800.50000000      353.38969101
800.75000000      570.59405388
801.00000000      212.25142537
801.25000000      -191.64818497
801.50000000      83.89523243
801.75000000      145.32168713
802.00000000      125.94118866
802.25000000      328.75374652
802.50000000      252.43937022
802.75000000      34.43806924
803.00000000      -159.48014694
803.25000000      -154.63526889
803.50000000      -271.13728716
803.75000000      -32.38619232
804.00000000      88.42802501
804.25000000      36.12537423
804.50000000      241.53586472
804.75000000      -84.36049417
805.00000000      61.88630690
805.25000000      -62.64372275
805.50000000      -66.89057379
805.75000000      -348.05423695
806.00000000      -328.47470293
806.25000000      -148.98196247
806.50000000      -330.81600634
806.75000000      -193.12682528
807.00000000      -153.57441010
807.25000000      -195.67875158
807.50000000      -180.17984053
807.75000000      40.68233220
808.00000000      258.70777578
808.25000000      237.04649936
808.50000000      91.57851204
808.75000000      280.23382295
809.00000000      15.90244118
809.25000000      -14.05562419
809.50000000      -300.55036410
809.75000000      -345.62176949
810.00000000      -130.40983134
810.25000000      166.56545938
810.50000000      374.72411168
810.75000000      172.31613453
811.00000000      -21.05846308
811.25000000      -73.19967219
811.50000000      -197.15748387
811.75000000      -30.06188917
812.00000000      -37.66287919
812.25000000      -68.85044502
812.50000000      -94.04457779
812.75000000      -23.88526860
813.00000000      183.17749138
813.25000000      293.70371099
813.50000000      233.21339908
813.75000000      246.40656444
814.00000000      205.64321589
814.25000000      102.37336219
814.50000000      -4.87298789
814.75000000      -165.55582558
815.00000000      -237.57514215
815.25000000      -287.55092887
815.50000000      -350.05317703
815.75000000      -314.76187795
816.00000000      -329.11702292
816.25000000      -324.11860330
816.50000000      -497.62661042
816.75000000      -581.84103564
817.00000000      -434.36187035
817.25000000      -201.28910592
817.50000000      -287.31273377
817.75000000      -397.38274531
818.00000000      -215.65913197
818.25000000      25.32811480
818.50000000      -40.17099647
818.75000000      -91.00645723
819.00000000      164.98174101
819.25000000      188.78360675
819.50000000      195.13914849
819.75000000      -68.48162532
820.00000000      2.65129379
820.25000000      181.68791425
820.50000000      84.08824450
820.75000000      -61.55770705
821.00000000      -15.90993201
821.25000000      21.22157802
821.50000000      -172.12316859
821.75000000      -149.89416348
822.00000000      -386.11139831
822.25000000      -635.29486474
822.50000000      -436.19455446
822.75000000      -364.09045917
823.00000000      -96.50257056
823.25000000      -166.46088037
823.50000000      -164.94538033
823.75000000      -74.16606219
824.00000000      145.02708228
824.25000000      202.01406132
824.50000000      378.71488312
824.75000000      397.43955589
825.00000000      107.48808781
825.25000000      14.92048705
825.50000000      -215.49323824
825.75000000      -340.32307991
826.00000000      -81.35902983
826.25000000      -33.76107989
826.50000000      154.57077802
826.75000000      210.75655199
827.00000000      308.34625009
827.25000000      -157.31011961
827.50000000      81.27745093
827.75000000      254.67896976
828.00000000      444.87444491
828.25000000      426.96388437
828.50000000      358.20729615
828.75000000      254.02468824
829.00000000      -11.08393140
829.25000000      -28.09855480
829.50000000      -88.21917402
829.75000000      69.65421888
830.00000000      -211.70836819
830.25000000      -61.93692731
830.50000000      77.50854941
830.75000000      -177.56193015
831.00000000      -410.13835812
831.25000000      -583.34072664
831.50000000      -722.89902788
831.75000000      -158.98325399
832.00000000      -30.34339716
832.25000000      325.95055042
832.50000000      107.68859653
832.75000000      -224.74925104
833.00000000      -200.68298452
833.25000000      78.26740385
833.50000000      196.52192180
833.75000000      99.77057706
834.00000000      -122.64662264
834.25000000      212.81033040
834.50000000      501.33144387
834.75000000      289.78672545
835.00000000      192.28618281
835.25000000      -209.88017640
835.50000000      -271.56234452
835.75000000      -482.56031393
836.00000000      -314.83407702
836.25000000      -202.71362617
836.50000000      -171.60895379
836.75000000      -76.57005230
837.00000000      21.78308587
837.25000000      15.88046828
837.50000000      -208.11789753
837.75000000      -146.23200402
838.00000000      -174.49184367
838.25000000      -302.83740897
838.50000000      -359.90869243
838.75000000      -270.90568656
839.00000000      84.54161611
839.25000000      342.65322304
839.50000000      82.33914168
839.75000000      202.52937948
840.00000000      156.96394384
840.25000000      395.16284220
840.50000000      145.03608194
840.75000000      -127.17632955
841.00000000      -215.25438487
841.25000000      -243.20807668
841.50000000      -171.71739761
841.75000000      -15.25234033
842.00000000      107.28710250
842.25000000      -10.24906181
842.50000000      -117.49082594
842.75000000      -205.35818261
843.00000000      51.62887548
843.25000000      -142.71964442
843.50000000      -241.21373503
843.75000000      -40.83338911
844.00000000      199.11140058
844.25000000      186.35064127
844.50000000      566.93434016
844.75000000      455.73250447
845.00000000      335.40514137
845.25000000      276.99225806
845.50000000      198.86386170
845.75000000      354.50995944
846.00000000      60.00055843
846.25000000      206.95566582
846.50000000      277.43528870
846.75000000      181.66943421
847.00000000      25.81810944
847.25000000      -48.13867853
847.50000000      -136.95092261
847.75000000      36.32138426
848.00000000      202.74824914
848.25000000      254.87967907
848.50000000      317.10568108
848.75000000      -73.04373781
849.00000000      68.87142942
849.25000000      83.03118975
849.50000000      134.44555019
849.75000000      96.06451771
850.00000000      56.67809927
850.25000000      95.35630183
850.50000000      393.38913232
850.75000000      625.51659770
851.00000000      491.46870486
851.25000000      477.46546074
851.50000000      408.23687222
851.75000000      432.09294620
852.00000000      658.83368955
852.25000000      580.39910914
852.50000000      541.72921182
852.75000000      772.24400445
853.00000000      725.92349386
853.25000000      905.04768686
853.50000000      1297.17659028
853.75000000      1990.98021092
854.00000000      3248.93855556
854.25000000      4755.34163099
854.50000000      6061.23944398
854.75000000      7027.23200129
855.00000000      7286.81930966
855.25000000      7160.10137584
855.50000000      6616.07820655
855.75000000      5954.94980851
856.00000000      5537.31618843
856.25000000      4952.97735299
856.50000000      4927.03330890
856.75000000      4435.48406281
857.00000000      3989.72962140
857.25000000      3545.06999132
857.50000000      3299.30517922
857.75000000      2629.83519171
858.00000000      2393.54003544
858.25000000      2131.26971701
858.50000000      1615.83424302
858.75000000      1191.47362006
859.00000000      1017.69785472
859.25000000      776.56695356
859.50000000      449.66092314
859.75000000      662.61977003
860.00000000      574.92350074
860.25000000      656.70212183
860.50000000      869.01563979
860.75000000      898.85406115
861.00000000      932.25739240
861.25000000      899.08564003
861.50000000      1100.35881053
861.75000000      641.02691034
862.00000000      653.53994595
862.25000000      678.57792379
862.50000000      486.30085030
862.75000000      301.13873192
863.00000000      115.24157505
863.25000000      35.12938611
863.50000000      511.73217150
863.75000000      369.15993760
864.00000000      671.03269078
864.25000000      915.91043743
864.50000000      897.52318390
864.75000000      928.68093653
865.00000000      1062.23370167
865.25000000      713.03148564
865.50000000      558.82429477
865.75000000      723.85213535
866.00000000      1010.39501369
866.25000000      759.38293608
866.50000000      800.73590880
866.75000000      864.23393812
867.00000000      987.35703030
867.25000000      1030.91519158
867.50000000      1066.71842822
867.75000000      1327.48674643
868.00000000      1349.59015245
868.25000000      1383.77865247
868.50000000      1000.41225272
868.75000000      923.93095936
869.00000000      1049.11477860
869.25000000      1074.24371660
869.50000000      1524.28777952
869.75000000      1652.85697353
870.00000000      1783.05130475
870.25000000      2470.99077934
870.50000000      3057.65540341
870.75000000      3175.12518308
871.00000000      3249.99012446
871.25000000      2919.75023364
871.50000000      3335.90551671
871.75000000      3203.85597975
872.00000000      2652.31162883
872.25000000      2664.98247001
872.50000000      2858.87850933
872.75000000      2760.23975284
873.00000000      2423.20620657
873.25000000      2014.53787654
873.50000000      1586.46476876
873.75000000      1691.36688925
874.00000000      1791.99424398
874.25000000      1568.46683895
874.50000000      1748.00468013
874.75000000      2189.82777349
875.00000000      2316.86612499
875.25000000      2105.65974057
875.50000000      2038.37862618
875.75000000      1664.20278774
876.00000000      1751.20223117
876.25000000      1912.40696239
876.50000000      1579.19698729
876.75000000      1477.61231178
877.00000000      1642.11294173
877.25000000      2142.65888303
877.50000000      2210.79014153
877.75000000      1929.56672310
878.00000000      2179.30863358
878.25000000      2024.37587881
878.50000000      2002.65846463
878.75000000      2066.18639685
879.00000000      2185.81968128
879.25000000      2129.15832374
879.50000000      2273.91233002
879.75000000      2368.33170589
880.00000000      2335.68645715
