790.00000000      -378.81235202
790.25000000      -543.65100521
790.50000000      -90.31760222
790.75000000      -234.72213194
791.00000000      -90.21458328
791.25000000      -112.82494520
791.50000000      -267.01320662
791.75000000      -435.82935654
792.00000000      -44.86338393
792.25000000      -132.72527781
792.50000000      -399.14502721
792.75000000      -368.42262117
793.00000000      -441.93804876
793.25000000      -409.92129906
793.50000000      -154.41236118
793.75000000      134.94877576
794.00000000      158.89212262
794.25000000      -106.65230976
794.50000000      9.19548945
794.75000000      142.88553105
795.00000000      -71.01217419
795.25000000      -131.42761548
795.50000000      -50.02078208
795.75000000      407.53833675
796.00000000      696.75975170
796.25000000      102.00347348
796.50000000      15.83951277
796.75000000      256.79788022
797.00000000      -23.65141354
797.25000000      -277.81835787
797.50000000      1.62705783
797.75000000      -230.89515586
798.00000000      175.76501162
798.25000000      457.67757084
798.50000000      310.95253232
798.75000000      235.68990657
799.00000000      339.02970409
799.25000000      414.97193536
799.50000000      593.85661083
799.75000000      602.32374096
800.00000000      560.15333617
800.25000000      955.23540686
800.50000000      248.16996343
800.75000000      33.78701624
801.00000000      -237.14342435
801.25000000      -141.63134801
801.50000000      -57.67674440
801.75000000      57.16039677
802.00000000      37.19008578
802.25000000      -82.58766710
802.50000000      308.50714838
802.75000000      193.91454246
803.00000000      184.40452534
803.25000000      -358.34289276
803.50000000      -232.43770168
803.75000000      108.72010876
804.00000000      -266.05945130
804.25000000      -209.95637174
804.50000000      -168.14064243
804.75000000      -195.63225328
805.00000000      77.01880578
805.25000000      -197.10745518
805.50000000      -383.95102611
805.75000000      -323.71189700
806.00000000      -186.73005783
806.25000000      -206.83549860
806.50000000      -153.26820934
806.75000000      -154.17818008
807.00000000      -25.22540089
807.25000000      -179.92986184
807.50000000      -71.03155301
807.75000000      92.22953549
808.00000000      70.65341353
808.25000000      -35.60990902
808.50000000      268.31957768
808.75000000      236.37188346
809.00000000      80.43701812
809.25000000      -78.12500853
809.50000000      -36.22418672
809.75000000      -120.90050668
810.00000000      -507.29395868
810.25000000      -404.92453297
810.50000000      -300.37221986
810.75000000      -302.38700963
811.00000000      -435.36889262
811.25000000      -314.11785915
811.50000000      -161.68389958
811.75000000      -258.19700428
812.00000000      -438.40716362
812.25000000      -453.20436802
812.50000000      189.99139212
812.75000000      235.54012637
813.00000000      335.99184426
813.25000000      280.90655535
813.50000000      -105.19573085
813.75000000      -97.61500483
814.00000000      100.00874289
814.25000000      303.12552179
814.50000000      564.26534132
814.75000000      -12.03178907
815.00000000      -82.66585996
815.25000000      -205.25686194
815.50000000      -106.37478561
815.75000000      64.30037840
816.00000000      -405.67136054
816.25000000      -229.28999309
816.50000000      -14.41550990
816.75000000      318.75209832
817.00000000      252.61284090
817.25000000      -203.93327290
817.50000000      141.42376621
817.75000000      380.73396747
818.00000000      378.83734012
818.25000000      104.20389340
818.50000000      22.08363651
818.75000000      174.62657864
819.00000000      487.99272897
819.25000000      399.17209667
819.50000000      142.90469089
819.75000000      82.66052074
820.00000000      178.16959537
820.25000000      25.58192386
820.50000000      -27.64248469
820.75000000      0.08637879
821.00000000      293.10852335
821.25000000      525.61395804
821.50000000      351.64269189
821.75000000      454.24473392
822.00000000      261.40009311
822.25000000      -272.41122155
822.50000000      -187.93920108
822.75000000      -401.46383654
823.00000000      -155.50511898
823.25000000      81.90696052
823.50000000      363.79241087
823.75000000      64.94124096
824.00000000      -83.49654033
824.25000000      356.85907588
824.50000000      255.92809843
824.75000000      304.02053616
825.00000000      4.43639788
825.25000000      -56.76430758
825.50000000      8.18842856
825.75000000      -4.27538491
826.00000000      237.05426075
826.25000000      34.01737432
826.50000000      56.71396451
826.75000000      175.26404006
827.00000000      -152.78239033
827.25000000      -282.07531797
827.50000000      -254.12473418
827.75000000      107.63936971
828.00000000      -69.80299765
828.25000000      290.64817237
828.50000000      411.25288839
828.75000000      16.43115902
829.00000000      -35.31700713
829.25000000      6.02839849
829.50000000      175.26738447
829.75000000      171.49995936
830.00000000      374.49613168
830.25000000      239.62590997
830.50000000      -19.57069726
830.75000000      -82.28368153
831.00000000      -65.50303434
831.25000000      50.65125277
831.50000000      404.44918826
831.75000000      249.72078057
832.00000000      35.71603812
832.25000000      365.36496932
832.50000000      671.45758259
832.75000000      594.37388629
833.00000000      377.79388881
833.25000000      185.09759851
833.50000000      172.70502373
833.75000000      214.30617279
834.00000000      88.24105403
834.25000000      -184.95032427
834.50000000      82.92204621
834.75000000      277.72817372
835.00000000      -79.42193346
835.25000000      -179.23826708
835.50000000      -397.57081891
835.75000000      -422.21958072
836.00000000      32.85545569
836.25000000      -83.67570147
836.50000000      -461.22304401
836.75000000      -612.83656378
837.00000000      -228.13625261
837.25000000      -108.69210236
837.50000000      -205.34410489
837.75000000      -245.11225209
838.00000000      -187.02653586
838.25000000      -246.02694809
838.50000000      -184.75348072
838.75000000      -307.40612568
839.00000000      -302.61487491
839.25000000      -88.15972038
839.50000000      -150.13065405
839.75000000      -160.59766792
840.00000000      -102.82075399
840.25000000      42.72009574
840.50000000      -103.06511076
840.75000000      -290.93636553
841.00000000      -297.67366062
841.25000000      -106.28698809
841.50000000      222.54365997
841.75000000      345.34829149
842.00000000      182.22691436
842.25000000      258.02953646
842.50000000      40.12616567
842.75000000      -70.40319015
843.00000000      -161.07852316
843.25000000      -293.08982552
843.50000000      -167.24708940
843.75000000      89.46969299
844.00000000      204.75052947
844.25000000      230.32542781
844.50000000      -190.75560421
844.75000000      -366.62255884
845.00000000      -177.61542832
845.25000000      -132.69420492
845.50000000      -209.48888093
845.75000000      -58.50944862
846.00000000      53.31409969
846.25000000      100.60177170
846.50000000      -162.58642492
846.75000000      -180.02048252
847.00000000      -503.54039344
847.25000000      -206.16615004
847.50000000      72.35225528
847.75000000      237.95483016
848.00000000      12.71158219
848.25000000      -167.82748105
848.50000000      -11.27235197
848.75000000      -25.09302303
849.00000000      106.15051335
849.25000000      77.63826469
849.50000000      106.38023852
849.75000000      414.32644236
850.00000000      84.26688372
850.25000000      337.27157007
850.50000000      264.64050891
850.75000000      122.08370770
851.00000000      -25.63882611
851.25000000      -25.31708507
851.50000000      266.77893825
851.75000000      26.95925127
852.00000000      95.02386140
852.25000000      123.91277603
852.50000000      273.56600256
852.75000000      754.40354834
853.00000000      1155.40542075
853.25000000      1249.85162714
853.50000000      1423.30217483
853.75000000      2312.37707117
854.00000000      3073.70632345
854.25000000      4081.42993899
854.50000000      4592.64792508
854.75000000      4931.96028899
855.00000000      5371.86703799
855.25000000      5085.46817935
855.50000000      4887.76372031
855.75000000      5064.95366809
856.00000000      5183.63802993
856.25000000      5062.61681303
856.50000000      4721.99002459
856.75000000      4464.75767181
857.00000000      4154.31976185
857.25000000      3970.97630189
857.50000000      3472.52729907
857.75000000      2445.37276055
858.00000000      2061.39269345
858.25000000      1788.43710488
858.50000000      1687.31600197
858.75000000      1531.26939181
859.00000000      1335.80728148
859.25000000      1383.98967807
859.50000000      1219.39658863
859.75000000      1001.66802021
860.00000000      1347.28397987
860.25000000      1094.37447463
860.50000000      1187.99951150
860.75000000      1224.14909751
861.00000000      1093.86323965
861.25000000      1488.00194490
861.50000000      1389.58522023
861.75000000      1337.56307263
862.00000000      815.38550903
862.25000000      876.73253638
862.50000000      1019.76416162
862.75000000      993.91039165
863.00000000      848.32123341
863.25000000      872.51669378
863.50000000      722.42677964
863.75000000      416.16149789
864.00000000      554.35085539
864.25000000      449.52485899
864.50000000      342.44351554
864.75000000      668.90683187
865.00000000      816.76481481
865.25000000      662.86747117
865.50000000      554.96480775
865.75000000      482.29683135
866.00000000      577.14354874
866.25000000      786.43496670
866.50000000      759.09109199
866.75000000      563.89193135
867.00000000      485.31749153
867.25000000      560.17777926
867.50000000      796.28280124
867.75000000      785.35256420
868.00000000      886.75707482
868.25000000      935.24633980
868.50000000      793.18036581
868.75000000      1093.99915951
869.00000000      1233.48272756
869.25000000      986.91107661
869.50000000      1259.25421329
869.75000000      1799.12214422
870.00000000      2323.61487602
870.25000000      2397.85241530
870.50000000      2500.81476863
870.75000000      2907.58194262
871.00000000      2698.74394383
871.25000000      3042.80077882
871.50000000      3406.25245415
871.75000000      3121.49897635
872.00000000      3247.24035197
872.25000000      2781.17658752
872.50000000      2589.40768951
872.75000000      2336.06366445
873.00000000      2434.32451882
873.25000000      2249.95025912
873.50000000      2198.17089180
873.75000000      2522.38642334
874.00000000      1997.28686018
874.25000000      1548.05220876
874.50000000      1826.88247552
874.75000000      2126.99766688
875.00000000      1809.32778924
875.25000000      1693.41284902
875.50000000      1723.42285260
875.75000000      1734.53780636
876.00000000      1328.82771668
876.25000000      1500.32258991
876.50000000      1999.40243242
876.75000000      2025.10725053
877.00000000      1902.89705059
877.25000000      1951.73183892
877.50000000      1719.15162183
877.75000000      2132.21640563
878.00000000      2063.24619660
878.25000000      2360.60100103
878.50000000      1911.17082519
878.75000000      1618.98567536
879.00000000      1674.90555778
879.25000000      1806.53047870
879.50000000      1946.57044436
879.75000000      2065.27546098
880.00000000      2256.91553477
