790.00000000      -139.12121736
790.25000000      -89.98330487
790.50000000      -3.67314522
790.75000000      40.89927224
791.00000000      172.38395816
791.25000000      81.75092318
791.50000000      -223.45982212
791.75000000      -229.29826713
792.00000000      -46.35440128
792.25000000      -227.23821402
792.50000000      -39.67969482
792.75000000      67.02116685
793.00000000      -37.51561852
793.25000000      66.47995956
793.50000000      244.96791156
793.75000000      198.30824791
794.00000000      65.23097906
794.25000000      42.66611541
794.50000000      -298.50633264
794.75000000      -69.83635471
795.00000000      -100.75394045
795.25000000      -267.18907951
795.50000000      -310.80176156
795.75000000      -363.26197630
796.00000000      -303.05971344
796.25000000      -212.83496271
796.50000000      -184.01771384
796.75000000      -44.07795660
797.00000000      -112.54568077
797.25000000      -216.73087614
797.50000000      -400.30353253
797.75000000      -448.84363976
798.00000000      -115.20118769
798.25000000      68.69383383
798.50000000      -206.04856509
798.75000000      3.67162566
799.00000000      377.99441615
799.25000000      598.90981647
799.50000000      723.74783666
799.75000000      886.27848675
800.00000000      782.10177677
800.25000000      915.11771671
800.50000000      979.02631656
800.75000000      837.62758629
801.00000000      715.72153585
801.25000000      303.18817518
801.50000000      261.12751418
801.75000000      427.94956277
802.00000000      218.96433083
802.25000000      248.17182823
802.50000000      -64.74793519
802.75000000      75.64505042
803.00000000      381.12079488
803.25000000      238.35930798
803.50000000      42.25059952
803.75000000      -201.60532074
804.00000000      -500.39844304
804.25000000      -427.30875764
804.50000000      -273.50625483
804.75000000      -46.01092489
805.00000000      66.62724186
805.25000000      -534.51174489
805.50000000      -166.36787551
805.75000000      60.85885966
806.00000000      -65.17152976
806.25000000      -51.28903416
806.50000000      3.26635606
806.75000000      -135.65534953
807.00000000      -247.71414137
807.25000000      -300.43000992
807.50000000      -265.54294563
807.75000000      -130.29293900
808.00000000      -408.87998053
808.25000000      -244.15406074
808.50000000      -63.23517015
808.75000000      147.80670067
809.00000000      -54.13843882
809.25000000      87.28942078
809.50000000      360.18028889
809.75000000      438.49417488
810.00000000      0.09108815
810.25000000      -157.54896197
810.50000000      -401.00596611
810.75000000      -111.02991497
811.00000000      18.97920078
811.25000000      -181.77860956
811.50000000      -283.35333673
811.75000000      -282.87497144
812.00000000      -337.09350446
812.25000000      -370.89892654
812.50000000      -317.71122847
812.75000000      -560.17040103
813.00000000      -177.72643505
813.25000000      -314.81932134
813.50000000      -179.92905075
813.75000000      -264.35561413
814.00000000      -135.73900235
814.25000000      -163.62920629
814.50000000      203.50378313
814.75000000      -121.80002498
815.00000000      -168.44062157
815.25000000      -324.03799758
815.50000000      -392.16214396
815.75000000      -253.49305170
816.00000000      -215.47071178
816.25000000      -13.09511520
816.50000000      -11.22625299
816.75000000      -89.06411618
817.00000000      -267.20869581
817.25000000      -250.75998296
817.50000000      173.59203131
817.75000000      233.89735589
818.00000000      50.99599969
818.25000000      -8.64202842
818.50000000      -377.76671957
818.75000000      -271.22806492
819.00000000      45.13394437
819.25000000      650.30931712
819.50000000      277.03806214
819.75000000      -204.20981178
820.00000000      -101.70429586
820.25000000      -60.29538134
820.50000000      237.47694052
820.75000000      270.20267847
821.00000000      305.22184123
821.25000000      201.72443750
821.50000000      46.75047597
821.75000000      -130.65003468
822.00000000      140.50291422
822.25000000      372.68933131
822.50000000      559.15922524
822.75000000      498.63260462
823.00000000      262.58947806
823.25000000      215.99985415
823.50000000      150.88374148
823.75000000      440.03114860
824.00000000      406.59208408
824.25000000      400.94655645
824.50000000      621.01457424
824.75000000      352.10614595
825.00000000      352.52128008
825.25000000      233.31998511
825.50000000      199.27226952
825.75000000      -79.19185824
826.00000000      55.13761026
826.25000000      102.10068347
826.50000000      50.79736979
826.75000000      -86.65232238
827.00000000      123.30161535
827.25000000      -24.99080864
827.50000000      -240.03958599
827.75000000      -258.27470837
828.00000000      -128.71616743
828.25000000      135.73604514
828.50000000      -158.65806235
828.75000000      -221.47848160
829.00000000      -166.22520434
829.25000000      -115.87822231
829.50000000      -72.63752724
829.75000000      -278.40311090
830.00000000      -211.40496506
830.25000000      -162.27308151
830.50000000      -169.46745206
830.75000000      -373.17806850
831.00000000      -306.39492268
831.25000000      -201.23800643
831.50000000      -170.43731160
831.75000000      34.83716994
832.00000000      251.83544631
832.25000000      478.48752562
832.50000000      292.58341597
832.75000000      488.50312543
833.00000000      448.92666208
833.25000000      415.23403397
833.50000000      79.84524914
833.75000000      -81.54968438
834.00000000      -18.61075856
834.25000000      160.20203459
834.50000000      28.07870307
834.75000000      -58.11074514
835.00000000      -160.25630208
835.25000000      -170.06795980
835.50000000      -501.39571035
835.75000000      -172.03954581
836.00000000      -7.95945827
836.25000000      -269.48543981
836.50000000      -256.02748255
836.75000000      21.36442139
837.00000000      107.07027987
837.25000000      18.52010074
837.50000000      -150.12610815
837.75000000      -96.88833899
838.00000000      -74.79658395
838.25000000      308.20916477
838.50000000      445.48891495
838.75000000      270.84267438
839.00000000      -27.35954918
839.25000000      -14.89774799
839.50000000      27.13808571
839.75000000      358.67795963
840.00000000      272.46188150
840.25000000      126.00985901
840.50000000      166.23189987
840.75000000      33.36801173
841.00000000      -292.36179772
841.25000000      -478.96752083
841.50000000      -230.12914996
841.75000000      -37.31667749
842.00000000      282.56990421
842.25000000      0.38060274
842.50000000      -371.51457430
842.75000000      -225.03561933
843.00000000      52.29747521
843.25000000      31.29471689
843.50000000      -131.85388676
843.75000000      -168.12832819
844.00000000      -336.83859988
844.25000000      -506.25469433
844.50000000      92.67339596
844.75000000      159.81567848
845.00000000      448.83216070
845.25000000      230.76285009
845.50000000      303.97775409
845.75000000      318.96688015
846.00000000      207.80023568
846.25000000      -30.90217188
846.50000000      -95.08033515
846.75000000      -130.50424672
847.00000000      -350.01389922
847.25000000      -99.62928529
847.50000000      43.89960245
847.75000000      233.51277132
848.00000000      99.28022868
848.25000000      -86.24801817
848.50000000      -196.68196191
848.75000000      -387.49159525
849.00000000      -307.23691089
849.25000000      -68.73790155
849.50000000      34.01544001
849.75000000      258.97312107
850.00000000      193.92514886
850.25000000      125.94153061
850.50000000      142.32227354
850.75000000      -164.22261515
851.00000000      -272.93312824
851.25000000      -233.59925857
851.50000000      -90.49099896
851.75000000      -1.29834224
852.00000000      -162.22128127
852.25000000      77.68019110
852.50000000      70.34608200
852.75000000      278.19639854
853.00000000      454.21114783
853.25000000      625.67033696
853.50000000      1478.13397302
853.75000000      1864.22206308
854.00000000      3344.56461421
854.25000000      4563.30163346
854.50000000      5357.53312785
854.75000000      5783.85910444
855.00000000      5865.77957022
855.25000000      5962.39453221
855.50000000      5638.70399741
855.75000000      5124.90797280
856.00000000      4896.60646535
856.25000000      4769.59948203
856.50000000      4584.98702978
856.75000000      4262.76911556
857.00000000      4150.34574630
857.25000000      3706.01692890
857.50000000      3110.58267028
857.75000000      2721.44297734
858.00000000      1980.49785697
858.25000000      1219.53731605
858.50000000      837.43136143
858.75000000      1082.39999998
859.00000000      884.95323854
859.25000000      644.15108394
859.50000000      800.57354301
859.75000000      777.86062256
860.00000000      386.49232939
860.25000000      123.59867030
860.50000000      147.23965206
860.75000000      261.40528145
861.00000000      152.13556522
861.25000000      194.29051013
861.50000000      277.89012292
861.75000000      327.88441031
862.00000000      309.72337902
862.25000000      366.08703576
862.50000000      418.13538722
862.75000000      319.29844011
863.00000000      335.72620108
863.25000000      355.93867680
863.50000000      -1.13412606
863.75000000      219.61779914
864.00000000      261.82445904
864.25000000      217.01586025
864.50000000      -69.04799061
864.75000000      163.43291308
865.00000000      -100.69142211
865.25000000      -201.57098957
865.50000000      161.54421725
865.75000000      530.89420493
866.00000000      750.75898002
866.25000000      1030.06854906
866.50000000      805.74291859
866.75000000      1038.56209512
867.00000000      862.00608518
867.25000000      640.88489526
867.50000000      865.00853187
867.75000000      1025.09700148
868.00000000      817.52031056
868.25000000      965.02846558
868.50000000      1108.98147300
868.75000000      1293.81933925
869.00000000      1108.32207077
869.25000000      1178.76967399
869.50000000      1699.13215531
869.75000000      2062.01952114
870.00000000      1885.53177788
870.25000000      2121.78893191
870.50000000      2280.77098960
870.75000000      2523.55795732
871.00000000      2931.73984143
871.25000000      3048.81664826
871.50000000      3194.28838416
871.75000000      3275.55505545
872.00000000      2867.31666844
872.25000000      2972.27322944
872.50000000      2839.52474476
872.75000000      2481.17122067
873.00000000      2504.51266345
873.25000000      2023.12907937
873.50000000      2100.37047469
873.75000000      2174.58685566
874.00000000      2155.52822851
874.25000000      1769.31459948
874.50000000      1342.16597478
874.75000000      1079.30236063
875.00000000      867.65376323
875.25000000      1079.76018876
875.50000000      1158.79164342
875.75000000      1539.92813337
876.00000000      1581.23966477
876.25000000      1480.75624378
876.50000000      1531.85787655
876.75000000      1348.58456921
877.00000000      1521.39632788
877.25000000      1711.25315868
877.50000000      1944.69506772
877.75000000      2208.78206109
878.00000000      1980.83414488
878.25000000      2000.21132518
878.50000000      1980.80360805
878.75000000      1988.64099956
879.00000000      1961.58350575
879.25000000      1860.23113266
879.50000000      1500.29388633
879.75000000      1747.02177279
880.00000000      1832.68479804
