790.00000000      -259.61418287
790.25000000      136.61734438
790.50000000      242.02253229
790.75000000      -11.30861087
791.00000000      -430.72607684
791.25000000      -654.25985738
791.50000000      -349.36994427
791.75000000      -52.10632927
792.00000000      -199.05900420
792.25000000      -140.83796085
792.50000000      -312.17319106
792.75000000      -347.36468666
793.00000000      -326.79243950
793.25000000      48.31355855
793.50000000      -78.08668437
793.75000000      66.36683984
794.00000000      134.40413928
794.25000000      121.95522203
794.50000000      -144.09990384
794.75000000      -29.31123026
795.00000000      -113.10874919
795.25000000      -274.42245260
795.50000000      -475.91233247
795.75000000      -284.24838078
796.00000000      -344.92058956
796.25000000      -305.56895082
796.50000000      -225.62345658
796.75000000      -234.55409889
797.00000000      -46.89086982
797.25000000      -56.94376143
797.50000000      -276.38276580
797.75000000      91.21212497
798.00000000      128.99091877
798.25000000      -111.97637652
798.50000000      -264.57975303
798.75000000      -146.71920292
799.00000000      20.74528168
799.25000000      169.81370857
799.50000000      295.82608557
799.75000000      610.42242050
800.00000000      667.38272114
800.25000000      681.59699527
800.50000000      500.66525065
800.75000000      148.41749504
801.00000000      277.62373618
801.25000000      481.27398180
801.50000000      465.36823962
801.75000000      85.34651733
802.00000000      -62.48117736
802.25000000      39.88516322
802.50000000      282.12554673
802.75000000      192.67998084
803.00000000      67.31847318
803.25000000      -101.27896861
803.50000000      43.77766308
803.75000000      33.08837587
804.00000000      125.46317734
804.25000000      52.72207507
804.50000000      -220.30492335
804.75000000      -428.63781038
805.00000000      89.17342153
805.25000000      299.20877991
805.50000000      -102.47172771
805.75000000      -98.06809382
806.00000000      76.07968908
806.25000000      92.14162846
806.50000000      89.87773181
806.75000000      58.13800658
807.00000000      139.26246024
807.25000000      -79.26889979
807.50000000      130.80393392
807.75000000      -101.75903121
808.00000000      -63.15778778
808.25000000      -37.24232839
808.50000000      178.86735432
808.75000000      261.10126774
809.00000000      -155.65058078
809.25000000      -261.02818390
809.50000000      -78.94153429
809.75000000      198.56937538
810.00000000      291.36455242
810.25000000      600.92400412
810.50000000      499.66773778
810.75000000      426.84576066
811.00000000      220.05808003
811.25000000      184.50470315
811.50000000      173.13563725
811.75000000      -231.17911043
812.00000000      -61.18953268
812.25000000      345.21437771
812.50000000      217.61262793
812.75000000      107.36522517
813.00000000      -16.97782339
813.25000000      -192.85651061
813.50000000      -139.75082932
813.75000000      -338.96077239
814.00000000      -158.12633269
814.25000000      -155.79750311
814.50000000      -205.44427653
814.75000000      -193.52664587
815.00000000      -37.94460405
815.25000000      314.68185602
815.50000000      288.78274139
815.75000000      -44.32194090
816.00000000      -100.07218379
816.25000000      -14.46798027
816.50000000      29.63067668
816.75000000      78.02379406
817.00000000      -85.88862112
817.25000000      76.79343811
817.50000000      -86.62002127
817.75000000      -345.07899230
818.00000000      -391.74346803
818.25000000      -387.14344152
818.50000000      30.97109415
818.75000000      -36.24985408
819.00000000      -316.64627933
819.25000000      -30.22817469
819.50000000      1.74446673
819.75000000      147.74165180
820.00000000      -44.50661262
820.25000000      140.14968033
820.50000000      47.17053750
820.75000000      -124.85403430
821.00000000      -214.58402824
821.25000000      132.17056250
821.50000000      29.44974472
821.75000000      -220.69647480
822.00000000      -251.28808928
822.25000000      -179.84509195
822.50000000      -66.11747605
822.75000000      156.61476516
823.00000000      87.83163843
823.25000000      -205.49684952
823.50000000      -292.35069198
823.75000000      -23.93988224
824.00000000      131.88558639
824.25000000      -116.49427939
824.50000000      5.84052708
824.75000000      36.20001246
825.00000000      99.88418342
825.25000000      331.95304658
825.50000000      88.17660860
825.75000000      -14.01512392
826.00000000      382.58785565
826.25000000      454.82555389
826.50000000      405.79797741
826.75000000      645.62513279
827.00000000      576.85702659
827.25000000      32.84366538
827.50000000      -189.92494428
827.75000000      -131.87879587
828.00000000      -119.03788285
828.25000000      -12.30219870
828.50000000      145.58826309
828.75000000      164.05350902
829.00000000      -187.40645441
829.25000000      -355.77162073
829.50000000      -308.24198347
829.75000000      -267.71753616
830.00000000      -136.42827236
830.25000000      -207.00418563
830.50000000      -148.90526954
830.75000000      101.67848234
831.00000000      176.75707642
831.25000000      210.21051909
831.50000000      267.30881675
831.75000000      17.88197578
832.00000000      -114.81999746
832.25000000      -149.86709659
832.50000000      -40.46931528
832.75000000      105.75335284
833.00000000      239.48091407
833.25000000      220.09337476
833.50000000      165.01074121
833.75000000      92.92301972
834.00000000      -26.82978342
834.25000000      0.29233809
834.50000000      102.47939051
834.75000000      219.60138011
835.00000000      290.76831315
835.25000000      129.27019586
835.50000000      -152.74296552
835.75000000      141.92883525
836.00000000      398.32560437
836.25000000      103.11734805
836.50000000      264.89407250
836.75000000      238.60578389
837.00000000      -87.36751159
837.25000000      -359.59580778
837.50000000      -358.91909851
837.75000000      14.64262237
838.00000000      34.05936099
838.25000000      33.39112348
838.50000000      -129.00208402
838.75000000      -144.32025542
839.00000000      -352.19338460
839.25000000      -87.40146547
839.50000000      -65.03449195
839.75000000      107.83754204
840.00000000      6.95464256
840.25000000      -123.16318433
840.50000000      -181.60593257
840.75000000      77.86640385
841.00000000      -83.52616901
841.25000000      -103.79364515
841.50000000      260.38398144
841.75000000      197.53671678
842.00000000      379.76456684
842.25000000      419.91753762
842.50000000      125.36563509
842.75000000      279.18886521
843.00000000      187.86723394
843.25000000      137.21074722
843.50000000      232.40941101
843.75000000      71.48323121
844.00000000      -72.87778624
844.25000000      275.05636456
844.50000000      432.33568952
844.75000000      255.83019452
845.00000000      -115.80011453
845.25000000      -162.51523178
845.50000000      -582.94515136
845.75000000      -560.59986740
846.00000000      -159.40937406
846.25000000      79.24633450
846.50000000      -218.57273589
846.75000000      -99.63657940
847.00000000      -20.78519023
847.25000000      -103.03856257
847.50000000      130.85330939
847.75000000      -166.16956859
848.00000000      -234.03719071
848.25000000      -362.19955121
848.50000000      -198.26664433
848.75000000      -173.70846431
849.00000000      -134.08500542
849.25000000      -21.21626191
849.50000000      -27.09222807
849.75000000      -353.76289817
850.00000000      -416.43826651
850.25000000      -103.04832738
850.50000000      -87.30307509
850.75000000      -275.46250397
851.00000000      -113.79660833
851.25000000      -120.08538252
851.50000000      -63.59882086
851.75000000      -160.02691772
852.00000000      227.43033254
852.25000000      614.71293557
852.50000000      962.76089697
852.75000000      1056.99422237
853.00000000      772.39291737
853.25000000      474.23698758
853.50000000      963.08643857
853.75000000      1820.61127594
854.00000000      2365.29150525
854.25000000      3439.41713207
854.50000000      4518.03816195
854.75000000      5235.75460045
855.00000000      5760.06645310
855.25000000      5608.07372544
855.50000000      5966.77642298
855.75000000      6105.37455124
856.00000000      5740.46811574
856.25000000      5326.85712196
856.50000000      5433.64157539
856.75000000      5028.82148153
857.00000000      4142.79684583
857.25000000      4001.86767378
857.50000000      3486.83397082
857.75000000      2753.09574240
858.00000000      2415.55299396
858.25000000      1860.99573095
858.50000000      1652.29395877
858.75000000      1322.66768286
859.00000000      1297.62690861
859.25000000      1171.23164143
859.50000000      876.06188671
859.75000000      772.75764983
860.00000000      670.79893617
860.25000000      633.31575111
860.50000000      569.36809999
860.75000000      751.94598817
861.00000000      818.08942100
861.25000000      561.65840382
861.50000000      182.67294194
861.75000000      228.08304070
862.00000000      326.33870540
862.25000000      28.11994135
862.50000000      478.58675384
862.75000000      566.16914817
863.00000000      519.01712962
863.25000000      266.65070345
863.50000000      290.99987495
863.75000000      293.17464935
864.00000000      464.80503192
864.25000000      638.42102789
864.50000000      472.78264250
864.75000000      668.68988097
865.00000000      622.99274854
865.25000000      621.54125039
865.50000000      477.08539175
865.75000000      517.86517780
866.00000000      534.16061373
866.25000000      339.90170472
866.50000000      494.00845596
866.75000000      344.26087259
867.00000000      609.13895978
867.25000000      624.45272268
867.50000000      541.01216642
867.75000000      914.53729616
868.00000000      1086.39811700
868.25000000      912.34463407
868.50000000      743.73685249
868.75000000      580.01477736
869.00000000      775.95841376
869.25000000      944.84776681
869.50000000      1512.65284156
869.75000000      1370.98364311
870.00000000      1758.94017651
870.25000000      1956.64244683
870.50000000      2247.07045911
870.75000000      2278.30421841
871.00000000      2031.97372975
871.25000000      2195.50899817
871.50000000      2373.38002870
871.75000000      2958.09682634
872.00000000      2814.30939610
872.25000000      2574.71774298
872.50000000      2371.42187199
872.75000000      2575.52178809
873.00000000      2483.31749627
873.25000000      2630.40900150
873.50000000      2770.09630875
873.75000000      2568.77942296
874.00000000      2269.15834910
874.25000000      2056.40309210
874.50000000      1838.71365689
874.75000000      1478.31004840
875.00000000      1367.12227156
875.25000000      1850.69033127
875.50000000      1453.18423244
875.75000000      1234.78397997
876.00000000      1351.55957876
876.25000000      1490.54103368
876.50000000      1519.10834961
876.75000000      1604.30153142
877.00000000      1685.58058398
877.25000000      1688.90551213
877.50000000      1168.81632074
877.75000000      1508.37301464
878.00000000      1687.89559866
878.25000000      2008.74407763
878.50000000      1727.80845638
878.75000000      1630.11873971
879.00000000      1752.53493243
879.25000000      1495.65703935
879.50000000      1390.19506525
879.75000000      1349.39901491
880.00000000      1615.53889313
