790.00000000      -625.57310069
790.25000000      -361.72067071
790.50000000      -393.69421273
790.75000000      -275.40371897
791.00000000      -205.19918162
791.25000000      -284.11059293
791.50000000      -10.59794513
791.75000000      -68.71123046
792.00000000      -135.04044121
792.25000000      176.80443036
792.50000000      105.09339195
792.75000000      -94.47354873
793.00000000      -204.27638401
793.25000000      -55.54510620
793.50000000      -11.31970766
793.75000000      -79.24018072
794.00000000      -288.57651776
794.25000000      58.60128885
794.50000000      131.17324671
794.75000000      -133.41063656
795.00000000      -167.58035339
795.25000000      -59.26589621
795.50000000      203.87274256
795.75000000      16.16557046
796.00000000      -12.87740498
796.25000000      -104.89617622
796.50000000      -79.32073576
796.75000000      -35.62107609
797.00000000      -197.32718972
797.25000000      -404.74906918
797.50000000      -225.55670700
797.75000000      -392.33009573
798.00000000      -252.91922792
798.25000000      -9.25409615
798.50000000      -39.22469300
798.75000000      -172.73101107
799.00000000      -147.63304296
799.25000000      24.06921871
799.50000000      159.71578132
799.75000000      578.94665221
800.00000000      806.54183873
800.25000000      681.39134823
800.50000000      439.09518801
800.75000000      415.48336540
801.00000000      298.32588768
801.25000000      418.61276216
801.50000000      128.34399610
801.75000000      208.95959677
802.00000000      178.76957142
802.25000000      227.77392729
802.50000000      54.65267162
802.75000000      15.84581161
803.00000000      196.12335448
803.25000000      46.16530743
803.50000000      203.86167762
803.75000000      363.81247224
804.00000000      58.82769845
804.25000000      -227.27263661
804.50000000      -297.65852579
804.75000000      14.65003803
805.00000000      179.10306196
805.25000000      -134.21944689
805.50000000      150.74251856
805.75000000      170.78896541
806.00000000      -4.42009928
806.25000000      69.28533156
806.50000000      64.66526495
806.75000000      17.56970795
807.00000000      -255.66133242
807.25000000      -158.54784915
807.50000000      33.17016476
807.75000000      -90.74728369
808.00000000      -85.50018753
808.25000000      -23.93853978
808.50000000      -289.18233349
808.75000000      -332.30156171
809.00000000      -334.40621750
809.25000000      -125.13629395
809.50000000      -58.40178412
809.75000000      69.75731887
810.00000000      66.20102193
810.25000000      -224.59066808
810.50000000      -58.19774426
810.75000000      -121.37019978
811.00000000      -159.50802778
811.25000000      38.58877859
811.50000000      -223.12977386
811.75000000      235.20632170
812.00000000      454.84707206
812.25000000      71.90248403
812.50000000      -83.04743562
812.75000000      92.35731990
813.00000000      0.66675734
813.25000000      -133.55911654
813.50000000      116.19970500
813.75000000      182.64322868
814.00000000      232.13146123
814.25000000      375.11440936
814.50000000      133.12207977
814.75000000      -63.30552086
815.00000000      262.93161416
815.25000000      375.21349149
815.50000000      212.97011779
815.75000000      228.52149970
816.00000000      -69.57235614
816.25000000      45.68855690
816.50000000      -147.55575457
816.75000000      -402.50528394
817.00000000      -361.76002462
817.25000000      -133.41997002
817.50000000      9.82488642
817.75000000      83.02455128
818.00000000      -158.98096890
818.25000000      -411.72166756
818.50000000      -124.94753819
818.75000000      -62.50857425
819.00000000      -96.24476923
819.25000000      -180.16611664
819.50000000      -47.53260998
819.75000000      23.12575724
820.00000000      87.53899148
820.25000000      10.85709921
820.50000000      -78.45991313
820.75000000      67.17796091
821.00000000      208.11072775
821.25000000      18.52839383
821.50000000      -145.52903445
821.75000000      -27.01155068
822.00000000      139.06085151
822.25000000      -312.83182147
822.50000000      -276.43956328
822.75000000      -214.04236753
823.00000000      -140.16022789
823.25000000      7.17686200
823.50000000      248.98890846
823.75000000      18.06591781
824.00000000      -93.44210364
824.25000000      -25.15514957
824.50000000      99.84678629
824.75000000      282.87371024
825.00000000      300.22562854
825.25000000      353.96254747
825.50000000      272.85447326
825.75000000      274.33141217
826.00000000      281.60337043
826.25000000      229.51035426
826.50000000      313.15236988
826.75000000      347.64942349
827.00000000      291.55152129
827.25000000      41.20866947
827.50000000      122.11087419
827.75000000      358.82814163
828.00000000      330.34047795
828.25000000      284.74788928
828.50000000      336.31038178
828.75000000      479.44796156
829.00000000      82.66063475
829.25000000      459.96840745
829.50000000      356.17128577
829.75000000      218.36927580
830.00000000      525.33238361
830.25000000      428.43061528
830.50000000      -87.79602312
830.75000000      -571.53752555
831.00000000      -626.78388597
831.25000000      -490.65509832
831.50000000      -281.88115661
831.75000000      -217.63205479
832.00000000      17.34221312
832.25000000      183.97165313
832.50000000      16.04627122
832.75000000      9.94607339
833.00000000      69.35106558
833.25000000      -157.35874623
833.50000000      87.23664390
833.75000000      232.82724192
834.00000000      468.75305377
834.25000000      368.55408535
834.50000000      144.42034260
834.75000000      190.22183141
835.00000000      126.06855769
835.25000000      -24.74947269
835.50000000      -79.08225384
835.75000000      -56.72977990
836.00000000      -313.65204499
836.25000000      -503.17904328
836.50000000      -569.72076892
836.75000000      -615.32721607
837.00000000      -425.61837891
837.25000000      -226.16425163
837.50000000      -160.80482841
837.75000000      75.43989653
838.00000000      167.53992900
838.25000000      11.55527476
838.50000000      -29.15406041
838.75000000      -242.78807074
839.00000000      -393.97675049
839.25000000      -478.50009390
839.50000000      -38.44809525
839.75000000      -143.89074881
840.00000000      -38.08804885
840.25000000      -85.51998967
840.50000000      -129.27656556
840.75000000      -192.11777084
841.00000000      -229.82359981
841.25000000      -9.40404681
841.50000000      -132.53910617
841.75000000      -37.69877223
842.00000000      -90.78303934
842.25000000      165.05809814
842.50000000      194.19464585
842.75000000      163.70660940
843.00000000      220.07399440
843.25000000      210.10680648
843.50000000      131.99505122
843.75000000      216.75873421
844.00000000      303.08786104
844.25000000      364.71243728
844.50000000      690.68246848
844.75000000      545.86796022
845.00000000      362.92891802
845.25000000      217.90534744
845.50000000      19.16725400
845.75000000      139.20464323
846.00000000      -47.91247937
846.25000000      -169.56410829
846.50000000      -278.69023802
846.75000000      -430.06086309
847.00000000      -284.51597801
847.25000000      -26.07557731
847.50000000      -116.48965553
847.75000000      -295.81820721
848.00000000      -516.99122691
848.25000000      -482.45870918
848.50000000      -130.83064859
848.75000000      52.42296027
849.00000000      86.74212282
849.25000000      35.30684447
849.50000000      -57.87286938
849.75000000      -211.84701335
850.00000000      -188.82558205
850.25000000      60.26142988
850.50000000      375.70402782
850.75000000      320.24221713
851.00000000      535.60600314
851.25000000      453.01539121
851.50000000      353.20038667
851.75000000      365.47099483
852.00000000      451.62722102
852.25000000      478.60907055
852.50000000      355.35654872
852.75000000      155.28966082
853.00000000      74.38841213
853.25000000      210.93280794
853.50000000      862.48285351
853.75000000      1372.70855410
854.00000000      2647.08991497
854.25000000      3804.91694136
854.50000000      5523.23963851
854.75000000      6786.65801166
855.00000000      7591.67206601
855.25000000      6981.38180679
855.50000000      6344.78723921
855.75000000      6318.08836845
856.00000000      5832.88519971
856.25000000      5205.97773818
856.50000000      4923.46598903
856.75000000      4492.34995743
857.00000000      3909.02964853
857.25000000      3433.80506749
857.50000000      2729.47621946
857.75000000      2587.44310956
858.00000000      2244.58574294
858.25000000      1834.75412470
858.50000000      1697.75825997
858.75000000      1208.83815384
859.00000000      766.50381142
859.25000000      551.81523780
859.50000000      478.35243807
859.75000000      752.75541728
860.00000000      772.50418053
860.25000000      425.72873286
860.50000000      138.48907933
860.75000000      247.77522498
861.00000000      148.62717485
861.25000000      282.90493397
861.50000000      547.62850737
861.75000000      622.74790006
862.00000000      146.71311704
862.25000000      5.20416333
862.50000000      -117.61895610
862.75000000      350.67376375
863.00000000      449.23232786
863.25000000      209.57674119
863.50000000      205.63700871
863.75000000      280.52313538
864.00000000      316.85512614
864.25000000      421.19298593
864.50000000      552.26671970
864.75000000      910.88633236
865.00000000      1141.90182883
865.25000000      1019.16321403
865.50000000      737.42049287
865.75000000      499.91367023
866.00000000      598.92275101
866.25000000      599.37774010
866.50000000      685.19864237
866.75000000      604.16546268
867.00000000      490.75820590
867.25000000      593.78687688
867.50000000      866.06148048
867.75000000      850.30202152
868.00000000      470.87850485
868.25000000      489.54093528
868.50000000      278.64931765
868.75000000      706.64365674
869.00000000      1103.30395739
869.25000000      1189.91022437
869.50000000      1130.43246248
869.75000000      1529.48067650
870.00000000      1871.15487121
870.25000000      2280.57505138
870.50000000      2620.74122177
870.75000000      2572.63338713
871.00000000      2939.02155221
871.25000000      2898.26572176
871.50000000      2849.90590050
871.75000000      3224.34209317
872.00000000      3101.27430448
872.25000000      2740.44253915
872.50000000      2851.82680188
872.75000000      2505.67709737
873.00000000      2238.13343032
873.25000000      2116.95580541
873.50000000      1843.37422731
873.75000000      1976.76870071
874.00000000      1871.88923026
874.25000000      1911.85582062
874.50000000      2053.88847645
874.75000000      2046.20720238
875.00000000      1970.74200307
875.25000000      1854.03288313
875.50000000      1693.24984718
875.75000000      1480.57289986
876.00000000      1339.07204577
876.25000000      1260.77728950
876.50000000      1657.06863567
876.75000000      1905.98608885
877.00000000      2044.98965364
877.25000000      1698.03933461
877.50000000      1316.67513632
877.75000000      1625.95706335
878.00000000      2087.20512025
878.25000000      2225.77931157
878.50000000      2196.56964185
878.75000000      2076.60611563
879.00000000      2016.74873744
879.25000000      1927.59751180
879.50000000      2047.86244324
879.75000000      1844.79353625
880.00000000      1776.66079535
