790.00000000      49.44002474
790.25000000      -4.69181537
790.50000000      -184.65122434
790.75000000      -408.34819166
791.00000000      -222.13270681
791.25000000      -395.03475931
791.50000000      -302.51433871
791.75000000      -313.62143456
792.00000000      6.05396357
792.25000000      81.90186610
792.50000000      90.19228341
792.75000000      -447.37477412
793.00000000      -539.17929613
793.25000000      -281.45127228
793.50000000      -172.23069225
793.75000000      -339.15754574
794.00000000      -397.50182245
794.25000000      -337.33351211
794.50000000      -287.77260448
794.75000000      -5.36908932
795.00000000      6.44704359
795.25000000      97.74580445
795.50000000      96.86720344
795.75000000      -22.85874927
796.00000000      -104.92204352
796.25000000      -373.96266920
796.50000000      -122.41061619
796.75000000      305.26412561
797.00000000      267.53156629
797.25000000      134.08171590
797.50000000      -251.75541551
797.75000000      -469.55981791
798.00000000      -399.18148129
798.25000000      -313.55039565
798.50000000      42.44344898
798.75000000      157.90006257
799.00000000      123.95945507
799.25000000      356.62163639
799.50000000      445.22661645
799.75000000      291.41440514
800.00000000      359.96501235
800.25000000      61.76844794
800.50000000      239.42472174
800.75000000      239.76384359
801.00000000      296.55582329
801.25000000      331.79067065
801.50000000      562.46839544
801.75000000      580.02900742
802.00000000      497.78251634
802.25000000      116.72893193
802.50000000      -169.45173610
802.75000000      -59.31947806
803.00000000      145.89571574
803.25000000      187.87385497
803.50000000      175.50494926
803.75000000      -38.61099175
804.00000000      -174.66395845
804.25000000      4.16605877
804.50000000      321.70906949
804.75000000      177.94508327
805.00000000      257.32410967
805.25000000      306.92615822
805.50000000      328.81123844
805.75000000      266.77935983
806.00000000      369.49053188
806.25000000      197.11476406
806.50000000      -170.58793417
806.75000000      -283.76755337
807.00000000      -27.08408412
807.25000000      46.94248298
807.50000000      136.57215734
807.75000000      288.56494833
808.00000000      280.72086530
808.25000000      123.18991761
808.50000000      51.85211458
808.75000000      -19.36253447
809.00000000      -157.56402024
809.25000000      -390.39233345
809.50000000      -328.75746483
809.75000000      -220.69940512
810.00000000      -189.35814510
810.25000000      191.74632446
810.50000000      426.03401276
810.75000000      290.75492901
811.00000000      69.50908236
811.25000000      479.49648199
811.50000000      183.66713704
811.75000000      40.89105664
812.00000000      -105.58175010
812.25000000      9.35872592
812.50000000      217.29249379
812.75000000      163.57956258
813.00000000      338.76994134
813.25000000      304.42363911
813.50000000      141.06066492
813.75000000      77.38102778
814.00000000      193.74473667
814.25000000      364.60180058
814.50000000      166.48222848
814.75000000      16.92602931
815.00000000      -135.96678799
815.25000000      -59.81621450
815.50000000      183.80775869
815.75000000      -4.77485954
816.00000000      -1.00406030
816.25000000      76.12016526
816.50000000      -258.26217401
816.75000000      -147.35106928
817.00000000      91.25348828
817.25000000      96.45150746
817.50000000      -83.44700295
817.75000000      13.60796583
818.00000000      -97.54357744
818.25000000      -228.43162402
818.50000000      -391.80616518
818.75000000      -236.51719220
819.00000000      -187.40469638
819.25000000      -31.47866903
819.50000000      -38.99910147
819.75000000      220.50401494
820.00000000      127.76068887
820.25000000      -137.07907107
820.50000000      -25.55525626
820.75000000      -254.07785809
821.00000000      -294.30686798
821.25000000      35.94772266
821.50000000      223.72592237
821.75000000      -110.92226029
822.00000000      -3.01681680
822.25000000      -37.07773863
822.50000000      -0.85501728
822.75000000      -343.62864426
823.00000000      -336.91861110
823.25000000      -317.75490933
823.50000000      -23.11753051
823.75000000      -24.21646619
824.00000000      155.09829204
824.25000000      93.20675258
824.50000000      79.02892384
824.75000000      152.87481419
825.00000000      43.04443199
825.25000000      -135.40221440
825.50000000      -274.69511664
825.75000000      -569.40426640
826.00000000      -501.31965539
826.25000000      44.39872471
826.50000000      -69.14911782
826.75000000      140.15682528
827.00000000      -43.13343773
827.25000000      -142.66989860
827.50000000      208.03745090
827.75000000      213.55861898
828.00000000      -26.12638615
828.25000000      256.08244370
828.50000000      199.44511670
828.75000000      -566.61835898
829.00000000      -649.60797519
829.25000000      -387.50372379
829.50000000      12.49440333
829.75000000      46.48641429
830.00000000      -157.75768281
830.25000000      48.13212011
830.50000000      150.69583113
830.75000000      228.74345829
831.00000000      116.28500965
831.25000000      -198.79950677
831.50000000      -83.24008294
831.75000000      252.79328914
832.00000000      395.55061747
832.25000000      -5.03808999
832.50000000      -440.18282525
832.75000000      -455.50358036
833.00000000      -86.32034739
833.25000000      -134.25311841
833.50000000      -57.88188549
833.75000000      175.48335925
834.00000000      302.18262372
834.25000000      69.75591579
834.50000000      79.39324332
834.75000000      -105.03538583
835.00000000      -31.41996383
835.25000000      171.52951715
835.50000000      452.96306492
835.75000000      398.08068729
836.00000000      362.92239205
836.25000000      92.15818696
836.50000000      -98.62192020
836.75000000      112.53207831
837.00000000      -189.99980977
837.25000000      -234.78757670
837.50000000      -159.67121479
837.75000000      -115.67071632
838.00000000      333.18392638
838.25000000      378.95272101
838.50000000      304.99567522
838.75000000      256.11279666
839.00000000      -90.32590703
839.25000000      -198.10042822
839.50000000      -33.30075929
839.75000000      90.00310736
840.00000000      231.55117931
840.25000000      45.86346414
840.50000000      -117.15003057
840.75000000      -370.24929727
841.00000000      -752.21432843
841.25000000      -478.05511651
841.50000000      -134.45165400
841.75000000      -298.87393339
842.00000000      -304.22194718
842.25000000      -52.64568790
842.50000000      121.22485192
842.75000000      52.46967975
843.00000000      1.56880303
843.25000000      245.33222918
843.50000000      198.94996564
843.75000000      275.44201982
844.00000000      410.49839910
844.25000000      470.84911088
844.50000000      390.54416254
844.75000000      129.45356143
845.00000000      -81.76268509
845.25000000      -35.06456969
845.50000000      -80.08208504
845.75000000      -36.32522382
846.00000000      87.27602128
846.25000000      76.34165754
846.50000000      -63.06830775
846.75000000      -99.72386733
847.00000000      -52.46501393
847.25000000      218.68825969
847.50000000      81.98596076
847.75000000      -146.63190349
848.00000000      -191.09532585
848.25000000      89.14570088
848.50000000      38.48118389
848.75000000      9.44113035
849.00000000      -130.53445256
849.25000000      -316.26555770
849.50000000      -199.74217792
849.75000000      -88.01430609
850.00000000      108.70806492
850.25000000      311.49494221
850.50000000      244.63633287
850.75000000      318.87224400
851.00000000      325.93268267
851.25000000      488.03765595
851.50000000      394.91717089
851.75000000      -1.11876547
852.00000000      95.72985390
852.25000000      -75.59696398
852.50000000      -152.15921210
852.75000000      -235.53688346
853.00000000      184.25002892
853.25000000      953.48153202
853.50000000      1061.71763281
853.75000000      1649.62833823
854.00000000      2808.69365523
854.25000000      3854.20359074
854.50000000      4731.20815168
854.75000000      5668.30734496
855.00000000      6038.00117748
855.25000000      5822.38965613
855.50000000      5794.47278778
855.75000000      5878.45057930
856.00000000      5734.92303754
856.25000000      5339.69016936
856.50000000      5230.85198158
856.75000000      5024.40848102
857.00000000      3963.75967450
857.25000000      3469.20556882
857.50000000      2986.54617077
857.75000000      2640.18148714
858.00000000      1871.99152468
858.25000000      1448.82629016
858.50000000      1048.49579032
858.75000000      936.24003191
859.00000000      1075.56902165
859.25000000      958.54276626
859.50000000      892.74127244
859.75000000      858.80454689
860.00000000      668.21259630
860.25000000      391.09542733
860.50000000      287.51304665
860.75000000      138.45546092
861.00000000      56.96267678
861.25000000      454.89470085
861.50000000      632.27153977
861.75000000      478.04320015
862.00000000      713.65968858
862.25000000      614.80101166
862.50000000      597.62717597
862.75000000      485.56818808
863.00000000      471.77405454
863.25000000      246.76478192
863.50000000      54.47037674
863.75000000      362.00084555
864.00000000      124.97619485
864.25000000      385.95643117
864.50000000      462.67156098
864.75000000      317.93159080
865.00000000      261.58652709
865.25000000      399.48637632
865.50000000      234.38114496
865.75000000      565.51083944
866.00000000      616.15546622
866.25000000      432.24503171
866.50000000      506.69954234
866.75000000      660.29900452
867.00000000      802.52342464
867.25000000      883.18280909
867.50000000      694.08716425
867.75000000      866.95649649
868.00000000      895.16081217
868.25000000      731.45011764
868.50000000      493.18441924
868.75000000      530.80372329
869.00000000      1192.08803612
869.25000000      1288.31736403
869.50000000      966.46171333
869.75000000      1140.13109030
870.00000000      1574.42550123
870.25000000      1747.46495239
870.50000000      2091.24945003
870.75000000      2330.75900041
871.00000000      2414.80360977
871.25000000      2651.62328435
871.50000000      2942.87803036
871.75000000      3318.92785401
872.00000000      2931.47276152
872.25000000      3492.21275906
872.50000000      3333.24785284
872.75000000      2708.67804901
873.00000000      2402.77335376
873.25000000      2035.20377322
873.50000000      2057.22931355
873.75000000      1850.22998088
874.00000000      1947.95578135
874.25000000      1756.52672106
874.50000000      1836.16280612
874.75000000      1722.08404264
875.00000000      1716.22043671
875.25000000      1744.11199439
875.50000000      1952.92872177
875.75000000      1738.85062490
876.00000000      1723.94770983
876.25000000      1849.24998261
876.50000000      1655.13744928
876.75000000      1937.65011584
877.00000000      1712.24798833
877.25000000      1671.89107274
877.50000000      1816.11937507
877.75000000      1895.99290130
878.00000000      1940.83165742
878.25000000      1917.99564940
878.50000000      1861.37488318
878.75000000      2040.99936473
879.00000000      2219.72909997
879.25000000      1951.16409486
879.50000000      1815.01435530
879.75000000      1692.52988721
880.00000000      1943.98069649
