790.00000000      -143.39235061
790.25000000      -161.93003300
790.50000000      -69.29595818
790.75000000      -133.40011464
791.00000000      -567.59249092
791.25000000      -689.90307556
791.50000000      -70.79185713
791.75000000      63.68117580
792.00000000      -116.04396540
792.25000000      -98.60726933
792.50000000      -255.72872465
792.75000000      -178.70832002
793.00000000      -261.92604412
793.25000000      -77.61188565
793.50000000      -179.80583333
793.75000000      -186.14787590
794.00000000      -105.90800213
794.25000000      1.84379921
794.50000000      168.96753933
794.75000000      50.97322939
795.00000000      -233.62911942
795.25000000      -211.74949597
795.50000000      391.00211088
795.75000000      -83.19428778
796.00000000      -238.67868085
796.25000000      -140.14105727
796.50000000      -322.01140598
796.75000000      -280.75971594
797.00000000      -369.91597616
797.25000000      -374.79017562
797.50000000      -498.05230336
797.75000000      -314.28234842
798.00000000      -191.33029986
798.25000000      -197.12614676
798.50000000      214.44012178
798.75000000      -186.53148334
799.00000000      -308.90095128
799.25000000      -85.66827118
799.50000000      207.50656779
799.75000000      407.30357643
800.00000000      538.43276555
800.25000000      508.75414590
800.50000000      291.97772826
800.75000000      343.87352334
801.00000000      77.24154188
801.25000000      100.04179458
801.50000000      17.28429211
801.75000000      109.40904514
802.00000000      433.68606432
802.25000000      439.24536028
802.50000000      -27.38305637
802.75000000      -160.68917505
803.00000000      29.08701484
803.25000000      303.62552384
803.50000000      521.82636249
803.75000000      520.23954132
804.00000000      320.76507083
804.25000000      161.15296151
804.50000000      -42.74677618
804.75000000      -6.95413178
805.00000000      -60.01909486
805.25000000      -170.86165500
805.50000000      -46.42180181
805.75000000      -268.89952490
806.00000000      -10.63481391
806.25000000      235.54234150
806.50000000      328.39195168
806.75000000      169.76402692
807.00000000      -308.00142247
807.25000000      -486.42438623
807.50000000      -257.24485408
807.75000000      -80.70281579
808.00000000      -215.99826113
808.25000000      -98.98117989
808.50000000      -263.77156189
808.75000000      -25.43939694
809.00000000      -70.09467489
809.25000000      10.62261441
809.50000000      517.80248107
809.75000000      534.40493520
810.00000000      399.28998689
810.25000000      329.93764622
810.50000000      260.76792324
810.75000000      27.03082799
811.00000000      -35.67362950
811.25000000      -134.14543924
811.50000000      -347.43459123
811.75000000      -205.67107549
812.00000000      -61.60488208
812.25000000      -53.12600106
812.50000000      78.34557751
812.75000000      32.16986352
813.00000000      346.89686687
813.25000000      577.08659743
813.50000000      413.25906505
813.75000000      379.11427958
814.00000000      366.01225085
814.25000000      -115.59701135
814.50000000      -246.18349722
814.75000000      -154.20719698
815.00000000      4.43189912
815.25000000      -52.88619916
815.50000000      207.26851789
815.75000000      510.21605998
816.00000000      318.51643682
816.25000000      -143.83034193
816.50000000      -226.68426659
816.75000000      -391.24532752
817.00000000      -499.11351510
817.25000000      -207.38881970
817.50000000      155.23876827
817.75000000      427.81925840
818.00000000      366.19266025
818.25000000      333.82898337
818.50000000      99.97823730
818.75000000      223.79043156
819.00000000      456.42557566
819.25000000      336.87367907
819.50000000      -107.12524872
819.75000000      -58.10119826
820.00000000      -123.32416011
820.25000000      -307.64412485
820.50000000      -316.60108305
820.75000000      -29.60502533
821.00000000      160.68405769
821.25000000      -86.54382463
821.50000000      5.75133707
821.75000000      -106.38044788
822.00000000      -82.95917017
822.25000000      214.49517951
822.50000000      590.23261045
822.75000000      333.97313191
823.00000000      153.19675315
823.25000000      -159.12651658
823.50000000      232.02333193
823.75000000      222.43630791
824.00000000      722.26242055
824.25000000      1041.92167902
824.50000000      856.21409249
824.75000000      262.56967013
825.00000000      -70.75157895
825.25000000      -35.68964562
825.50000000      -122.47452077
825.75000000      -55.67619532
826.00000000      80.91533982
826.25000000      39.14009370
826.50000000      103.09807538
826.75000000      -118.09070613
827.00000000      114.12375821
827.25000000      10.09147739
827.50000000      8.30246039
827.75000000      -17.67328380
828.00000000      29.14425376
828.25000000      -170.14491797
828.50000000      -102.28079007
828.75000000      -49.84335363
829.00000000      35.66740026
829.25000000      144.27148048
829.50000000      137.76889590
829.75000000      -30.74034462
830.00000000      -425.48623225
830.25000000      -371.09875815
830.50000000      -240.03791351
830.75000000      -35.49368954
831.00000000      -196.45607744
831.25000000      -321.04506845
831.50000000      259.00934618
831.75000000      164.53717520
832.00000000      -71.21157266
832.25000000      -206.30688869
832.50000000      -310.95876420
832.75000000      -286.78719049
833.00000000      -218.11215890
833.25000000      -98.55366077
833.50000000      -18.69168745
833.75000000      278.16376967
834.00000000      207.35271922
834.25000000      131.41516980
834.50000000      6.54112999
834.75000000      -254.39939164
835.00000000      -428.29638652
835.25000000      -535.85984611
835.50000000      -301.93976189
835.75000000      -37.33612532
836.00000000      55.99107209
836.25000000      -41.28816117
836.50000000      -223.58381663
836.75000000      -151.94588581
837.00000000      161.00563972
837.25000000      156.70076841
837.50000000      130.29950867
837.75000000      396.78186892
838.00000000      132.11785754
838.25000000      -237.63251708
838.50000000      -300.10924658
838.75000000      19.48767740
839.00000000      178.52826321
839.25000000      85.23251916
839.50000000      94.51045356
839.75000000      -282.70792527
840.00000000      -237.68260906
840.25000000      -29.89358953
840.50000000      -125.43085842
840.75000000      77.94559252
841.00000000      -23.54422849
841.25000000      139.08968679
841.50000000      -123.83265345
841.75000000      148.21875899
842.00000000      213.34393230
842.25000000      -34.60712537
842.50000000      66.73559414
842.75000000      -6.54790102
843.00000000      120.02239727
843.25000000      250.25649713
843.50000000      -177.65559334
843.75000000      -303.69386606
844.00000000      -100.16831293
844.25000000      41.65107409
844.50000000      90.81430306
844.75000000      -197.80861799
845.00000000      -233.55768102
845.25000000      -251.39287803
845.50000000      183.05579898
845.75000000      178.27835800
846.00000000      365.34480701
846.25000000      71.87515395
846.50000000      -135.07059322
846.75000000      17.73757344
847.00000000      -72.54033815
847.25000000      -303.92432008
847.50000000      -292.16436446
847.75000000      -215.32046340
848.00000000      -12.32260903
848.25000000      -59.62079348
848.50000000      -250.82500892
848.75000000      -241.40524750
849.00000000      -87.92150141
849.25000000      211.80623717
849.50000000      279.78797603
849.75000000      100.97372296
850.00000000      -242.84651427
850.25000000      -64.60272791
850.50000000      350.00508981
850.75000000      200.68694660
851.00000000      -0.79714979
851.25000000      -16.23719168
851.50000000      -56.90317134
851.75000000      -34.48508111
852.00000000      213.81708670
852.25000000      229.94333975
852.50000000      -24.16631431
852.75000000      303.90813215
853.00000000      469.14668676
853.25000000      1044.82935713
853.50000000      1372.51615087
853.75000000      2295.82707557
854.00000000      3595.39213879
854.25000000      5052.35134812
854.50000000      5835.80471109
854.75000000      5826.35223526
855.00000000      5872.49392815
855.25000000      5752.32979728
855.50000000      6033.85985015
855.75000000      6186.28409426
856.00000000      6322.20253710
856.25000000      6216.41518612
856.50000000      5944.02204879
856.75000000      5144.02313256
857.00000000      4205.81844486
857.25000000      3465.70799311
857.50000000      2591.49178473
857.75000000      1921.56982712
858.00000000      1823.84212765
858.25000000      1664.09869372
858.50000000      1213.20953268
858.75000000      1131.39465189
859.00000000      1165.16405869
859.25000000      1172.57776040
859.50000000      987.21576436
859.75000000      764.71807786
860.00000000      888.56470820
860.25000000      763.88566266
860.50000000      805.74094852
860.75000000      639.12057304
861.00000000      707.06454347
861.25000000      975.43286704
861.50000000      559.24555099
861.75000000      291.45260252
862.00000000      288.50402885
862.25000000      631.07983716
862.50000000      404.34003465
862.75000000      235.71462847
863.00000000      304.35362579
863.25000000      620.77703375
863.50000000      586.91485950
863.75000000      669.87711016
864.00000000      842.29379284
864.25000000      455.69491464
864.50000000      165.84048267
864.75000000      -34.46949601
865.00000000      -82.38501431
865.25000000      496.94393481
865.50000000      769.26735841
865.75000000      694.82526353
866.00000000      652.89765719
866.25000000      585.41454640
866.50000000      438.29593817
866.75000000      489.32183949
867.00000000      475.97225735
867.25000000      710.05719871
867.50000000      859.38667055
867.75000000      1164.68067979
868.00000000      940.30923340
868.25000000      893.02233828
868.50000000      824.18000137
868.75000000      767.22222957
869.00000000      882.92902976
869.25000000      1260.58040885
869.50000000      1658.14637370
869.75000000      1896.23693117
870.00000000      2334.90208812
870.25000000      2440.40185139
870.50000000      2576.59622782
870.75000000      2970.58522422
871.00000000      3293.96884740
871.25000000      3130.24710417
871.50000000      3190.92000131
871.75000000      3250.38754560
872.00000000      3216.34974381
872.25000000      3268.50660270
872.50000000      3234.95812901
872.75000000      3368.80432949
873.00000000      2917.34521086
873.25000000      2563.18077983
873.50000000      1763.60104311
873.75000000      1522.01600740
874.00000000      1787.15567937
874.25000000      2074.14006571
874.50000000      1983.18917308
874.75000000      2341.48300814
875.00000000      2285.08157752
875.25000000      2158.37488785
875.50000000      2303.56294578
875.75000000      2208.94575789
876.00000000      2018.44333081
876.25000000      1888.15567111
876.50000000      1754.45278539
876.75000000      1923.37468022
877.00000000      1906.38136215
877.25000000      1895.43283774
877.50000000      1849.06911353
877.75000000      2088.35019605
878.00000000      2244.55609183
878.25000000      2485.18680737
878.50000000      2669.91234918
878.75000000      2298.03272375
879.00000000      1941.11793756
879.25000000      1827.95799708
879.50000000      1734.21290878
879.75000000      2020.13267910
880.00000000      1839.98731448
