790.00000000      119.80474748
790.25000000      760.71596118
790.50000000      660.79945849
790.75000000      -39.85474977
791.00000000      -23.59665279
791.25000000      -223.45623975
791.50000000      -522.89349990
791.75000000      -435.95842246
792.00000000      -230.24099670
792.25000000      -31.35121190
792.50000000      -54.01905736
792.75000000      -199.54452238
793.00000000      34.69240370
793.25000000      -149.53826847
793.50000000      -132.27652827
793.75000000      -377.16236508
794.00000000      -797.46576831
794.25000000      -738.25672737
794.50000000      -693.65523172
794.75000000      -670.21127082
795.00000000      -577.35483413
795.25000000      -287.01591117
795.50000000      207.14550857
795.75000000      147.45943553
796.00000000      -22.56411982
796.25000000      83.43485295
796.50000000      59.02636425
796.75000000      137.74042447
797.00000000      -15.95295600
797.25000000      -273.36376681
797.50000000      -510.16199761
797.75000000      -215.92763807
798.00000000      -378.51067789
798.25000000      -58.84110678
798.50000000      355.19108554
798.75000000      720.68590932
799.00000000      555.78337480
799.25000000      226.48349220
799.50000000      181.12627172
799.75000000      -3.64827645
800.00000000      -35.06014214
800.25000000      479.78068479
800.50000000      111.47421449
800.75000000      -137.14954294
801.00000000      5.67942262
801.25000000      46.95112123
801.50000000      194.66556297
801.75000000      161.26275789
802.00000000      -77.94728399
802.25000000      209.03544735
802.50000000      297.89096190
802.75000000      -42.94073035
803.00000000      -34.68961943
803.25000000      -74.67569541
803.50000000      33.99105164
803.75000000      56.91063165
804.00000000      -76.10694550
804.25000000      -145.24166993
804.50000000      -23.66353177
804.75000000      -24.39252117
805.00000000      21.02137169
805.25000000      -77.34184338
805.50000000      45.57784342
805.75000000      10.58044188
806.00000000      -144.67403826
806.25000000      -471.01558723
806.50000000      -218.68419531
806.75000000      48.17014722
807.00000000      154.88745004
807.25000000      -29.05227715
807.50000000      111.61097531
807.75000000      258.63721707
808.00000000      157.82645775
808.25000000      33.32870698
808.50000000      257.02397435
808.75000000      289.84226945
809.00000000      219.67360185
809.25000000      314.87798109
809.50000000      319.54541672
809.75000000      416.63591825
810.00000000      259.00949518
810.25000000      181.14615701
810.50000000      316.46591321
810.75000000      325.21877322
811.00000000      451.00474650
811.25000000      561.02384246
811.50000000      463.22607052
811.75000000      196.48144006
812.00000000      79.03996046
812.25000000      201.01164108
812.50000000      -338.02350872
812.75000000      -313.70547963
813.00000000      -250.48426232
813.25000000      -324.79984750
813.50000000      -524.13222589
813.75000000      -280.78138822
814.00000000      -166.38732523
814.25000000      -153.50002769
814.50000000      -134.58948638
814.75000000      80.88430790
815.00000000      96.02136436
815.25000000      26.20169216
815.50000000      102.85530046
815.75000000      41.30219840
816.00000000      -104.89760487
816.25000000      -81.74410026
816.50000000      88.90272134
816.75000000      18.84286902
817.00000000      37.47635183
817.25000000      237.70317884
817.50000000      293.83335909
817.75000000      59.91690159
818.00000000      326.79381536
818.25000000      99.93410938
818.50000000      -83.41220736
818.75000000      283.90487410
819.00000000      587.04536272
819.25000000      273.99926741
819.50000000      145.50659711
819.75000000      155.03736071
820.00000000      -13.67843290
820.25000000      53.50922517
820.50000000      160.06034377
820.75000000      109.56493174
821.00000000      9.36299792
821.25000000      86.64455112
821.50000000      -11.55039985
821.75000000      -284.17184622
822.00000000      -188.23977920
822.25000000      -176.27419004
822.50000000      319.97493000
822.75000000      399.22758965
823.00000000      74.96379763
823.25000000      34.15356264
823.50000000      -261.18310664
823.75000000      -331.25620154
824.00000000      -346.91571339
824.25000000      -309.78163356
824.50000000      -210.93395342
824.75000000      -44.06266436
825.00000000      -35.86775776
825.25000000      18.71077494
825.50000000      63.44294233
825.75000000      -304.24124704
826.00000000      -229.13178462
826.25000000      359.61133811
826.50000000      253.08812967
826.75000000      286.41859857
827.00000000      293.15275328
827.25000000      12.64060228
827.50000000      266.37215403
827.75000000      44.91741699
828.00000000      -243.74360043
828.25000000      -41.51088980
828.50000000      208.87555728
828.75000000      311.83574920
829.00000000      114.86969434
829.25000000      170.99740106
829.50000000      126.01887771
829.75000000      219.03413262
830.00000000      208.81317412
830.25000000      209.72601052
830.50000000      270.31265011
830.75000000      162.38310116
831.00000000      47.94737196
831.25000000      -210.11452925
831.50000000      -294.53259423
831.75000000      -488.47681476
832.00000000      -375.69718261
832.25000000      -218.26368958
832.50000000      -363.38632750
832.75000000      -66.68508819
833.00000000      106.52003652
833.25000000      -118.39094523
833.50000000      -156.99802532
833.75000000      -83.61119561
834.00000000      145.10955200
834.25000000      176.70422560
834.50000000      -33.63716673
834.75000000      -124.04461691
835.00000000      -120.40811691
835.25000000      -233.43765867
835.50000000      -209.98323416
835.75000000      -289.84483538
836.00000000      -67.98245432
836.25000000      -29.72608299
836.50000000      -132.48571342
836.75000000      9.68866236
837.00000000      239.17705229
837.25000000      346.40946432
837.50000000      202.54590637
837.75000000      -344.43361366
838.00000000      -106.55908786
838.25000000      -167.77050835
838.50000000      30.29213275
838.75000000      474.42884329
839.00000000      147.00963113
839.25000000      -26.74549591
839.50000000      -204.92653000
839.75000000      -42.60346334
840.00000000      -15.03628811
840.25000000      38.29500344
840.50000000      401.30041911
840.75000000      186.21996665
841.00000000      314.27365380
841.25000000      162.45148829
841.50000000      64.07347786
841.75000000      169.66963020
842.00000000      118.33995302
842.25000000      -172.06554600
842.50000000      31.82314080
842.75000000      -121.91397891
843.00000000      -11.79689749
843.25000000      25.98439271
843.50000000      -100.38010071
843.75000000      -229.87037012
844.00000000      40.20359206
844.25000000      -56.42820657
844.50000000      -25.71575845
844.75000000      -212.78905601
845.00000000      -176.98809171
845.25000000      -301.27285800
845.50000000      -188.27334737
845.75000000      -262.49955230
846.00000000      -113.88146529
846.25000000      132.20092114
846.50000000      55.80761448
846.75000000      -2.83137781
847.00000000      21.44395171
847.25000000      -158.38638951
847.50000000      -121.07239403
847.75000000      82.32594554
848.00000000      -80.12136338
848.25000000      56.13568661
848.50000000      -61.51289713
848.75000000      -14.53710722
849.00000000      -15.49693630
849.25000000      -225.21237702
849.50000000      -320.67342206
849.75000000      116.06993590
850.00000000      140.80770419
850.25000000      334.60989009
850.50000000      562.77650089
850.75000000      414.01754387
851.00000000      78.09302629
851.25000000      53.21295540
851.50000000      272.10733845
851.75000000      576.08618266
852.00000000      884.94949524
852.25000000      842.63728341
852.50000000      1009.08955436
852.75000000      1051.72631527
853.00000000      863.52757331
853.25000000      941.77333564
853.50000000      2054.02360942
853.75000000      2980.89840177
854.00000000      3978.02771982
854.25000000      4901.55157069
854.50000000      5735.56996148
854.75000000      6593.68289928
855.00000000      6703.39039117
855.25000000      6306.79244422
855.50000000      6273.88906549
855.75000000      6162.88026203
856.00000000      6151.36604086
856.25000000      5759.14640902
856.50000000      4963.32137352
856.75000000      4505.89094136
857.00000000      3827.25511953
857.25000000      3288.71391501
857.50000000      3227.06733476
857.75000000      2629.71538576
858.00000000      1886.53807493
858.25000000      1491.38540923
858.50000000      1261.06739557
858.75000000      1352.82404086
859.00000000      1537.16535202
859.25000000      1296.15133592
859.50000000      956.36199946
859.75000000      810.43734950
860.00000000      773.85739290
860.25000000      974.75213651
860.50000000      1057.18158717
860.75000000      988.13575170
861.00000000      823.65463692
861.25000000      807.59824963
861.50000000      731.98659663
861.75000000      279.76968471
862.00000000      397.39752063
862.25000000      580.55011115
862.50000000      431.38746304
862.75000000      435.33958302
863.00000000      498.55647784
863.25000000      424.55815420
863.50000000      440.27461883
863.75000000      870.81587841
864.00000000      787.80193963
864.25000000      765.79280918
864.50000000      761.51849372
864.75000000      490.78899990
865.00000000      778.45433438
865.25000000      759.36450379
865.50000000      684.26951474
865.75000000      536.40937387
866.00000000      538.06408776
866.25000000      607.16366303
866.50000000      518.62810624
866.75000000      571.23742397
867.00000000      664.47162279
867.25000000      649.14070925
867.50000000      713.05468989
867.75000000      771.93357124
868.00000000      673.14735983
868.25000000      820.44606216
868.50000000      1233.18968474
868.75000000      1315.81823407
869.00000000      1416.11171661
869.25000000      1688.35013884
869.50000000      1928.50350722
869.75000000      2028.18182821
870.00000000      1842.48510825
870.25000000      1916.53335375
870.50000000      2118.32657115
870.75000000      2472.84476686
871.00000000      2576.89794728
871.25000000      2944.72611879
871.50000000      3329.98928777
871.75000000      3742.04746061
872.00000000      3703.60064366
872.25000000      3533.34884326
872.50000000      2686.41206576
872.75000000      2081.86031750
873.00000000      2196.93360479
873.25000000      2522.37193394
873.50000000      2440.40531126
873.75000000      1990.41374303
874.00000000      1809.14723555
874.25000000      2041.72579507
874.50000000      1879.36942787
874.75000000      1899.29814019
875.00000000      1835.44193828
875.25000000      1892.34082837
875.50000000      1905.16481669
875.75000000      2192.09390945
876.00000000      2241.19811285
876.25000000      2038.50743309
876.50000000      1628.40187635
876.75000000      1310.92144881
877.00000000      1542.52615664
877.25000000      1669.17600598
877.50000000      1906.41100299
877.75000000      2119.29115380
878.00000000      2227.13646455
878.25000000      2327.30694135
878.50000000      2078.69259030
878.75000000      2203.32341751
879.00000000      2186.05942907
879.25000000      2173.50063106
879.50000000      2007.35702954
879.75000000      1934.87863059
880.00000000      1668.33544025
