790.00000000      -43.14532206
790.25000000      -88.71474107
790.50000000      19.88915348
790.75000000      -66.24362953
791.00000000      218.53691875
791.25000000      -60.79919283
791.50000000      -245.71195543
791.75000000      -329.25136025
792.00000000      -341.00739847
792.25000000      -80.59006132
792.50000000      -430.72934002
792.75000000      -712.72522580
793.00000000      -324.95770993
793.25000000      -86.65678368
793.50000000      -487.86243833
793.75000000      -294.21466518
794.00000000      -223.98345553
794.25000000      -72.23880073
794.50000000      -83.10069210
794.75000000      -55.11912101
795.00000000      -131.72407882
795.25000000      -188.84555692
795.50000000      104.85645329
795.75000000      72.71196041
796.00000000      221.23097301
796.25000000      142.77349964
796.50000000      169.90954886
796.75000000      97.16912920
797.00000000      39.02224917
797.25000000      -232.84108272
797.50000000      -205.09085798
797.75000000      -180.30706813
798.00000000      -155.33970471
798.25000000      96.88124073
798.50000000      231.46577662
798.75000000      397.51391139
799.00000000      779.13565345
799.25000000      524.42101119
799.50000000      965.57999299
799.75000000      988.44260722
800.00000000      794.59886223
800.25000000      593.94876636
800.50000000      393.20232795
800.75000000      92.13955529
801.00000000      191.53045669
801.25000000      109.36504045
801.50000000      52.64331482
801.75000000      52.80528807
802.00000000      -230.83903155
802.25000000      -209.28963582
802.50000000      354.13348350
802.75000000      73.87033459
803.00000000      -168.30907434
803.25000000      5.27526489
803.50000000      48.51336044
803.75000000      29.00522046
804.00000000      -349.43914691
804.25000000      -260.99973354
804.50000000      -565.84653131
804.75000000      -612.99953213
805.00000000      -333.00872790
805.25000000      -507.79411056
805.50000000      -377.29567205
805.75000000      -158.71340431
806.00000000      81.61270069
806.25000000      410.85265098
806.50000000      501.76645455
806.75000000      456.20411942
807.00000000      -143.49434645
807.25000000      -104.84893507
807.50000000      129.40036151
807.75000000      -106.98644876
808.00000000      -186.20935796
808.25000000      -138.11835816
808.50000000      -71.83344146
808.75000000      -118.42459995
809.00000000      -16.00182577
809.25000000      171.79488896
809.50000000      128.05555210
809.75000000      190.74017148
810.00000000      116.70875495
810.25000000      152.44131031
810.50000000      246.35784538
810.75000000      16.70836794
811.00000000      -98.90711422
811.25000000      175.71140667
811.50000000      146.51393836
811.75000000      212.37048859
812.00000000      172.53106511
812.25000000      257.10567562
812.50000000      10.67432783
812.75000000      94.59702944
813.00000000      458.42378812
813.25000000      85.71461156
813.50000000      -372.01049260
813.75000000      -249.05151671
814.00000000      0.95154686
814.25000000      -138.55129426
814.50000000      -482.03003247
814.75000000      -407.94466017
815.00000000      -273.19516978
815.25000000      -264.40155373
815.50000000      -170.13380444
815.75000000      -104.07191439
816.00000000      -338.65587602
816.25000000      -392.88568182
816.50000000      -70.62132428
816.75000000      213.93720411
817.00000000      460.18991084
817.25000000      380.03680337
817.50000000      365.78788918
817.75000000      309.49317572
818.00000000      52.99267042
818.25000000      135.75638073
818.50000000      -36.96568596
818.75000000      -152.02352222
819.00000000      -333.25712067
819.25000000      -401.67647393
819.50000000      -304.54157462
819.75000000      -152.38241538
820.00000000      -105.46898888
820.25000000      -53.65128777
820.50000000      186.53069527
820.75000000      -54.33303245
821.00000000      47.09753637
821.25000000      240.01240902
821.50000000      21.45159278
821.75000000      8.46509491
822.00000000      153.03292268
822.25000000      -90.36491669
822.50000000      88.52158404
822.75000000      -143.58756790
823.00000000      117.78763468
823.25000000      55.61719899
823.50000000      -66.07886778
823.75000000      -178.51055846
824.00000000      -289.52786590
824.25000000      33.24921707
824.50000000      29.74069759
824.75000000      -21.74341722
825.00000000      100.09687975
825.25000000      -47.67840437
825.50000000      198.70073750
825.75000000      270.66431245
826.00000000      440.42232755
826.25000000      537.81478987
826.50000000      93.94170645
826.75000000      97.92308434
827.00000000      234.30893056
827.25000000      133.44925214
827.50000000      -111.16594392
827.75000000      96.03334937
828.00000000      81.02713900
828.25000000      29.91543195
828.50000000      178.95823517
828.75000000      253.57555563
829.00000000      104.26740026
829.25000000      -201.94622401
829.50000000      -207.26531026
829.75000000      -47.58985158
830.00000000      -8.14984107
830.25000000      -318.57527184
830.50000000      52.67386298
830.75000000      -13.59242975
831.00000000      23.63585684
831.25000000      -53.76127042
831.50000000      -92.51380468
831.75000000      -23.79173914
832.00000000      21.65493303
832.25000000      -85.24378137
832.50000000      -114.69787556
832.75000000      -51.32734274
833.00000000      252.54782384
833.25000000      206.30763094
833.50000000      -74.62791468
833.75000000      -357.56880629
834.00000000      57.82496285
834.25000000      266.09339944
834.50000000      -34.57348981
834.75000000      167.69430181
835.00000000      204.00678097
835.25000000      7.65395435
835.50000000      -114.21417138
835.75000000      29.60241043
836.00000000      27.14370642
836.25000000      77.07972324
836.50000000      176.00046750
836.75000000      -1.14405419
837.00000000      44.02616478
837.25000000      -4.05886899
837.50000000      -43.23914893
837.75000000      -168.53466846
838.00000000      -277.97542103
838.25000000      -36.50140007
838.50000000      169.24740096
838.75000000      405.07098857
839.00000000      216.33936931
839.25000000      -284.72745033
839.50000000      -427.21946384
839.75000000      -16.20666472
840.00000000      138.05095349
840.25000000      -2.92660272
840.50000000      -78.22932689
840.75000000      117.38278742
841.00000000      256.12974666
841.25000000      102.00155726
841.50000000      130.31822564
841.75000000      29.60975821
842.00000000      -33.02383862
842.25000000      -12.73255847
842.50000000      171.85360505
842.75000000      164.81465831
843.00000000      285.63060768
843.25000000      293.11145949
843.50000000      90.44722011
843.75000000      264.65789585
844.00000000      -130.56650695
844.25000000      -141.49598198
844.50000000      -418.08052294
844.75000000      -589.45012354
845.00000000      -210.94477749
845.25000000      -388.52447852
845.50000000      -320.81922036
845.75000000      -152.33899675
846.00000000      191.98619855
846.25000000      690.77637177
846.50000000      503.09152914
846.75000000      -61.83832311
847.00000000      -347.85317879
847.25000000      -393.97303169
847.50000000      -240.94787563
847.75000000      77.16229558
848.00000000      114.42748810
848.25000000      60.39770809
848.50000000      -196.53703830
848.75000000      -407.84674492
849.00000000      -40.09140564
849.25000000      -57.09101435
849.50000000      -43.83556492
849.75000000      104.62494874
850.00000000      -94.91946727
850.25000000      -294.39880686
850.50000000      -311.52306396
850.75000000      -211.55223250
851.00000000      -84.75630643
851.25000000      -379.91527969
851.50000000      -528.29914625
851.75000000      -147.59790009
852.00000000      -297.01153516
852.25000000      -385.60004548
852.50000000      -152.42342503
852.75000000      250.93833218
853.00000000      684.46523213
853.25000000      1291.43728079
853.50000000      2259.45448414
853.75000000      2916.01684813
854.00000000      3762.87437870
854.25000000      4724.12708180
854.50000000      5126.87496335
854.75000000      5392.71802927
855.00000000      5602.15628548
855.25000000      5404.28973788
855.50000000      5307.11839236
855.75000000      5251.84225480
856.00000000      5085.06133109
856.25000000      4572.57562708
856.50000000      4379.48514864
856.75000000      3765.78990161
857.00000000      3009.88989184
857.25000000      2623.08512515
857.50000000      2293.17560737
857.75000000      1860.59134431
858.00000000      1705.12234177
858.25000000      1520.70860556
858.50000000      1440.13014145
858.75000000      901.62695523
859.00000000      650.70905267
859.25000000      481.43643952
859.50000000      445.38912155
859.75000000      529.20710448
860.00000000      745.37039406
860.25000000      645.00899602
860.50000000      573.18291606
860.75000000      633.88215991
861.00000000      627.14673326
861.25000000      672.83664179
861.50000000      654.97189120
861.75000000      485.50248716
862.00000000      590.87843534
862.25000000      607.77974138
862.50000000      473.36641095
862.75000000      321.06844968
863.00000000      351.03586320
863.25000000      72.78865714
863.50000000      267.25683710
863.75000000      366.55040871
864.00000000      101.28937755
864.25000000      -27.96625079
864.50000000      -1.48647071
864.75000000      391.53872334
865.00000000      433.95933693
865.25000000      328.62537563
865.50000000      267.28684497
865.75000000      143.18375049
866.00000000      180.59609774
866.25000000      282.45389222
866.50000000      492.67713947
866.75000000      745.04584497
867.00000000      603.04001423
867.25000000      675.46965274
867.50000000      901.14476598
867.75000000      890.78535942
868.00000000      665.76143853
868.25000000      793.82300877
868.50000000      853.33007558
868.75000000      1032.72264441
869.00000000      1227.78072068
869.25000000      1132.78430983
869.50000000      1211.70341727
869.75000000      1329.14804840
870.00000000      1749.21820862
870.25000000      2366.02390334
870.50000000      2833.57513793
870.75000000      3002.92191776
871.00000000      2691.66424822
871.25000000      2602.30213465
871.50000000      2506.33558240
871.75000000      2808.16459683
872.00000000      2758.48918327
872.25000000      3169.00934704
872.50000000      3141.82509347
872.75000000      2715.03642787
873.00000000      2146.91335554
873.25000000      1974.12588177
873.50000000      1791.93401187
873.75000000      1751.71775110
874.00000000      1969.22710475
874.25000000      1765.58207807
874.50000000      1882.00267632
874.75000000      1990.70890475
875.00000000      1663.63076861
875.25000000      1735.30827312
875.50000000      1554.91142352
875.75000000      1564.62022502
876.00000000      1646.50468283
876.25000000      1530.59480216
876.50000000      1449.27058819
876.75000000      1519.57204613
877.00000000      1595.95918113
877.25000000      1516.39199839
877.50000000      1882.41050306
877.75000000      2084.07470030
878.00000000      2158.70459526
878.25000000      2207.66019307
878.50000000      2011.83149888
878.75000000      1658.24851782
879.00000000      1599.77125498
879.25000000      1624.99971550
879.50000000      1562.64390447
879.75000000      1717.95382699
880.00000000      1975.19948815
