790.00000000      50.47073736
790.25000000      114.23853752
790.50000000      -54.82094084
790.75000000      28.38231221
791.00000000      -126.50169343
791.25000000      41.49705214
791.50000000      262.91855878
791.75000000      41.71283635
792.00000000      -42.71010530
792.25000000      94.03974365
792.50000000      -122.76760700
792.75000000      -354.43214745
793.00000000      -381.33386794
793.25000000      -180.70275869
793.50000000      24.42119002
793.75000000      169.39798793
794.00000000      -213.04235525
794.25000000      -224.96982984
794.50000000      -402.50442615
794.75000000      -273.19613453
795.00000000      0.52505467
795.25000000      120.72915108
795.50000000      -163.24383569
795.75000000      -96.06389605
796.00000000      -186.22102041
796.25000000      -166.35519920
796.50000000      -308.89642289
796.75000000      -364.31468194
797.00000000      -533.13996682
797.25000000      -224.68226805
797.50000000      162.38842386
797.75000000      116.49211839
798.00000000      183.77882498
798.25000000      75.31855308
798.50000000      237.22131210
798.75000000      265.58711145
799.00000000      657.55596053
799.25000000      716.12786870
799.50000000      755.64284533
799.75000000      665.74089976
800.00000000      960.25204132
800.25000000      985.91627932
800.50000000      651.48362306
800.75000000      466.73408182
801.00000000      483.43766487
801.25000000      298.58438146
801.50000000      -167.82575918
801.75000000      -208.35274782
802.00000000      -407.68657526
802.25000000      -358.82723232
802.50000000      -50.09470980
802.75000000      246.95100144
803.00000000      171.07991055
803.25000000      -41.02797334
803.50000000      125.51735888
803.75000000      87.31591632
804.00000000      31.17770806
804.25000000      3.92274316
804.50000000      -70.61896932
804.75000000      -162.46742034
805.00000000      -499.17260087
805.25000000      -252.65450191
805.50000000      -39.85311445
805.75000000      -166.96842953
806.00000000      12.65956182
806.25000000      159.20086856
806.50000000      -2.58450038
806.75000000      -50.84653608
807.00000000      -370.24522963
807.25000000      -280.30057214
807.50000000      -269.75255474
807.75000000      -396.84116856
808.00000000      -169.76640475
808.25000000      -335.37825449
808.50000000      50.20329105
808.75000000      159.90824068
809.00000000      140.62660317
809.25000000      106.71838732
809.50000000      40.27360187
809.75000000      215.25225558
810.00000000      619.51435717
810.25000000      55.53991537
810.50000000      -105.25106113
810.75000000      117.39143638
811.00000000      152.06741655
811.25000000      522.97688807
811.50000000      121.06985956
811.75000000      -239.78366034
812.00000000      -485.33366300
812.25000000      -238.47013982
812.50000000      -42.61308222
812.75000000      -258.40248162
813.00000000      -372.28832945
813.25000000      -487.71061717
813.50000000      -366.14933623
813.75000000      -262.90447813
814.00000000      13.38396564
814.25000000      62.16600359
814.50000000      -98.02835582
814.75000000      195.34089588
815.00000000      246.37376714
815.25000000      289.45026641
815.50000000      128.00040210
815.75000000      -190.65581738
816.00000000      -304.95838362
816.25000000      -101.90728826
816.50000000      -74.36252291
816.75000000      -311.52407922
817.00000000      -452.99194885
817.25000000      -711.86612348
817.50000000      -548.83659478
817.75000000      -233.85335446
818.00000000      181.92360577
818.25000000      189.96429419
818.50000000      -36.48128094
818.75000000      61.73688862
819.00000000      476.77881110
819.25000000      523.63449474
819.50000000      11.04394773
819.75000000      -87.52282172
820.00000000      -141.33580545
820.25000000      -310.24499527
820.50000000      -234.79038304
820.75000000      58.61803938
821.00000000      139.32028013
821.25000000      -94.49365269
821.50000000      -206.78375097
821.75000000      -275.50000661
822.00000000      -360.66241156
822.25000000      -248.79095774
822.50000000      -307.63563710
822.75000000      -396.47644161
823.00000000      -351.83336324
823.25000000      -246.73639398
823.50000000      -184.16552585
823.75000000      327.66924916
824.00000000      693.91793901
824.25000000      857.96055166
824.50000000      792.71709506
824.75000000      883.49757714
825.00000000      392.60200582
825.25000000      127.09038901
825.50000000      -263.26726540
825.75000000      -343.04094952
826.00000000      121.97934452
826.25000000      109.63362457
826.50000000      254.02189848
826.75000000      74.26417408
827.00000000      -139.08954081
827.25000000      21.31076162
827.50000000      143.95508916
827.75000000      461.41344960
828.00000000      326.66585070
828.25000000      620.81230021
828.50000000      406.11280590
828.75000000      215.98737547
829.00000000      615.93601667
829.25000000      494.97873719
829.50000000      288.91554472
829.75000000      98.84644696
830.00000000      41.54145157
830.25000000      116.37056621
830.50000000      -83.12620148
830.75000000      -59.13884385
831.00000000      2.34264670
831.25000000      -14.80172220
831.50000000      -69.30194297
831.75000000      -105.32800802
832.00000000      -168.62990977
832.25000000      -40.27764066
832.50000000      -98.48119316
832.75000000      -259.86055970
833.00000000      -486.73573279
833.25000000      -352.72670489
833.50000000      -334.41346852
833.75000000      -88.10601618
834.00000000      -276.46434039
834.25000000      -192.94843369
834.50000000      -131.36828863
834.75000000      -295.85389777
835.00000000      -168.29525367
835.25000000      -46.40234892
835.50000000      -160.02517612
835.75000000      -231.96372786
836.00000000      -310.17799677
836.25000000      -379.99797548
836.50000000      -368.83365662
836.75000000      -120.73503286
837.00000000      167.67790316
837.25000000      119.83515873
837.50000000      61.89674120
837.75000000      -5.15734216
838.00000000      -97.35708405
838.25000000      -173.64247718
838.50000000      -194.65351431
838.75000000      -231.59018816
839.00000000      243.91750850
839.25000000      736.08958290
839.50000000      341.83604227
839.75000000      317.08689380
840.00000000      40.58214471
840.25000000      -290.15819782
840.50000000      -102.22412663
840.75000000      40.62436546
841.00000000      348.60728559
841.25000000      410.71464091
841.50000000      430.26643855
841.75000000      591.79268562
842.00000000      247.39338922
842.25000000      -2.08144353
842.50000000      -200.26180556
842.75000000      -262.06768980
843.00000000      -480.01908919
843.25000000      -239.30599666
843.50000000      22.26159481
843.75000000      -20.29630775
844.00000000      -69.28969730
844.25000000      -143.98856686
844.50000000      -33.34290942
844.75000000      274.51728200
845.00000000      19.25201437
845.25000000      181.90129467
845.50000000      157.83512983
845.75000000      232.54352680
846.00000000      207.09649252
846.25000000      396.11403390
846.50000000      248.65615784
846.75000000      -12.04712875
847.00000000      -123.83581899
847.25000000      -369.72990599
847.50000000      -352.47938291
847.75000000      -387.14424287
848.00000000      -405.65447905
848.25000000      -184.46008459
848.50000000      -122.17105270
848.75000000      56.74262346
849.00000000      217.72095068
849.25000000      61.94393575
849.50000000      -52.57841456
849.75000000      168.10390654
850.00000000      338.78090579
850.25000000      384.52258995
850.50000000      170.61896575
850.75000000      -91.18996008
851.00000000      -94.17418083
851.25000000      158.88631022
851.50000000      73.72151976
851.75000000      266.64145446
852.00000000      149.44612102
852.25000000      117.07552608
852.50000000      182.46967631
852.75000000      334.04857835
853.00000000      743.79223883
853.25000000      1001.98066437
853.50000000      1850.17386159
853.75000000      2465.99183709
854.00000000      3241.06459745
854.25000000      4327.53214927
854.50000000      5708.49449912
854.75000000      6290.55165355
855.00000000      6116.20361911
855.25000000      5920.55040236
855.50000000      5727.59200981
855.75000000      5727.52844799
856.00000000      5772.95972340
856.25000000      5568.68584256
856.50000000      5668.80681194
856.75000000      5015.32263804
857.00000000      4443.63332731
857.25000000      3812.03888623
857.50000000      3319.33932123
857.75000000      2801.93463877
858.00000000      2211.72484526
858.25000000      1988.49994714
858.50000000      1632.12995081
858.75000000      1311.83486267
859.00000000      1360.12468911
859.25000000      1121.05943651
859.50000000      1119.21911124
859.75000000      1100.24371967
860.00000000      1161.61326815
860.25000000      879.45776301
860.50000000      963.83721059
860.75000000      951.74161721
861.00000000      454.21098919
861.25000000      410.10533281
861.50000000      484.44465439
861.75000000      440.17896019
862.00000000      461.75825649
862.25000000      703.86254957
862.50000000      753.65184566
862.75000000      627.55615101
863.00000000      1011.72547187
863.25000000      715.67981445
863.50000000      785.34918497
863.75000000      1001.84358963
864.00000000      949.79303464
864.25000000      768.72752617
864.50000000      628.40707041
864.75000000      825.63167353
865.00000000      717.25134167
865.25000000      698.11608100
865.50000000      271.97589765
865.75000000      74.07079775
866.00000000      451.68078742
866.25000000      440.73587277
866.50000000      272.15605991
866.75000000      611.72135493
867.00000000      945.91176390
867.25000000      1011.53729291
867.50000000      967.40794802
867.75000000      518.24373529
868.00000000      720.41466075
868.25000000      814.67073045
868.50000000      749.37195042
868.75000000      996.95832667
869.00000000      1226.20986521
869.25000000      1547.40657205
869.50000000      1677.51845316
869.75000000      1686.15551455
870.00000000      1757.41776217
870.25000000      2177.42520199
870.50000000      2588.15783997
870.75000000      2427.69568205
871.00000000      2883.62873416
871.25000000      3427.45700224
871.50000000      3571.68049220
871.75000000      3485.69920996
872.00000000      3112.21316140
872.25000000      3017.92235243
872.50000000      2700.92678892
872.75000000      2333.35647675
873.00000000      2326.39142178
873.25000000      2269.79162987
873.50000000      1722.78710687
873.75000000      1670.75785860
874.00000000      1905.45389091
874.25000000      1838.99520961
874.50000000      1666.60182050
874.75000000      1644.49372941
875.00000000      2047.60094211
875.25000000      2181.46346439
875.50000000      1833.25130202
875.75000000      1660.14446078
876.00000000      1857.21294643
876.25000000      2156.48676471
876.50000000      2036.34592135
876.75000000      1987.83042211
877.00000000      1931.40027269
877.25000000      1791.01547882
877.50000000      1616.21604620
877.75000000      1565.06198052
878.00000000      1090.87328748
878.25000000      1391.00997276
878.50000000      1542.36204203
878.75000000      1802.95950095
879.00000000      1886.66235517
879.25000000      2149.07061035
879.50000000      1864.89427211
879.75000000      2084.38334610
880.00000000      2354.80783792
