790.00000000      171.80009671
790.25000000      29.91320092
790.50000000      327.19992259
790.75000000      342.75027022
791.00000000      270.21425227
791.25000000      -9.43812280
791.50000000      -3.66684653
791.75000000      91.47808951
792.00000000      -79.59330627
792.25000000      -254.49102545
792.50000000      -374.94505966
792.75000000      -438.25540050
793.00000000      -473.80203961
793.25000000      -475.81496866
793.50000000      -59.33417929
793.75000000      -135.99966319
794.00000000      -13.08141204
794.25000000      466.35058245
794.50000000      208.17632855
794.75000000      -198.15416545
795.00000000      -531.07089131
795.25000000      -513.50384079
795.50000000      -425.11300565
795.75000000      37.43162232
796.00000000      61.64005131
796.25000000      -183.12771048
796.50000000      -249.30165487
796.75000000      -364.35177372
797.00000000      -588.80805886
797.25000000      -475.98050218
797.50000000      -124.53909553
797.75000000      53.93616917
798.00000000      34.59530003
798.25000000      67.50830513
798.50000000      205.78519253
798.75000000      98.52597030
799.00000000      439.87064647
799.25000000      374.81922907
799.50000000      556.71172612
799.75000000      375.18814561
800.00000000      468.02849555
800.25000000      689.12278390
800.50000000      330.07101864
800.75000000      297.70320770
801.00000000      355.78935903
801.25000000      283.31948056
801.50000000      288.29358019
801.75000000      108.15166582
802.00000000      140.20374535
802.25000000      217.44982664
802.50000000      5.56991755
802.75000000      -85.99597406
803.00000000      -196.47784036
803.25000000      23.80432647
803.50000000      -289.25946577
803.75000000      -306.06920926
804.00000000      -171.81489623
804.25000000      -67.67651890
804.50000000      -53.82406953
804.75000000      234.72245966
805.00000000      34.41307637
805.25000000      -128.67221165
805.50000000      -2.47339671
805.75000000      179.80952890
806.00000000      -18.16342715
806.25000000      -246.22225717
806.50000000      134.39304648
806.75000000      126.53249147
807.00000000      35.53608542
807.25000000      -142.11616405
807.50000000      -166.16424932
807.75000000      -146.84816279
808.00000000      143.63210311
808.25000000      188.42655598
808.50000000      77.41520335
808.75000000      17.52805280
809.00000000      -236.34488816
809.25000000      -337.84361199
809.50000000      -150.87811117
809.75000000      -154.48837822
810.00000000      105.18559437
810.25000000      25.62381406
810.50000000      -223.75371167
810.75000000      -448.69697538
811.00000000      -139.60596962
811.25000000      -82.28068697
811.50000000      -80.77112000
811.75000000      -649.20726132
812.00000000      -502.33910353
812.25000000      -280.05663924
812.50000000      -161.77986110
812.75000000      -211.14876173
813.00000000      -324.61333380
813.25000000      -425.61356997
813.50000000      -162.62946291
813.75000000      198.03899467
814.00000000      143.75181009
814.25000000      -0.04100937
814.50000000      76.19054357
814.75000000      -115.01352384
815.00000000      129.44679567
815.25000000      178.95150933
815.50000000      57.93062438
815.75000000      194.70414802
816.00000000      -16.16791253
816.25000000      -193.68555007
816.50000000      -269.70875743
816.75000000      -62.43752743
817.00000000      243.52814708
817.25000000      137.08827327
817.50000000      -142.44714175
817.75000000      -70.02809083
818.00000000      286.18543314
818.25000000      368.66343726
818.50000000      364.65592862
818.75000000      429.31291430
819.00000000      299.79440138
819.25000000      47.09039691
819.50000000      -91.05909206
819.75000000      -39.18405849
820.00000000      -154.55449536
820.25000000      -51.02039565
820.50000000      -70.12175237
820.75000000      -111.25855851
821.00000000      -186.12080711
821.25000000      -111.48849118
821.50000000      -101.33160378
821.75000000      84.39986206
822.00000000      251.68591325
822.25000000      304.00655674
822.50000000      310.61179942
822.75000000      61.22164822
823.00000000      141.31611001
823.25000000      -109.13480831
823.50000000      39.88890012
823.75000000      309.17724216
824.00000000      349.88022466
824.25000000      417.37785447
824.50000000      401.59013840
824.75000000      231.82708328
825.00000000      300.38869590
825.25000000      318.33498308
825.50000000      307.43595158
825.75000000      -43.87839180
826.00000000      -271.39804033
826.25000000      -155.28298722
826.50000000      -130.43322576
826.75000000      -150.72874920
827.00000000      -141.61955083
827.25000000      212.24437607
827.50000000      146.35303820
827.75000000      367.27644224
828.00000000      386.99459487
828.25000000      388.60750276
828.50000000      256.37517257
828.75000000      404.71761095
829.00000000      220.13482453
829.25000000      163.64681994
829.50000000      330.05360380
829.75000000      194.45518270
830.00000000      48.62156326
830.25000000      -188.07724796
830.50000000      29.89875563
830.75000000      -125.64041942
831.00000000      -199.68476653
831.25000000      -0.35427919
831.50000000      75.62104916
831.75000000      -35.92877496
832.00000000      155.24625495
832.25000000      476.07614540
832.50000000      440.35090288
832.75000000      399.45053387
833.00000000      277.05504486
833.25000000      116.54444229
833.50000000      -22.66126737
833.75000000      -33.87207769
834.00000000      -146.74798224
834.25000000      -354.74897458
834.50000000      -553.68504832
834.75000000      -464.68619704
835.00000000      78.35758564
835.25000000      395.73630611
835.50000000      140.59997073
835.75000000      70.14858588
836.00000000      -116.57784211
836.25000000      -9.90930687
836.50000000      -93.25580209
836.75000000      11.33267856
837.00000000      -103.76385860
837.25000000      -424.11540728
837.50000000      -229.56196118
837.75000000      107.87648598
838.00000000      -130.83005952
838.25000000      -242.62159141
838.50000000      -136.13810346
838.75000000      -92.57958940
839.00000000      -167.57604301
839.25000000      -317.90745806
839.50000000      -212.66382833
839.75000000      95.08485237
840.00000000      86.07859026
840.25000000      94.83739151
840.50000000      417.27126229
840.75000000      507.62020879
841.00000000      159.10423716
841.25000000      65.71335354
841.50000000      20.76756407
841.75000000      208.79687489
842.00000000      -29.09870789
842.25000000      33.93082184
842.50000000      28.25547019
842.75000000      108.95524325
843.00000000      -12.48985291
843.25000000      -229.26981220
843.50000000      -39.19462857
843.75000000      -129.24429595
844.00000000      -51.72880832
844.25000000      -110.91815962
844.50000000      -128.76234384
844.75000000      -262.39135496
845.00000000      -166.14518696
845.25000000      -131.98383386
845.50000000      -210.53728965
845.75000000      -129.31554837
846.00000000      -286.24860404
846.25000000      -217.71645071
846.50000000      8.34091760
846.75000000      20.15350680
847.00000000      -132.11867715
847.25000000      -76.49562834
847.50000000      -125.72734084
847.75000000      -90.87380876
848.00000000      -180.86502620
848.25000000      -60.15098726
848.50000000      98.65831393
848.75000000      -102.90711675
849.00000000      -28.40727345
849.25000000      53.33784969
849.50000000      77.33825852
849.75000000      -107.45604114
850.00000000      -58.25504346
850.25000000      -304.98874262
850.50000000      -169.36713281
850.75000000      -166.65020824
851.00000000      -65.10796310
851.25000000      83.47960837
851.50000000      -237.15748805
851.75000000      -303.70924660
852.00000000      -159.37566151
852.25000000      -165.21672706
852.50000000      23.70756252
852.75000000      173.81721293
853.00000000      220.09222990
853.25000000      546.81261915
853.50000000      1351.53838637
853.75000000      2293.93953725
854.00000000      3782.49607750
854.25000000      5422.49801277
854.50000000      6103.99534873
854.75000000      6731.58809106
855.00000000      7018.77624539
855.25000000      6771.65981736
855.50000000      6106.23881263
855.75000000      5758.71323679
856.00000000      5733.68309548
856.25000000      5575.94839430
856.50000000      5165.60913885
856.75000000      4447.66533472
857.00000000      3813.51698749
857.25000000      3166.46410274
857.50000000      2416.31668602
857.75000000      1873.47474291
858.00000000      1833.75827894
858.25000000      1602.09729966
858.50000000      1509.27181059
858.75000000      977.52181726
859.00000000      522.35732519
859.25000000      476.83833988
859.50000000      494.54486683
859.75000000      493.11691153
860.00000000      353.03447946
860.25000000      541.42757609
860.50000000      553.35620689
860.75000000      639.81037732
861.00000000      307.83009282
861.25000000      340.27535883
861.50000000      424.16618079
861.75000000      451.45256411
862.00000000      479.58451422
862.25000000      147.24203652
862.50000000      135.58513641
862.75000000      256.04381929
863.00000000      461.76809053
863.25000000      261.27795550
863.50000000      121.50341958
863.75000000      227.55448813
864.00000000      309.05116649
864.25000000      533.55346001
864.50000000      828.79137402
864.75000000      711.57491385
865.00000000      729.75408481
865.25000000      544.17889223
865.50000000      438.59934138
865.75000000      251.25543759
866.00000000      242.42718612
866.25000000      284.04459226
866.50000000      452.02766128
866.75000000      696.15639844
867.00000000      333.91080899
867.25000000      421.10089819
867.50000000      814.53667127
867.75000000      949.93813347
868.00000000      1064.67528999
868.25000000      802.49814607
868.50000000      799.76670691
868.75000000      719.92097771
869.00000000      776.74096366
869.25000000      1032.50666994
869.50000000      1358.18810174
869.75000000      1692.39526421
870.00000000      2103.22816253
870.25000000      2451.80680184
870.50000000      2845.11118729
870.75000000      3174.22132402
871.00000000      3490.72721716
871.25000000      3305.12887182
871.50000000      3415.92629314
871.75000000      3550.51948620
872.00000000      3643.60845612
872.25000000      3133.89320798
872.50000000      2375.49374688
872.75000000      2214.48007787
873.00000000      1936.09220605
873.25000000      1833.07013645
873.50000000      1779.64387415
873.75000000      1526.19342419
874.00000000      1366.46879160
874.25000000      1376.58998142
874.50000000      1367.77699868
874.75000000      1331.24984838
875.00000000      1248.93853554
875.25000000      1463.38306516
875.50000000      1853.75344224
875.75000000      2020.22967175
876.00000000      1938.88175869
876.25000000      1835.73970802
876.50000000      1451.18352470
876.75000000      1524.25321370
877.00000000      1814.40877997
877.25000000      1794.61022844
877.50000000      1439.39756405
877.75000000      1391.83079174
878.00000000      1639.22991642
878.25000000      1598.95494300
878.50000000      1461.89587639
878.75000000      1699.08272149
879.00000000      1876.37548319
879.25000000      1846.37416637
879.50000000      1832.78877592
879.75000000      1769.86931670
880.00000000      1733.88579357
