790.00000000      342.69253182
790.25000000      42.35092826
790.50000000      -84.81800771
790.75000000      235.27573406
791.00000000      291.28216376
791.25000000      48.17129151
791.50000000      376.48312745
791.75000000      300.16768168
792.00000000      290.63496429
792.25000000      200.27498535
792.50000000      42.35775494
792.75000000      -37.41671693
793.00000000      -264.42842022
793.25000000      -131.90734493
793.50000000      -280.89348107
793.75000000      -574.02681867
794.00000000      -637.57734777
794.25000000      -746.61505844
794.50000000      -304.25994075
794.75000000      -281.06198481
795.00000000      -577.45118071
795.25000000      -497.35751861
795.50000000      -208.44098863
795.75000000      -175.37158095
796.00000000      -9.63928573
796.25000000      -79.88409319
796.50000000      -194.53599352
796.75000000      -218.06497697
797.00000000      35.99896623
797.25000000      -70.65415419
797.50000000      74.30567149
797.75000000      -170.70154702
798.00000000      -85.52580004
798.25000000      -169.09707788
798.50000000      -82.30537090
798.75000000      251.94933054
799.00000000      -76.19296393
799.25000000      402.26775529
799.50000000      241.67149780
799.75000000      632.65827317
800.00000000      568.00809095
800.25000000      47.61096070
800.50000000      408.06689193
800.75000000      556.20589416
801.00000000      468.79797688
801.25000000      351.83314957
801.50000000      315.31142169
801.75000000      541.67280270
802.00000000      36.22730201
802.25000000      -63.02507096
802.50000000      183.59569320
802.75000000      126.52960387
803.00000000      -224.45332959
803.25000000      -116.67309783
803.50000000      -14.23969150
803.75000000      218.44689871
804.00000000      178.19668210
804.25000000      -70.17033202
804.50000000      32.17586560
804.75000000      69.21528423
805.00000000      -14.60206689
805.25000000      -105.19617853
805.50000000      60.49295852
805.75000000      -17.73464654
806.00000000      -200.21898454
806.25000000      -206.79004631
806.50000000      -334.68782269
806.75000000      -480.06230455
807.00000000      -198.57348278
807.25000000      -85.74134826
807.50000000      -363.30589191
807.75000000      -422.50710466
808.00000000      -209.54497744
808.25000000      -12.26950121
808.50000000      -33.80066694
808.75000000      55.79153438
809.00000000      129.39711174
809.25000000      170.37607415
809.50000000      208.81843055
809.75000000      323.68418992
810.00000000      289.83336117
810.25000000      139.74595325
810.50000000      202.84197506
810.75000000      -124.62856450
811.00000000      -175.06565657
811.25000000      -3.26929226
811.50000000      219.71053727
811.75000000      304.74384085
812.00000000      -55.91937269
812.25000000      -317.16909455
812.50000000      -109.42531594
812.75000000      -31.32802808
813.00000000      174.67277780
813.25000000      75.13711044
813.50000000      284.58497858
813.75000000      296.71639093
814.00000000      383.89135620
814.25000000      415.55988308
814.50000000      341.25198024
814.75000000      187.50765635
815.00000000      32.42692006
815.25000000      -117.61022001
815.50000000      139.82624477
815.75000000      61.05632300
816.00000000      328.64002327
816.25000000      586.57735415
816.50000000      538.00832422
816.75000000      453.73294201
817.00000000      16.15121606
817.25000000      -68.83684512
817.50000000      -191.92123300
817.75000000      -258.05193911
818.00000000      -288.38895497
818.25000000      78.53772790
818.50000000      47.97811793
818.75000000      -63.91777644
819.00000000      -317.98994679
819.25000000      -349.24838469
819.50000000      -164.95308178
819.75000000      -75.63402965
820.00000000      -137.56121995
820.25000000      -297.58464433
820.50000000      -65.24429444
820.75000000      -1.95016195
821.00000000      325.63776144
821.25000000      517.70948402
821.50000000      280.30501410
821.75000000      72.47435993
822.00000000      145.19752978
822.25000000      76.95453188
822.50000000      163.99537448
822.75000000      234.04006578
823.00000000      272.56861398
823.25000000      235.55102729
823.50000000      -84.99268612
823.75000000      -356.27251810
824.00000000      -281.13846049
824.25000000      -86.21050515
824.50000000      -90.56864397
824.75000000      20.09713118
825.00000000      118.08682837
825.25000000      414.46045571
825.50000000      288.98802126
825.75000000      -23.90046693
826.00000000      -142.99500080
826.25000000      -138.45557234
826.50000000      -208.18217351
826.75000000      -180.05479632
827.00000000      -187.52343278
827.25000000      -184.23807490
827.50000000      -156.70871472
827.75000000      -155.36534429
828.00000000      -272.22795567
828.25000000      -420.19654092
828.50000000      -373.01109215
828.75000000      -56.25160144
829.00000000      -360.41806090
829.25000000      -374.49046267
829.50000000      -393.66879888
829.75000000      -411.85306168
830.00000000      -529.27324323
830.25000000      -511.55933571
830.50000000      -75.17133130
830.75000000      -91.29922221
831.00000000      -15.93300066
831.25000000      67.80734114
831.50000000      80.19181095
831.75000000      13.05041650
832.00000000      -127.36683445
832.25000000      -324.12993419
832.50000000      -253.44887501
832.75000000      130.05635079
833.00000000      331.06575090
833.25000000      154.95933300
833.50000000      -75.84289527
833.75000000      -130.65092624
834.00000000      -30.12475228
834.25000000      -346.72436578
834.50000000      -154.25975910
834.75000000      0.13907533
835.00000000      122.58214512
835.25000000      310.35945783
835.50000000      -103.37897896
835.75000000      132.56684228
836.00000000      83.23692910
836.25000000      -99.69871097
836.50000000      -716.65007043
836.75000000      -456.66714177
837.00000000      -372.36991749
837.25000000      -183.32839012
837.50000000      -188.38255220
837.75000000      89.44760373
838.00000000      394.13208511
838.25000000      174.73089937
838.50000000      114.60405393
838.75000000      536.55155619
839.00000000      464.94341356
839.25000000      186.99963340
839.50000000      -104.36977690
839.75000000      -289.23480999
840.00000000      11.14454148
840.25000000      275.28828483
840.50000000      51.10642741
840.75000000      -4.16102349
841.00000000      98.70593945
841.25000000      325.69732349
841.50000000      127.13313593
841.75000000      -7.45661597
842.00000000      -48.97192496
842.25000000      -231.56278380
842.50000000      -198.85918526
842.75000000      200.21887789
843.00000000      230.15141284
843.25000000      247.74842679
843.50000000      190.19992693
843.75000000      -54.47407956
844.00000000      -169.58358554
844.25000000      -1.39858385
844.50000000      193.13093265
844.75000000      242.87497109
845.00000000      89.49353858
845.25000000      210.02664222
845.50000000      354.84428911
845.75000000      342.43648633
846.00000000      422.87324095
846.25000000      352.77456003
846.50000000      371.20045061
846.75000000      350.38091973
847.00000000      -217.52402557
847.25000000      -472.53437830
847.50000000      -243.40013144
847.75000000      -318.18127800
848.00000000      41.19218900
848.25000000      42.27027652
848.50000000      38.44299153
848.75000000      173.24034097
849.00000000      -54.89766822
849.25000000      -126.79102912
849.50000000      -253.42973480
849.75000000      -340.86377837
850.00000000      233.69684706
850.25000000      502.32214838
850.50000000      312.30213246
850.75000000      180.37680616
851.00000000      342.27617633
851.25000000      105.22024980
851.50000000      91.93903340
851.75000000      223.74253395
852.00000000      4.43075826
852.25000000      -366.05628688
852.50000000      156.22140531
852.75000000      509.68384161
853.00000000      726.31102878
853.25000000      878.38297357
853.50000000      1554.45968273
853.75000000      2084.21116298
854.00000000      2771.11742105
854.25000000      4110.46846365
854.50000000      5724.31429747
854.75000000      6904.25492920
855.00000000      7095.79036552
855.25000000      6736.02061310
855.50000000      6208.94567859
855.75000000      5741.76556865
856.00000000      5647.08028990
856.25000000      5482.68984898
856.50000000      5247.69425249
856.75000000      4953.09350705
857.00000000      4242.28761925
857.25000000      4041.57659566
857.50000000      3527.76044288
857.75000000      3061.23916745
858.00000000      2687.91277593
858.25000000      2281.57127486
858.50000000      1603.08467078
858.75000000      1528.67297021
859.00000000      1499.84617966
859.25000000      1156.66430563
859.50000000      1158.70735462
859.75000000      995.61533310
860.00000000      900.86824755
860.25000000      1035.59610443
860.50000000      1398.85891018
860.75000000      1061.64667125
861.00000000      512.99939407
861.25000000      454.77708507
861.50000000      425.99975064
861.75000000      470.61739720
862.00000000      472.08003113
862.25000000      196.06765881
862.50000000      196.74028662
862.75000000      567.52792091
863.00000000      683.58056804
863.25000000      1034.41823434
863.50000000      979.97092616
863.75000000      931.34864980
864.00000000      926.18141158
864.25000000      646.99921780
864.50000000      762.56207475
864.75000000      543.66998872
865.00000000      481.17296598
865.25000000      504.92101279
865.50000000      249.66413539
865.75000000      163.64234004
866.00000000      368.13563297
866.25000000      667.07402040
866.50000000      586.37750854
866.75000000      459.82610361
867.00000000      496.89981178
867.25000000      736.40863925
867.50000000      967.16259220
867.75000000      1393.88167678
868.00000000      1247.93589916
868.25000000      770.07526547
868.50000000      1158.65978187
868.75000000      867.12945447
869.00000000      874.26428939
869.25000000      1425.34429274
869.50000000      1781.33947063
869.75000000      1706.85982913
870.00000000      2130.00537433
870.25000000      2378.89611231
870.50000000      2676.53204911
870.75000000      2944.93319080
871.00000000      3036.74954341
871.25000000      3045.46111298
871.50000000      3428.56790554
871.75000000      3077.46992709
872.00000000      3157.86718364
872.25000000      3124.45968119
872.50000000      3288.34742573
872.75000000      3460.63042323
873.00000000      3191.60867966
873.25000000      2398.86220098
873.50000000      1706.74099314
873.75000000      1971.59506208
874.00000000      2147.17441373
874.25000000      2076.59905401
874.50000000      2043.08898884
874.75000000      1811.86422412
875.00000000      1689.85476575
875.25000000      1903.60061961
875.50000000      1873.27179158
875.75000000      1856.04828752
876.00000000      1658.00011330
876.25000000      1694.15727477
876.50000000      1866.89977776
876.75000000      1649.26762811
877.00000000      1614.72083164
877.25000000      1609.21939416
877.50000000      1571.30332148
877.75000000      1715.03261940
878.00000000      2091.72729370
878.25000000      2047.74735016
878.50000000      1702.98279455
878.75000000      1496.46363264
879.00000000      1784.04987016
879.25000000      1632.34151287
879.50000000      1558.04856650
879.75000000      1532.42103678
880.00000000      1713.72892941
