790.00000000      -74.29916905
790.25000000      -210.38111114
790.50000000      -212.29042449
790.75000000      -68.93709910
791.00000000      -36.67112503
791.25000000      -313.52249230
791.50000000      -82.95119101
791.75000000      -29.00721121
792.00000000      -132.28054303
792.25000000      -242.38117657
792.50000000      -296.03910197
792.75000000      -3.55430937
793.00000000      172.69321105
793.25000000      226.47346911
793.50000000      142.74647462
793.75000000      68.87223735
794.00000000      -3.41923291
794.25000000      -24.19792643
794.50000000      125.41616654
794.75000000      95.87305571
795.00000000      -28.25724921
795.25000000      -141.90473853
795.50000000      -89.72940259
795.75000000      33.59876828
796.00000000      4.58978371
796.25000000      -154.39634667
796.50000000      -721.78961326
796.75000000      -434.06000647
797.00000000      -552.73751672
797.25000000      -358.13213444
797.50000000      -260.91385011
797.75000000      -565.66265418
798.00000000      -379.22853715
798.25000000      21.45851049
798.50000000      292.50849820
798.75000000      50.02143546
799.00000000      260.13733172
799.25000000      357.85619641
799.50000000      158.51803894
799.75000000      106.76286873
800.00000000      130.37069515
800.25000000      383.23152759
800.50000000      539.93537539
800.75000000      535.33224789
801.00000000      584.22215443
801.25000000      653.50510432
801.50000000      30.22110684
801.75000000      -521.15982872
802.00000000      -463.34769311
802.25000000      -212.34247706
802.50000000      -327.46417135
802.75000000      -545.27276675
803.00000000      -311.99825407
803.25000000      -259.96062412
803.50000000      159.73013228
803.75000000      16.67402428
804.00000000      248.68106103
804.25000000      12.57125166
804.50000000      -465.82539473
804.75000000      -110.52886903
805.00000000      -50.08916216
805.25000000      -92.42626505
805.50000000      52.51983135
805.75000000      152.54913608
806.00000000      -34.67834184
806.25000000      -270.99259340
806.50000000      -366.63360960
806.75000000      28.24861853
807.00000000      151.99409997
807.25000000      241.08284365
807.50000000      272.77485852
807.75000000      331.83015350
808.00000000      624.04873748
808.25000000      419.58061938
808.50000000      332.30580805
808.75000000      8.15431236
809.00000000      32.01614117
809.25000000      34.25130331
809.50000000      2.94980759
809.75000000      -113.92833719
810.00000000      -273.52312222
810.25000000      110.64546127
810.50000000      -113.00257797
810.75000000      336.78276882
811.00000000      705.60151037
811.25000000      147.65365539
811.50000000      -248.11078739
811.75000000      -411.82180931
812.00000000      -350.22940167
812.25000000      249.77644417
812.50000000      136.77573689
812.75000000      10.12848509
813.00000000      186.38469742
813.25000000      52.10438246
813.50000000      32.80754883
813.75000000      8.19420508
814.00000000      29.62435980
814.25000000      -46.45197848
814.50000000      -457.50480120
814.75000000      -327.99409986
815.00000000      -253.81986595
815.25000000      -192.60209095
815.50000000      -198.91076641
815.75000000      -312.42588384
816.00000000      -52.58743479
816.25000000      227.60458918
816.50000000      -35.70980352
816.75000000      -53.73060445
817.00000000      -19.05780522
817.25000000      67.20860254
817.50000000      48.37862723
817.75000000      -16.49772281
818.00000000      -188.58043924
818.25000000      -55.39951371
818.50000000      24.29506209
818.75000000      389.65329647
819.00000000      266.83519772
819.25000000      273.83077411
819.50000000      138.38003391
819.75000000      323.95298537
820.00000000      80.27963673
820.25000000      -102.49000377
820.50000000      -215.89592795
820.75000000      -324.34812758
821.00000000      -337.50659449
821.25000000      -105.18132051
821.50000000      40.66770252
821.75000000      -182.90951724
822.00000000      6.06702833
822.25000000      -289.92265265
822.50000000      35.37144793
822.75000000      89.66933816
823.00000000      362.45102613
823.25000000      434.68651990
823.50000000      321.39582752
823.75000000      197.36895705
824.00000000      523.75591650
824.25000000      687.93671390
824.50000000      482.83135725
824.75000000      192.74985453
825.00000000      229.99221373
825.25000000      385.61844282
825.50000000      70.39854974
825.75000000      37.76254243
826.00000000      366.92042882
826.25000000      395.71221682
826.50000000      -0.76208566
826.75000000      65.61752927
827.00000000      232.40106948
827.25000000      239.93854283
827.50000000      275.71995718
827.75000000      186.31532037
828.00000000      -92.29535978
828.25000000      211.98792454
828.50000000      390.42518114
828.75000000      151.43641780
829.00000000      -168.47835769
829.25000000      -3.29913758
829.50000000      59.77408589
829.75000000      6.84132046
830.00000000      -211.32742615
830.25000000      -137.36214622
830.50000000      246.27716795
830.75000000      -65.59947595
831.00000000      -300.98207024
831.25000000      -75.99060726
831.50000000      218.64492066
831.75000000      -41.24547886
832.00000000      -172.41179818
832.25000000      -104.92402968
832.50000000      -187.99216576
832.75000000      -148.23619882
833.00000000      -272.97612129
833.25000000      -147.83192559
833.50000000      -321.38360417
833.75000000      -345.94114949
834.00000000      -35.16455400
834.25000000      153.48618981
834.50000000      49.20108944
834.75000000      225.85015241
835.00000000      -36.45661381
835.25000000      42.57079825
835.50000000      45.08239607
835.75000000      66.27818708
836.00000000      327.19817873
836.25000000      142.51237844
836.50000000      230.81079364
836.75000000      121.04343171
837.00000000      101.59030006
837.25000000      152.88140606
837.50000000      353.07675708
837.75000000      277.15636048
838.00000000      663.09022360
838.25000000      559.93835378
838.50000000      304.06075834
838.75000000      79.25744458
839.00000000      57.89841981
839.25000000      175.20369132
839.50000000      260.08326637
839.75000000      228.46715224
840.00000000      8.09535618
840.25000000      -332.51211457
840.50000000      -222.44525279
840.75000000      -36.46405125
841.00000000      -74.34850274
841.25000000      -194.10860007
841.50000000      -68.42433605
841.75000000      147.23429648
842.00000000      248.96730470
842.25000000      1.62469575
842.50000000      177.57647677
842.75000000      -57.09734510
843.00000000      54.08323724
843.25000000      25.92823091
843.50000000      140.62764300
843.75000000      -289.79851940
844.00000000      -650.66024922
844.25000000      -668.22753941
844.50000000      -349.45038290
844.75000000      -212.45877266
845.00000000      -291.59270167
845.25000000      -170.81216289
845.50000000      109.25285067
845.75000000      195.09234601
846.00000000      72.77633012
846.25000000      -423.07519003
846.50000000      -314.40220748
846.75000000      211.02528473
847.00000000      297.36729353
847.25000000      -40.39617413
847.50000000      -49.01511135
847.75000000      55.45048879
848.00000000      -101.92936682
848.25000000      23.39532872
848.50000000      -132.18541772
848.75000000      -188.14159927
849.00000000      -220.03320908
849.25000000      -192.68024030
849.50000000      -475.07268610
849.75000000      -683.26053966
850.00000000      -498.45379415
850.25000000      -246.58244279
850.50000000      -107.34647877
850.75000000      42.96410468
851.00000000      288.10931434
851.25000000      269.29915697
851.50000000      271.26363930
851.75000000      488.31276810
852.00000000      190.24655008
852.25000000      46.00499196
852.50000000      16.52810045
852.75000000      425.23588225
853.00000000      750.10834404
853.25000000      1173.42549251
853.50000000      1774.78733431
853.75000000      2575.69387612
854.00000000      3342.89512456
854.25000000      4382.49108628
854.50000000      5314.58176790
854.75000000      5732.76717604
855.00000000      5633.54731731
855.25000000      5132.02219829
855.50000000      4916.19182558
855.75000000      4912.25620574
856.00000000      4867.81534534
856.25000000      4799.66925094
856.50000000      5091.91792908
856.75000000      4342.56138630
857.00000000      3491.99962911
857.25000000      2876.53266403
857.50000000      2415.96049757
857.75000000      2223.68313622
858.00000000      2076.60058646
858.25000000      1975.51285477
858.50000000      1674.25994761
858.75000000      1726.09187144
859.00000000      1594.50863270
859.25000000      1132.57023782
859.50000000      881.85669322
859.75000000      558.00800534
860.00000000      771.50418055
860.25000000      953.47522527
860.50000000      1147.98114588
860.75000000      925.01194874
861.00000000      1069.60764023
861.25000000      875.62822671
861.50000000      987.09371451
861.75000000      458.95410998
862.00000000      387.65941944
862.25000000      214.88964921
862.50000000      79.80480559
862.75000000      343.83489488
863.00000000      176.12992338
863.25000000      186.20989735
863.50000000      508.00482306
863.75000000      470.62470678
864.00000000      292.69955476
864.25000000      453.75937323
864.50000000      176.56416842
864.75000000      272.91394656
865.00000000      465.65871386
865.25000000      732.64847652
865.50000000      715.63324072
865.75000000      690.85301266
866.00000000      215.58779851
866.25000000      289.76760442
866.50000000      550.31243656
866.75000000      868.00230108
867.00000000      1039.31720410
867.25000000      1023.06715175
867.50000000      986.06215015
867.75000000      1007.02220541
868.00000000      1235.31732363
868.25000000      1521.69751089
868.50000000      1361.52277328
868.75000000      1230.23311687
869.00000000      1398.60854772
869.25000000      1410.92907187
869.50000000      1136.16469538
869.75000000      1273.92542428
870.00000000      1569.31126459
870.25000000      2123.44222233
870.50000000      2231.29830351
870.75000000      2759.95951412
871.00000000      3145.01586015
871.25000000      3284.96734758
871.50000000      3071.31398238
871.75000000      3169.45577051
872.00000000      3518.09271793
872.25000000      2992.92483057
872.50000000      2629.05211437
872.75000000      2826.57457526
873.00000000      2743.79221916
873.25000000      2228.30505196
873.50000000      1735.40307957
873.75000000      1838.49630788
874.00000000      1895.31474277
874.25000000      1550.97839010
874.50000000      1631.70725575
874.75000000      1587.72134557
875.00000000      1563.95066539
875.25000000      1811.93522106
875.50000000      1829.84501841
875.75000000      1692.86006325
876.00000000      1855.05036140
876.25000000      1947.44591865
876.50000000      1690.42674080
876.75000000      1703.03283362
877.00000000      1837.72420290
877.25000000      1748.46085441
877.50000000      1848.78279389
877.75000000      1888.75002710
878.00000000      1699.68255978
878.25000000      1849.94039766
878.50000000      1676.41354647
878.75000000      1742.13201191
879.00000000      1623.95579969
879.25000000      1725.48491551
879.50000000      1859.42936506
879.75000000      2028.03915403
880.00000000      2075.58428807
