790.00000000      212.95209133
790.25000000      -152.91099799
790.50000000      168.39811986
790.75000000      162.96945565
791.00000000      27.45302012
791.25000000      -239.18117600
791.50000000      -191.39312202
791.75000000      158.76719275
792.00000000      154.70977899
792.25000000      9.82464735
792.50000000      30.38180846
792.75000000      -112.91872707
793.00000000      -13.45694864
793.25000000      -116.46284566
793.50000000      -131.97640758
793.75000000      234.36237614
794.00000000      -46.71648396
794.25000000      -260.28297738
794.50000000      -160.45709363
794.75000000      -189.78882224
795.00000000      67.29184725
795.25000000      139.85492528
795.50000000      315.24042226
795.75000000      56.77834860
796.00000000      175.97871468
796.25000000      32.20153087
796.50000000      -214.98319248
796.75000000      -430.04544504
797.00000000      -602.51521650
797.25000000      -903.70249655
797.50000000      -534.27727492
797.75000000      41.18045866
798.00000000      510.83071443
798.25000000      170.71350261
798.50000000      154.96883343
798.75000000      333.68671708
799.00000000      384.00716372
799.25000000      321.93018353
799.50000000      668.75578664
799.75000000      434.24398318
800.00000000      828.10478326
800.25000000      1087.11819697
800.50000000      816.02423438
800.75000000      347.63290556
801.00000000      454.68422054
801.25000000      636.19818935
801.50000000      344.11482200
801.75000000      68.93412847
802.00000000      280.94611874
802.25000000      338.15080278
802.50000000      -44.77180949
802.75000000      8.61829186
803.00000000      218.09111675
803.25000000      196.32667506
803.50000000      81.21497666
803.75000000      -235.64396858
804.00000000      -434.44015083
804.25000000      -555.35356026
804.50000000      -543.55418705
804.75000000      -66.06202143
805.00000000      -70.42705360
805.25000000      -275.56927382
805.50000000      -403.42867234
805.75000000      -754.20523943
806.00000000      -451.23896538
806.25000000      -18.35984050
806.50000000      59.19214490
806.75000000      150.26700047
807.00000000      101.20473587
807.25000000      184.48536072
807.50000000      223.36888463
807.75000000      54.61531722
808.00000000      25.02466805
808.25000000      42.74694670
808.50000000      -5.33783729
808.75000000      -246.29967438
809.00000000      -208.24855504
809.25000000      -20.82446978
809.50000000      57.06259089
809.75000000      53.37263645
810.00000000      -87.03432365
810.25000000      109.32172002
810.50000000      438.86077691
810.75000000      43.83285640
811.00000000      -243.16203209
811.25000000      -125.92387920
811.50000000      -11.50267555
811.75000000      -38.02841181
812.00000000      -383.25107864
812.25000000      -623.06066672
812.50000000      -532.87716676
812.75000000      -196.34056947
813.00000000      88.09913443
813.25000000      97.00195419
813.50000000      2.88789904
813.75000000      -38.54302178
814.00000000      -489.93079908
814.25000000      -597.82542365
814.50000000      -34.69688631
814.75000000      -39.00517790
815.00000000      -225.65028928
815.25000000      -363.25221130
815.50000000      -293.38093486
815.75000000      -286.71645084
816.00000000      -531.69875016
816.25000000      -199.32782374
816.50000000      0.53633747
816.75000000      136.69374252
817.00000000      -33.45559956
817.25000000      -378.01167975
817.50000000      -490.66448907
817.75000000      -36.36401852
818.00000000      -127.27025913
818.25000000      58.08679806
818.50000000      71.95716197
818.75000000      362.49084155
819.00000000      -8.15215430
819.25000000      176.01818331
819.50000000      -13.25813672
819.75000000      155.48889446
820.00000000      315.98928571
820.25000000      108.39304587
820.50000000      57.16018377
820.75000000      -79.11929179
821.00000000      -49.10537202
821.25000000      -323.60804812
821.50000000      -144.58731133
821.75000000      90.00684709
822.00000000      258.15443589
822.25000000      246.33546379
822.50000000      57.79993950
822.75000000      -175.73212828
823.00000000      -264.78073087
823.25000000      -436.37585961
823.50000000      -394.49750584
823.75000000      -30.35566093
824.00000000      -188.80031625
824.25000000      -73.45146318
824.50000000      -77.38909313
824.75000000      -119.30319753
825.00000000      162.10623221
825.25000000      247.89920463
825.50000000      251.84572828
825.75000000      71.37581168
826.00000000      324.69946334
826.25000000      660.65669177
826.50000000      437.34750546
826.75000000      -191.10808714
827.00000000      -317.16007755
827.25000000      -387.45845734
827.50000000      -35.51321807
827.75000000      272.24564867
828.00000000      406.79815129
828.25000000      341.24429817
828.50000000      352.84409770
828.75000000      450.01755823
829.00000000      156.26468812
829.25000000      315.60549570
829.50000000      93.83998928
829.75000000      340.06817719
830.00000000      446.06006772
830.25000000      22.18566914
830.50000000      -191.01501028
830.75000000      -213.73196227
831.00000000      -161.95517860
831.25000000      30.19534896
831.50000000      86.98962863
831.75000000      186.25766861
832.00000000      81.24947708
832.25000000      -315.10493778
832.50000000      20.98443220
832.75000000      -25.10240484
833.00000000      -602.68544076
833.25000000      -255.38466743
833.50000000      6.21992324
833.75000000      241.81833937
834.00000000      189.75058902
834.25000000      177.55668028
834.50000000      349.42662120
834.75000000      295.23041983
835.00000000      -28.92191580
835.25000000      -71.74037768
835.50000000      72.92504220
835.75000000      -155.72564815
836.00000000      -144.65244078
836.25000000      -170.18532769
836.50000000      38.26569905
836.75000000      -142.34935261
837.00000000      -164.65047474
837.25000000      -21.20765942
837.50000000      60.13910125
837.75000000      -3.63018484
838.00000000      70.45449019
838.25000000      290.45313421
838.50000000      456.72575507
838.75000000      493.07236062
839.00000000      418.86295867
839.25000000      293.31755704
839.50000000      -197.65383645
839.75000000      -456.12121403
840.00000000      -336.34456790
840.25000000      -200.80389032
840.50000000      -92.58917351
840.75000000      -84.46040975
841.00000000      -158.19759130
841.25000000      -150.81071044
841.50000000      -340.97975948
841.75000000      -162.17473071
842.00000000      93.70438353
842.25000000      -268.49240907
842.50000000      -261.39510088
842.75000000      -204.92368424
843.00000000      -109.59815152
843.25000000      -78.60849510
843.50000000      476.23529261
843.75000000      502.95321923
844.00000000      273.23529232
844.25000000      326.81151946
844.50000000      159.73190821
844.75000000      -336.13353388
845.00000000      -107.12479929
845.25000000      -171.20188048
845.50000000      -248.99476996
845.75000000      -300.01346021
846.00000000      -509.18794375
846.25000000      -165.89821312
846.50000000      -118.08426083
846.75000000      -90.51607946
847.00000000      156.96633846
847.25000000      189.34300033
847.50000000      9.86391359
847.75000000      -12.53091437
848.00000000      -46.77147616
848.25000000      46.69223561
848.50000000      -20.74977170
848.75000000      468.42250928
849.00000000      407.67908588
849.25000000      180.16996545
849.50000000      -19.08484470
849.75000000      137.86466275
850.00000000      255.80849509
850.25000000      62.81665961
850.50000000      265.18916359
850.75000000      386.63601430
851.00000000      367.91721898
851.25000000      490.24278489
851.50000000      408.34271924
851.75000000      403.52702927
852.00000000      354.59572217
852.25000000      404.48880514
852.50000000      611.14628537
852.75000000      501.98817004
853.00000000      934.99446630
853.25000000      1478.44518131
853.50000000      1688.90032220
853.75000000      2345.97989611
854.00000000      3728.31391016
854.25000000      4749.04237144
854.50000000      5225.26528706
854.75000000      5590.58266410
855.00000000      6173.49450963
855.25000000      6374.10083071
855.50000000      6178.40163440
855.75000000      5945.59692774
856.00000000      6026.28671774
856.25000000      5735.27101144
856.50000000      4708.64981584
856.75000000      4397.42313793
857.00000000      3972.99098471
857.25000000      3558.65336313
857.50000000      2679.21028017
857.75000000      2344.06174278
858.00000000      1918.08775790
858.25000000      1853.13833245
858.50000000      1540.02347337
858.75000000      1181.98318755
859.00000000      682.52748190
859.25000000      807.71636331
859.50000000      829.12983864
859.75000000      938.40791477
860.00000000      757.03059855
860.25000000      550.12789682
860.50000000      785.75981642
860.75000000      1046.91636418
861.00000000      876.63754689
861.25000000      784.78337137
861.50000000      1055.37384441
861.75000000      841.35897279
862.00000000      439.18876327
862.25000000      364.54322262
862.50000000      564.58235758
862.75000000      360.73617490
863.00000000      336.15468130
863.25000000      676.35788350
863.50000000      432.27578820
863.75000000      532.01840211
864.00000000      515.21573191
864.25000000      109.39778427
864.50000000      -125.67543414
864.75000000      54.79608334
865.00000000      200.66234335
865.25000000      498.77335253
865.50000000      597.87911749
865.75000000      680.21964486
866.00000000      1319.07494123
866.25000000      1236.37501321
866.50000000      1155.03986737
866.75000000      1100.84951029
867.00000000      799.28394853
867.25000000      748.15318864
867.50000000      808.26723716
867.75000000      859.34610064
868.00000000      774.75978558
868.25000000      846.25829851
868.50000000      957.20164592
868.75000000      612.02983431
869.00000000      888.52287016
869.25000000      1142.96075994
869.50000000      1207.31351012
869.75000000      1477.19112714
870.00000000      1782.69361745
870.25000000      2043.94098748
870.50000000      2043.93324366
870.75000000      2774.69039239
871.00000000      3123.86244008
871.25000000      3702.92939312
871.50000000      3776.39125789
871.75000000      3603.64804078
872.00000000      3115.39974813
872.25000000      3250.34638631
872.50000000      3030.58796166
872.75000000      2714.22448051
873.00000000      2730.55594919
873.25000000      2494.18237400
873.50000000      2528.40376127
873.75000000      2320.62011727
874.00000000      2053.53144831
874.25000000      2097.30776064
874.50000000      1968.14906055
874.75000000      2085.27535428
875.00000000      1773.61664808
875.25000000      1988.71294819
875.50000000      1868.73426084
875.75000000      1527.86059225
876.00000000      1622.16194862
876.25000000      2013.66833616
876.50000000      2120.75976105
876.75000000      1619.47622948
877.00000000      1456.27774761
877.25000000      1522.12432161
877.50000000      1510.55595763
877.75000000      1536.63266181
878.00000000      1705.67444029
878.25000000      2278.04129918
878.50000000      2164.62324461
878.75000000      2161.45028268
879.00000000      2009.38241948
879.25000000      1735.01966111
879.50000000      1797.07201363
879.75000000      1943.78948312
880.00000000      2102.44207564
