790.00000000      142.72990234
790.25000000      178.41749527
790.50000000      19.27763985
790.75000000      -67.59965348
791.00000000      279.43562567
791.25000000      360.35348771
791.50000000      465.69394301
791.75000000      -12.59299806
792.00000000      -278.09732518
792.25000000      -294.42902801
792.50000000      -330.31809624
792.75000000      -562.06451960
793.00000000      -250.04828781
793.25000000      9.50060938
793.50000000      334.54218220
793.75000000      162.43644089
794.00000000      76.91339562
794.25000000      -154.09694341
794.50000000      -735.71456603
794.75000000      -627.48946210
795.00000000      -278.85162150
795.25000000      -48.73103410
795.50000000      -90.78768981
795.75000000      16.30842145
796.00000000      45.06730974
796.25000000      -194.15101489
796.50000000      -323.77654243
796.75000000      -230.27926284
797.00000000      -74.18916616
797.25000000      -110.81624239
797.50000000      -291.83048158
797.75000000      -55.81187378
798.00000000      86.38959093
798.25000000      89.84392245
798.50000000      112.66113068
798.75000000      153.94122550
799.00000000      -16.17578324
799.25000000      140.31011431
799.50000000      292.73892796
799.75000000      76.75066753
800.00000000      393.12534281
800.25000000      538.75296357
800.50000000      280.23353958
800.75000000      -220.60291943
801.00000000      -307.98640374
801.25000000      -156.92690363
801.50000000      63.57559059
801.75000000      275.96108860
802.00000000      89.53960005
802.25000000      21.31113458
802.50000000      -34.04429816
802.75000000      60.91331141
803.00000000      156.95397291
803.25000000      39.75769590
803.50000000      176.21448995
803.75000000      38.92436461
804.00000000      -43.30267060
804.25000000      46.35339383
804.50000000      -5.27743258
804.75000000      -187.21514037
805.00000000      -134.00972007
805.25000000      19.41883777
805.50000000      -103.86945741
805.75000000      -314.07459620
806.00000000      -385.53656919
806.25000000      -603.08536700
806.50000000      -358.96098026
806.75000000      -405.31339961
807.00000000      -219.80261572
807.25000000      -251.94861927
807.50000000      -193.49140093
807.75000000      -25.67095143
808.00000000      -94.68726149
808.25000000      -311.39032184
808.50000000      250.09987675
808.75000000      161.71334352
809.00000000      -37.65991231
809.25000000      -182.65988156
809.50000000      -117.19655503
809.75000000      27.69007644
810.00000000      -42.13997800
810.25000000      10.79329079
810.50000000      230.90989194
810.75000000      22.45983455
811.00000000      -50.95687230
811.25000000      -49.14021952
811.50000000      128.85980195
811.75000000      208.91320115
812.00000000      58.26998712
812.25000000      -55.95983114
812.50000000      -155.19624462
812.75000000      76.92075567
813.00000000      200.94117869
813.25000000      -107.57496660
813.50000000      -85.10767125
813.75000000      128.04307365
814.00000000      142.23727702
814.25000000      -39.07505225
814.50000000      -6.36390528
814.75000000      161.91072681
815.00000000      -62.15114715
815.25000000      -62.16951830
815.50000000      -518.71437784
815.75000000      -200.46571694
816.00000000      203.13647317
816.25000000      249.09220128
816.50000000      -40.45852385
816.75000000      -242.71569346
817.00000000      -32.27929883
817.25000000      -12.24933124
817.50000000      -246.31578197
817.75000000      -398.42864234
818.00000000      -145.74790368
818.25000000      -70.80355731
818.50000000      -69.34559460
818.75000000      -139.22400690
819.00000000      -184.27878561
819.25000000      360.48007789
819.50000000      494.79259219
819.75000000      360.12876586
820.00000000      393.21860746
820.25000000      187.21212554
820.50000000      -21.43067135
820.75000000      -75.10977472
821.00000000      -56.51517604
821.25000000      168.57313318
821.50000000      227.18516140
821.75000000      477.37091710
822.00000000      349.11040872
822.25000000      267.88364470
822.50000000      290.94063347
822.75000000      58.00138342
823.00000000      322.54590295
823.25000000      433.54420045
823.50000000      264.01628428
823.75000000      264.75216280
824.00000000      398.90184433
824.25000000      233.84533721
824.50000000      233.50264975
824.75000000      336.18379024
825.00000000      311.18876697
825.25000000      311.57758821
825.50000000      348.12026222
825.75000000      323.24679723
826.00000000      147.16720149
826.25000000      429.72148320
826.50000000      577.00965057
826.75000000      429.15171179
827.00000000      198.69767503
827.25000000      149.99754846
827.50000000      429.54134022
827.75000000      -50.10094155
828.00000000      -279.94928873
828.25000000      -2.90369320
828.50000000      112.29585312
828.75000000      388.06935832
829.00000000      471.91683047
829.25000000      319.85827763
829.50000000      207.69370783
829.75000000      199.52312911
830.00000000      305.11654948
830.25000000      -2.15602305
830.50000000      -82.75458049
830.75000000      -13.86911487
831.00000000      11.51038178
831.25000000      -69.73608259
831.50000000      -81.33850004
831.75000000      48.53313735
832.00000000      0.12883750
832.25000000      202.37860830
832.50000000      102.07245765
832.75000000      -70.40960659
833.00000000      -273.38757655
833.25000000      -453.48144439
833.50000000      -273.27120227
833.75000000      -38.06684236
834.00000000      208.47164314
834.25000000      -2.11573797
834.50000000      -279.63897791
834.75000000      -347.22806890
835.00000000      -90.77300319
835.25000000      112.01622698
835.50000000      -111.71037067
835.75000000      -155.75278841
836.00000000      257.92898146
836.25000000      308.00494665
836.50000000      -11.93488517
836.75000000      39.05949368
837.00000000      74.36809086
837.25000000      -26.57908599
837.50000000      308.37797076
837.75000000      56.21926875
838.00000000      -123.08518443
838.25000000      40.52461883
838.50000000      177.40868611
838.75000000      204.36702499
839.00000000      41.76964302
839.25000000      -167.16345225
839.50000000      -46.52225329
839.75000000      -41.37675256
840.00000000      85.01305744
840.25000000      -13.83281579
840.50000000      -100.00436476
840.75000000      -575.26158199
841.00000000      -475.38446003
841.25000000      -469.38299142
841.50000000      -512.93716872
841.75000000      -448.51698450
842.00000000      -250.02243136
842.25000000      -231.60350188
842.50000000      222.10981133
842.75000000      186.19751563
843.00000000      210.13961841
843.25000000      81.74612702
843.50000000      -190.79295121
843.75000000      -98.45760893
844.00000000      -225.55783883
844.25000000      -204.36363359
844.50000000      -0.82498593
844.75000000      -136.07188856
845.00000000      98.55566580
845.25000000      226.09768441
845.50000000      -11.07582549
845.75000000      -365.47485664
846.00000000      -397.02940184
846.25000000      -536.11945386
846.50000000      -567.68500550
846.75000000      -676.49604957
847.00000000      -398.39257888
847.25000000      -15.39458627
847.50000000      391.74793542
847.75000000      556.97499334
848.00000000      222.35659461
848.25000000      211.44274637
848.50000000      8.62345573
848.75000000      -251.57127022
849.00000000      -99.70142439
849.25000000      266.41300030
849.50000000      173.78201093
849.75000000      -170.64438546
850.00000000      -71.07618183
850.25000000      27.55662887
850.50000000      -91.45594636
850.75000000      -231.37390049
851.00000000      -278.46722653
851.25000000      -97.51591750
851.50000000      -190.78996641
851.75000000      -49.97936630
852.00000000      71.71588979
852.25000000      198.23580879
852.50000000      201.52039765
852.75000000      279.98966327
853.00000000      231.62361258
853.25000000      432.70225247
853.50000000      789.78558983
853.75000000      1157.54363154
854.00000000      2406.49638445
854.25000000      4055.81385544
854.50000000      5942.66605135
854.75000000      6997.61297900
855.00000000      7060.15464521
855.25000000      6762.39105682
855.50000000      6193.32222060
855.75000000      5471.14814336
856.00000000      5512.46883188
856.25000000      5475.08429291
856.50000000      5157.09453323
856.75000000      4866.49955958
857.00000000      4353.69937869
857.25000000      3814.99399729
857.50000000      3373.18342210
857.75000000      3096.66765983
858.00000000      2503.32671716
858.25000000      2182.01060078
858.50000000      1848.52931736
858.75000000      1797.12287357
859.00000000      1490.30127606
859.25000000      1247.12453146
859.50000000      1158.17264642
859.75000000      1092.08562755
860.00000000      966.34348146
860.25000000      891.07621475
860.50000000      904.34383402
860.75000000      952.13634583
861.00000000      860.49375676
861.25000000      363.27607337
861.50000000      451.50330220
861.75000000      393.12544979
862.00000000      275.59252267
862.25000000      631.58452736
862.50000000      816.26147036
862.75000000      689.05335817
863.00000000      753.11019728
863.25000000      870.95199416
863.50000000      500.50875527
863.75000000      483.89048708
864.00000000      762.71719603
864.25000000      736.54888856
864.50000000      724.11557108
864.75000000      529.22725002
865.00000000      333.73393178
865.25000000      456.48562275
865.50000000      528.23232933
865.75000000      707.21405788
866.00000000      427.71081478
866.25000000      397.65260637
866.50000000      543.95943900
866.75000000      790.41131901
867.00000000      1168.48825272
867.25000000      963.00024645
867.50000000      1017.75730650
867.75000000      1225.47943917
868.00000000      1106.53665075
868.25000000      1222.67894751
868.50000000      981.26633571
868.75000000      1037.73882162
869.00000000      1086.87641148
869.25000000      1335.95911153
869.50000000      1377.95692799
869.75000000      1874.47986709
870.00000000      1992.62793502
870.25000000      2053.52113800
870.50000000      2259.15948220
870.75000000      2731.52297380
871.00000000      2770.42161898
871.25000000      2992.09542390
871.50000000      3455.20439470
871.75000000      3252.10853752
872.00000000      3088.50785850
872.25000000      2968.14236375
872.50000000      3015.99205940
872.75000000      2902.30695153
873.00000000      2789.22704625
873.25000000      2594.51234964
873.50000000      2241.39286776
873.75000000      2278.24860669
874.00000000      2666.82957248
874.25000000      2436.25577118
874.50000000      2284.74720882
874.75000000      2134.52389143
875.00000000      2299.51582502
875.25000000      1939.26301561
875.50000000      2025.93546919
875.75000000      2013.71319176
876.00000000      2051.66618929
876.25000000      2018.82446775
876.50000000      1785.56803311
876.75000000      1793.93689132
877.00000000      1765.39104832
877.25000000      1711.89051004
877.50000000      1479.97528242
877.75000000      1788.70537136
878.00000000      1813.40078278
878.25000000      2047.42152257
878.50000000      2276.65759661
878.75000000      2319.13901080
879.00000000      2044.72577100
879.25000000      2589.01788306
879.50000000      2564.72535285
879.75000000      2544.09818620
880.00000000      2372.40638896
