790.00000000      -139.09552235
790.25000000      -77.71771281
790.50000000      -48.16677184
790.75000000      -281.35269008
791.00000000      76.37454182
791.25000000      319.98493319
791.50000000      105.01849334
791.75000000      -169.57476842
792.00000000      -130.38484280
792.25000000      -21.02172055
792.50000000      169.78460760
792.75000000      254.73415088
793.00000000      -23.55308149
793.25000000      173.69291971
793.50000000      -18.56783634
793.75000000      -472.97534046
794.00000000      -185.79958350
794.25000000      -295.11055629
794.50000000      -545.02824972
794.75000000      -496.10265467
795.00000000      -154.76376204
795.25000000      -259.94156274
795.50000000      -47.29604770
795.75000000      -151.49720788
796.00000000      -306.03503422
796.25000000      -290.54951771
796.50000000      -369.47064934
796.75000000      -180.26842012
797.00000000      -52.47282105
797.25000000      139.60615681
797.50000000      -192.70147758
797.75000000      -97.97571528
798.00000000      -64.06654738
798.25000000      -90.90396497
798.50000000      244.62204083
798.75000000      186.61147891
799.00000000      412.20435813
799.25000000      651.40068732
799.50000000      808.54047532
799.75000000      753.26373095
800.00000000      638.35046300
800.25000000      502.69068028
800.50000000      423.88439153
800.75000000      382.76160554
801.00000000      615.09233103
801.25000000      708.86657674
801.50000000      235.08435138
801.75000000      233.18566366
802.00000000      366.48052225
802.25000000      538.96893583
802.50000000      249.33091306
802.75000000      -114.99353743
803.00000000      42.76559301
803.25000000      -237.71168703
803.50000000      -225.53536894
803.75000000      -271.10544413
804.00000000      -199.61190403
804.25000000      224.76525991
804.50000000      285.85605624
804.75000000      77.64049349
805.00000000      10.56858017
805.25000000      -30.27967522
805.50000000      -186.84426419
805.75000000      -150.32517827
806.00000000      -98.06240899
806.25000000      145.11405208
806.50000000      319.96421338
806.75000000      393.33808332
807.00000000      311.57567031
807.25000000      -263.84301726
807.50000000      -513.65797101
807.75000000      -455.10918259
808.00000000      -195.39664365
808.25000000      34.62965415
808.50000000      78.84971913
808.75000000      34.19355960
809.00000000      -126.44881616
809.25000000      -441.71739985
809.50000000      -125.52218322
809.75000000      -87.90315801
810.00000000      -255.00031598
810.25000000      -329.33364890
810.50000000      -302.48314857
810.75000000      -231.19880679
811.00000000      81.11938464
811.25000000      -67.32856612
811.50000000      -141.59265091
811.75000000      78.19713842
812.00000000      96.29080999
812.25000000      -17.20162807
812.50000000      108.29983235
812.75000000      346.15519933
813.00000000      309.91448096
813.25000000      402.13768529
813.50000000      508.34482039
813.75000000      180.23589429
814.00000000      75.17091502
814.25000000      242.59989058
814.50000000      168.05282899
814.75000000      120.06973823
815.00000000      97.75062628
815.25000000      103.47550108
815.50000000      -228.32562940
815.75000000      -61.33275723
816.00000000      -164.98587450
816.25000000      -397.28497328
816.50000000      -602.09004569
816.75000000      -637.60108384
817.00000000      -483.41807986
817.25000000      -209.64102589
817.50000000      19.04008592
817.75000000      -244.32473661
818.00000000      -179.89548565
818.25000000      -182.20215340
818.50000000      -107.99473205
818.75000000      228.87678616
819.00000000      188.57240901
819.25000000      30.08214426
819.50000000      68.14599965
819.75000000      297.23398291
820.00000000      126.07610177
820.25000000      112.82236392
820.50000000      285.93277707
820.75000000      222.99734888
821.00000000      322.35608705
821.25000000      364.19899921
821.50000000      47.56609302
821.75000000      -368.49262390
822.00000000      -374.99714392
822.25000000      38.53254056
822.50000000      89.34643715
822.75000000      52.16455341
823.00000000      -116.53310307
823.25000000      -262.77652474
823.50000000      -190.54570405
823.75000000      72.94936653
824.00000000      299.85869452
824.25000000      258.56228744
824.50000000      364.98015278
824.75000000      122.42229803
825.00000000      -122.81126935
825.25000000      -69.66054188
825.50000000      -9.35551211
825.75000000      -134.46617262
826.00000000      254.21748403
826.25000000      412.53546525
826.50000000      329.58777844
826.75000000      383.49443099
827.00000000      -44.19456972
827.25000000      -228.12921632
827.50000000      110.18049853
827.75000000      19.30458219
828.00000000      -21.77695802
828.25000000      20.03588523
828.50000000      -87.99688076
828.75000000      -146.45524870
829.00000000      -90.83921130
829.25000000      -2.12876128
829.50000000      -9.52389139
829.75000000      -63.92459438
830.00000000      -145.56086301
830.25000000      -501.06269006
830.50000000      -636.89006830
830.75000000      -673.23299054
831.00000000      -533.08144959
831.25000000      -430.55543826
831.50000000      -346.38494940
831.75000000      -47.73997583
832.00000000      264.62948958
832.25000000      307.65345397
832.50000000      559.12192447
832.75000000      235.41490817
833.00000000      -295.78758781
833.25000000      -340.10555639
833.50000000      -252.11899049
833.75000000      -304.13788305
834.00000000      -493.82222701
834.25000000      -483.63201532
834.50000000      -290.37724096
834.75000000      -500.18789690
835.00000000      -21.95397613
835.25000000      -66.38547165
835.50000000      49.66762351
835.75000000      209.40531635
836.00000000      1.86761383
836.25000000      187.72452290
836.50000000      442.56605050
836.75000000      145.34220357
837.00000000      -85.56701097
837.25000000      -399.73158622
837.50000000      -7.99151526
837.75000000      81.63320878
838.00000000      30.11259279
838.25000000      41.50664363
838.50000000      -47.82463184
838.75000000      -121.08122677
839.00000000      -238.89313434
839.25000000      -405.04034772
839.50000000      -260.61286010
839.75000000      -118.68066467
840.00000000      -58.50375464
840.25000000      -262.56212323
840.50000000      -92.94576368
840.75000000      -43.41466922
841.00000000      138.25116689
841.25000000      630.04175139
841.50000000      313.27709101
841.75000000      -193.51280753
842.00000000      -72.22793753
842.25000000      68.98170771
842.50000000      22.48613487
842.75000000      92.36535062
843.00000000      177.09936163
843.25000000      221.49817456
843.50000000      103.75179604
843.75000000      67.88023270
844.00000000      325.57349118
844.25000000      108.56157808
844.50000000      81.89450000
844.75000000      -81.55773647
845.00000000      -72.13512475
845.25000000      -65.79765826
845.50000000      -317.17533045
845.75000000      -260.77813477
846.00000000      -48.53606468
846.25000000      114.17088635
846.50000000      166.40272484
846.75000000      225.38945729
847.00000000      246.29109021
847.25000000      65.08763009
847.50000000      -92.97091661
847.75000000      138.05545659
848.00000000      33.23675614
848.25000000      -199.87701150
848.50000000      -234.89583990
848.75000000      137.71027736
849.00000000      451.38134671
849.25000000      502.29737455
849.50000000      399.46836728
849.75000000      350.84433128
850.00000000      415.21527294
850.25000000      212.65119862
850.50000000      -28.55788533
850.75000000      158.32802745
851.00000000      221.03894329
851.25000000      -9.20513147
851.50000000      -3.67419053
851.75000000      220.94177242
852.00000000      214.44276369
852.25000000      236.76878956
852.50000000      315.85985630
852.75000000      239.13597020
853.00000000      604.57713750
853.25000000      1130.46336446
853.50000000      1573.35465732
853.75000000      2316.92102230
854.00000000      3872.64246563
854.25000000      5391.80899351
854.50000000      5981.47061215
854.75000000      6543.22732774
855.00000000      7049.57914645
855.25000000      7074.62607447
855.50000000      6667.36811795
855.75000000      6077.00528304
856.00000000      6015.13757589
856.25000000      5830.56500264
856.50000000      5374.38756940
856.75000000      4437.60528230
857.00000000      4099.61814743
857.25000000      3452.72617089
857.50000000      2816.72935877
857.75000000      2313.05771714
858.00000000      2041.50125208
858.25000000      1996.99996964
858.50000000      1715.33387587
858.75000000      1386.74297680
859.00000000      796.73727848
859.25000000      978.37678691
859.50000000      1071.24150811
859.75000000      911.97144809
860.00000000      785.04661283
860.25000000      664.59700832
860.50000000      762.68264054
860.75000000      1147.29351544
861.00000000      1035.46963899
861.25000000      900.07101712
861.50000000      788.11765579
861.75000000      663.55956091
862.00000000      941.84673841
862.25000000      594.65919420
862.50000000      585.15693417
862.75000000      269.76996422
863.00000000      572.64829024
863.25000000      610.31191809
863.50000000      718.69085364
863.75000000      807.89510275
864.00000000      915.55467126
864.25000000      864.19956502
864.50000000      958.58978984
864.75000000      710.52535156
865.00000000      509.85625597
865.25000000      477.43250889
865.50000000      591.00411610
865.75000000      837.81108340
866.00000000      735.13341655
866.25000000      765.90112133
866.50000000      738.03420348
866.75000000      629.31266877
867.00000000      954.21652292
867.25000000      1034.55577167
867.50000000      647.14042075
867.75000000      879.69047586
868.00000000      839.57594272
868.25000000      972.54682701
868.50000000      1029.96313443
868.75000000      1042.26487066
869.00000000      1144.23204136
869.25000000      1252.14465220
869.50000000      1439.97270882
869.75000000      1884.32621688
870.00000000      2397.30518201
870.25000000      2589.02960983
870.50000000      2939.47950597
870.75000000      2938.73487604
871.00000000      2930.38572563
871.25000000      2798.98206034
871.50000000      3011.87388575
871.75000000      3225.61120745
872.00000000      2954.84403099
872.25000000      2783.31236193
872.50000000      2848.01620583
872.75000000      2739.14556823
873.00000000      2570.90045466
873.25000000      2355.02087064
873.50000000      1981.73682170
873.75000000      1960.42831334
874.00000000      1708.84535106
874.25000000      1681.10794035
874.50000000      1542.43608670
874.75000000      1843.04979558
875.00000000      2022.87907245
875.25000000      2034.46392278
875.50000000      1920.97435202
875.75000000      2017.59036561
876.00000000      2214.38196897
876.25000000      1876.37916755
876.50000000      1617.96196674
876.75000000      1888.17037197
877.00000000      1826.46438863
877.25000000      1483.80402212
877.50000000      1428.72927782
877.75000000      1494.30016110
878.00000000      1846.83667733
878.25000000      2033.69883189
878.50000000      2141.77663010
878.75000000      1989.10007733
879.00000000      2172.52917890
879.25000000      2375.66394014
879.50000000      2159.21436638
879.75000000      2017.43046292
880.00000000      1928.58223507
