790.00000000      204.68560067
790.25000000      32.46693433
790.50000000      -245.57893262
790.75000000      -266.36199045
791.00000000      13.76777054
791.25000000      63.78036005
791.50000000      -18.78421226
791.75000000      -95.97593673
792.00000000      110.61519629
792.25000000      46.37919642
792.50000000      -11.41392673
792.75000000      -197.06416357
793.00000000      -417.95150452
793.25000000      -122.30594002
793.50000000      -270.16746052
793.75000000      -635.17605650
794.00000000      -466.60171844
794.25000000      -257.51443684
794.50000000      77.96579778
794.75000000      73.28899488
795.00000000      11.02516392
795.25000000      -212.75568567
795.50000000      -246.71354446
795.75000000      128.48159694
796.00000000      40.33974792
796.25000000      -88.77908214
796.50000000      -437.30488389
796.75000000      6.29235202
797.00000000      -44.51736509
797.25000000      -38.04402590
797.50000000      -201.95762113
797.75000000      -270.83814148
798.00000000      -2.53557771
798.25000000      -181.97992054
798.50000000      -62.06116076
798.75000000      -55.67928915
799.00000000      251.30570351
799.25000000      86.89382640
799.50000000      208.42508869
799.75000000      344.53949954
800.00000000      277.01706810
800.25000000      61.74780349
800.50000000      360.33171483
800.75000000      89.59881122
801.00000000      206.31910174
801.25000000      309.48259545
801.50000000      533.08930141
801.75000000      460.57922867
802.00000000      748.22238623
802.25000000      701.14878312
802.50000000      584.88842833
802.75000000      139.95133083
803.00000000      102.09749960
803.25000000      -261.99305643
803.50000000      -396.43032831
803.75000000      -439.61430712
804.00000000      -281.73498396
804.25000000      -195.97234993
804.50000000      -115.49639616
804.75000000      -336.32711379
805.00000000      -79.01449397
805.25000000      -80.47852786
805.50000000      -62.65920665
805.75000000      -146.75652152
806.00000000      94.88953630
806.25000000      -18.55102441
806.50000000      115.68180512
806.75000000      147.43803364
807.00000000      113.05766987
807.25000000      496.02072253
807.50000000      34.58720034
807.75000000      -310.48288803
808.00000000      12.61046611
808.25000000      231.01727141
808.50000000      -80.38246347
808.75000000      -98.65872990
809.00000000      -398.92151926
809.25000000      -265.81082295
809.50000000      56.76336762
809.75000000      -107.23893896
810.00000000      -185.95773414
810.25000000      -122.91300936
810.50000000      -183.68475608
810.75000000      -142.02296580
811.00000000      -40.32762999
811.25000000      -30.39874017
811.50000000      369.71371215
811.75000000      289.87973543
812.00000000      2.34933813
812.25000000      -269.76747131
812.50000000      59.10931552
812.75000000      157.33970705
813.00000000      4.47371167
813.25000000      -289.92866223
813.50000000      -364.34740629
813.75000000      34.91748786
814.00000000      90.22602855
814.25000000      -118.97177587
814.50000000      -103.14591710
814.75000000      -154.75638683
815.00000000      -9.70317678
815.25000000      251.39372135
815.50000000      45.96431581
815.75000000      -211.67138516
816.00000000      -319.95337331
816.25000000      -78.88164041
816.50000000      -268.31617827
816.75000000      -157.45697868
817.00000000      -2.90403346
817.25000000      2.24266556
817.50000000      -370.70687346
817.75000000      -535.70264238
818.00000000      -316.90463306
818.25000000      -59.84283739
818.50000000      -87.26724726
818.75000000      -15.02785459
819.00000000      261.03534871
819.25000000      252.91237071
819.50000000      567.34321945
819.75000000      524.79790297
820.00000000      334.00642931
820.25000000      482.11880648
820.50000000      253.59504248
820.75000000      -88.97485471
821.00000000      -100.25087710
821.25000000      -349.04301674
821.50000000      -273.31126568
821.75000000      198.99438403
822.00000000      430.85394031
822.25000000      314.74741106
822.50000000      84.92480419
822.75000000      49.10612759
823.00000000      165.77138913
823.25000000      -20.10940334
823.50000000      -334.51624195
823.75000000      -165.65911889
824.00000000      54.61197369
824.25000000      38.67704359
824.50000000      393.45609860
824.75000000      270.25914652
825.00000000      162.38619512
825.25000000      118.89725216
825.50000000      251.56232539
825.75000000      156.81142254
826.00000000      227.85455134
826.25000000      259.53171950
826.50000000      201.94293472
826.75000000      359.20820469
827.00000000      144.87753709
827.25000000      588.30093957
827.50000000      727.96841979
827.75000000      224.44998538
828.00000000      13.72564397
828.25000000      -310.10459681
828.50000000      -149.78072939
828.75000000      298.11725385
829.00000000      535.08936048
829.25000000      265.15559805
829.50000000      225.11597413
829.75000000      135.07049627
830.00000000      -29.21082803
830.25000000      106.64200878
830.50000000      241.16901418
830.75000000      281.18019569
831.00000000      241.68556077
831.25000000      -343.43488310
831.50000000      -269.91112846
831.75000000      63.08683213
832.00000000      181.80900611
832.25000000      100.18540090
832.50000000      -78.99397608
832.75000000      -272.34911744
833.00000000      -133.20001579
833.25000000      31.83333625
833.50000000      -26.82905395
833.75000000      -224.49717905
834.00000000      -96.83103171
834.25000000      286.70939542
834.50000000      296.31410964
834.75000000      -10.14688174
835.00000000      -322.56357142
835.25000000      -363.64595212
835.50000000      34.75598343
835.75000000      226.84224249
836.00000000      63.65283232
836.25000000      -5.14223985
836.50000000      86.04703321
836.75000000      -44.82934129
837.00000000      -134.39135614
837.25000000      -10.20900416
837.50000000      360.87772184
837.75000000      396.84882904
838.00000000      435.67432458
838.25000000      405.41421562
838.50000000      -116.57149072
838.75000000      -39.48278729
839.00000000      -34.94966700
839.25000000      -149.75212273
839.50000000      -557.98014740
839.75000000      -344.70373393
840.00000000      -93.18287525
840.25000000      -99.89756429
840.50000000      143.06220598
840.75000000      153.93644261
841.00000000      216.94515261
841.25000000      173.07834301
841.50000000      -270.34397920
841.75000000      -320.79180702
842.00000000      -256.16513347
842.25000000      58.38604841
842.50000000      -328.76825441
842.75000000      -632.54803498
843.00000000      -178.47328637
843.25000000      -348.73400165
843.50000000      -160.14017391
843.75000000      26.32820377
844.00000000      -41.63886173
844.25000000      190.68863647
844.50000000      467.36070526
844.75000000      291.24735149
845.00000000      181.00858201
845.25000000      319.68440367
845.50000000      -207.35517671
845.75000000      -536.62015231
846.00000000      -589.04051632
846.25000000      -369.99626193
846.50000000      -104.42738237
846.75000000      58.89612915
847.00000000      200.13427938
847.25000000      -49.73292490
847.50000000      -183.45547697
847.75000000      -197.09337007
848.00000000      -36.57659750
848.25000000      -94.35515253
848.50000000      -92.03902846
848.75000000      178.89178139
849.00000000      -48.09271627
849.25000000      -238.84251479
849.50000000      -138.33760750
849.75000000      58.37201224
850.00000000      -143.92364890
850.25000000      -285.15458432
850.50000000      -175.03078738
850.75000000      -131.81225148
851.00000000      -340.76897002
851.25000000      -107.68093639
851.50000000      149.18185596
851.75000000      -93.87058638
852.00000000      13.96174314
852.25000000      332.61885108
852.50000000      350.04074397
852.75000000      190.64742834
853.00000000      382.41891071
853.25000000      813.63519760
853.50000000      1293.85629549
853.75000000      2287.70221088
854.00000000      3084.80295024
854.25000000      4472.29852005
854.50000000      5251.28892677
854.75000000      5622.37417684
855.00000000      5922.05427670
855.25000000      5741.42923279
855.50000000      5701.49905151
855.75000000      5816.46373929
856.00000000      5702.92330252
856.25000000      5733.67774759
856.50000000      5219.82708087
856.75000000      4685.37130875
857.00000000      4200.71043758
857.25000000      3251.14447371
857.50000000      2916.47342347
857.75000000      2735.09729322
858.00000000      2226.91608925
858.25000000      1371.71981789
858.50000000      1416.37848544
858.75000000      1365.11209818
859.00000000      1241.43066241
859.25000000      707.39418439
859.50000000      163.58267039
859.75000000      309.63612666
860.00000000      465.03455944
860.25000000      674.90797498
860.50000000      585.31637949
860.75000000      408.24977919
861.00000000      590.74818029
861.25000000      91.67158898
861.50000000      333.04001145
861.75000000      519.80345388
862.00000000      793.41192243
862.25000000      827.54542327
862.50000000      708.36396254
862.75000000      240.29754638
863.00000000      294.49618093
863.25000000      457.47987230
863.50000000      403.17862661
863.75000000      165.70244996
864.00000000      221.67134844
864.25000000      365.64532814
864.50000000      469.35439513
864.75000000      766.60855547
865.00000000      814.25781522
865.25000000      899.15218044
865.50000000      1124.04165715
865.75000000      992.16625139
866.00000000      1033.80596917
866.25000000      691.89081650
866.50000000      637.34079939
866.75000000      733.93592383
867.00000000      735.15619580
867.25000000      658.81162127
867.50000000      421.71220621
867.75000000      592.57795658
868.00000000      1000.77887831
868.25000000      1133.06497736
868.50000000      1084.79625964
868.75000000      1151.41273107
869.00000000      1123.69439758
869.25000000      1057.92126505
869.50000000      1134.06333938
869.75000000      1460.73062646
870.00000000      1702.02313216
870.25000000      2057.06086234
870.50000000      2433.82382286
870.75000000      2955.39201958
871.00000000      3189.35545832
871.25000000      3163.21414493
871.50000000      3129.46808521
871.75000000      3400.51728499
872.00000000      3134.06175007
872.25000000      3033.80148625
872.50000000      3035.83649930
872.75000000      2813.26679502
873.00000000      2205.36237916
873.25000000      1998.79325749
873.50000000      2013.81943575
873.75000000      1752.82091971
874.00000000      1813.54771507
874.25000000      1529.11982759
874.50000000      1661.75726296
874.75000000      1900.68002690
875.00000000      1802.81812510
875.25000000      1744.71156327
875.50000000      1565.53034708
875.75000000      1504.45448221
876.00000000      1343.55397432
876.25000000      1102.85882907
876.50000000      1488.74905210
876.75000000      1463.26464907
877.00000000      1838.86562559
877.25000000      1820.51198730
877.50000000      1750.74373981
877.75000000      1763.62088872
878.00000000      1887.46343963
878.25000000      1784.63139813
878.50000000      1769.01476981
878.75000000      1705.64356023
879.00000000      1687.37777497
879.25000000      1826.81741956
879.50000000      1792.67249958
879.75000000      1725.19302054
880.00000000      1612.64898800
