45.8467 12995.0
45.8467 12984.0
45.8467 12864.0
45.8467 13058.0
45.8467 12885.0
45.8467 12901.0
45.8467 12854.0
45.8467 12902.0
45.8467 12903.0
45.8467 12834.0
45.8467 12861.0
45.8467 12844.0
45.8467 13036.0
45.8467 12944.0
45.8467 12838.0
45.8467 12898.0
45.8467 12793.0
45.8467 12762.0
45.8467 12895.0
45.8467 13009.0
45.8467 12962.0
45.8467 13124.0
45.8467 13223.0
45.8467 12959.0
45.8467 12974.0
45.8467 13217.0
45.8467 13147.0
45.8467 12972.0
45.8467 12914.0
45.8467 12913.0
45.8467 12979.0
45.8467 12885.0
45.8467 13188.0
45.8467 13051.0
45.8467 13321.0
45.8467 13160.0
45.8467 13082.0
45.8467 13139.0
45.8467 13191.0
45.8467 13045.0
45.8467 13102.0
45.8467 13044.0
45.8467 13153.0
45.8467 13134.0
45.8467 13046.0
45.8467 13243.0
45.8467 13185.0
45.8467 13181.0
45.8467 13107.0
45.8467 13252.0
45.8467 13115.0
45.8467 13138.0
45.8467 12973.0
45.8467 13187.0
45.8467 13094.0
45.8467 13332.0
45.8467 13050.0
45.8467 13060.0
45.8467 13428.0
45.8467 13013.0
45.8467 13013.0
45.8467 13052.0
45.8467 13011.0
45.8467 13083.0
45.8467 13108.0
45.8467 13233.0
45.8467 13199.0
45.8467 12987.0
45.8467 13031.0
45.8467 12985.0
45.8467 13008.0
45.8467 12949.0
45.8467 13157.0
45.8467 13000.0
45.8467 12995.0
45.8467 13337.0
45.8467 13092.0
45.8467 12956.0
45.8467 13073.0
45.8467 13199.0
45.8467 12937.0
45.8467 13007.0
45.8467 13007.0
45.8467 12993.0
45.8467 13300.0
45.8467 13034.0
45.8467 13283.0
45.8467 13397.0
45.8467 13138.0
45.8467 13053.0
45.8467 12964.0
45.8467 13004.0
45.8467 12986.0
45.8467 12955.0
45.8467 13099.0
45.8467 12881.0
45.8467 13086.0
45.8467 13024.0
45.8467 13202.0
45.8467 12907.0
45.8467 13035.0
45.8467 12877.0
45.8467 12999.0
45.8467 12843.0
45.8467 13016.0
45.8467 13213.0
45.8467 13055.0
45.8467 12909.0
45.8467 13088.0
45.8467 12962.0
45.8467 13036.0
45.8467 12856.0
45.8467 13007.0
45.8467 12948.0
45.8467 13079.0
45.8467 12749.0
45.8467 12795.0
45.8467 13009.0
45.8467 12672.0
45.8467 12885.0
45.8467 12928.0
45.8467 12933.0
45.8467 12839.0
45.8467 12973.0
45.8467 12974.0
45.8467 12860.0
45.8467 13058.0
45.8467 12822.0
45.8467 12816.0
45.8467 13017.0
45.8467 12515.0
45.8672 12780.0
45.8467 12842.0
45.8672 12726.0
45.8467 12892.0
45.8672 12740.0
45.8467 12713.0
45.8467 12921.0
45.8467 12748.0
45.8467 12824.0
45.8467 12824.0
45.8467 12800.0
45.8467 12873.0
45.8467 12991.0
45.8467 12922.0
45.8467 12841.0
45.8467 12915.0
45.8467 12721.0
45.8467 12852.0
45.8467 12998.0
45.8467 12836.0
45.8467 12969.0
45.8467 12856.0
45.8467 12739.0
45.8467 12950.0
45.8467 12997.0
45.8467 13023.0
45.8467 12876.0
45.8467 12892.0
45.8467 12880.0
45.8467 12877.0
45.8467 12987.0
45.8467 13042.0
45.8467 13057.0
45.8467 12805.0
45.8467 12979.0
45.8467 13049.0
45.8467 13249.0
45.8467 12851.0
45.8467 12949.0
45.8467 12935.0
45.8467 12705.0
45.8467 12980.0
45.8467 12967.0
45.8467 13056.0
45.8467 13016.0
45.8467 13016.0
45.8467 13119.0
45.8467 13146.0
45.8467 13263.0
45.8467 13094.0
45.8467 13189.0
45.8467 12987.0
45.8467 13225.0
45.8467 12855.0
45.8467 13420.0
45.8467 13152.0
45.8467 13063.0
45.8467 12915.0
45.8467 12993.0
45.8467 13219.0
45.8467 13035.0
45.8467 13042.0
45.8467 12867.0
45.8467 13248.0
45.8467 13269.0
45.8467 13122.0
45.8467 13303.0
45.8467 13293.0
45.8467 13179.0
45.8467 13124.0
45.8467 13158.0
45.8467 13166.0
45.8467 13084.0
45.8467 13068.0
45.8467 13113.0
45.8467 13053.0
45.8467 12866.0
45.8467 13239.0
45.8467 13190.0
45.8467 13085.0
45.8467 13130.0
45.8467 12951.0
45.8467 13119.0
45.8467 12915.0
45.8467 13186.0
45.8467 13115.0
45.8467 13003.0
45.8467 12953.0
45.8467 13031.0
45.8467 13178.0
45.8467 12944.0
45.8467 12924.0
45.8467 13079.0
45.8467 12887.0
45.8467 12805.0
45.8467 13031.0
45.8467 13001.0
45.8467 12829.0
45.8467 12890.0
45.8467 13003.0
45.8467 12985.0
45.8467 12894.0
45.8467 13146.0
45.8467 13050.0
45.8467 12886.0
45.8467 12892.0
45.8467 13013.0
45.8467 13120.0
45.8467 12859.0
45.8467 12920.0
45.8467 13109.0
45.8467 13021.0
45.8467 12857.0
45.8467 12973.0
45.8467 12722.0
45.8467 12933.0
45.8467 12982.0
45.8467 13013.0
45.8467 12609.0
45.8467 12898.0
45.8467 12848.0
45.8467 12682.0
45.8467 12889.0
45.8467 12909.0
45.8467 12830.0
45.8467 12830.0
45.8467 13017.0
45.8467 12807.0
45.8467 12854.0
45.8467 13066.0
45.8467 13038.0
45.8467 12826.0
45.8467 13034.0
45.8467 12797.0
45.8467 13011.0
45.8467 12928.0
45.8467 12925.0
45.8467 13093.0
45.8467 13150.0
45.8467 12965.0
45.8467 13097.0
45.8467 13073.0
45.8467 13023.0
45.8467 13052.0
45.8467 13047.0
45.8467 13066.0
45.8467 13224.0
45.8467 12833.0
45.8467 12947.0
45.8467 13188.0
45.8467 12943.0
45.8467 13018.0
45.8467 13084.0
45.8467 12963.0
45.8467 12991.0
45.8467 12954.0
45.8467 13175.0
45.8467 12976.0
45.8467 13104.0
45.8467 13098.0
45.8467 13156.0
45.8467 13046.0
45.8467 13068.0
45.8467 13084.0
45.8467 13259.0
45.8467 12893.0
45.8467 13130.0
45.8467 12973.0
45.8467 12890.0
45.8467 13046.0
45.8467 13355.0
45.8467 13014.0
45.8467 13040.0
45.8467 13083.0
45.8467 13031.0
45.8467 13309.0
45.8467 13257.0
45.8467 13257.0
45.8467 13161.0
45.8467 13084.0
45.8467 13161.0
45.8467 13026.0
45.8467 13049.0
45.8467 13096.0
45.8467 13133.0
45.8467 12982.0
45.8467 13209.0
45.8467 13209.0
45.8467 13075.0
45.8467 12835.0
45.8467 13127.0
45.8467 12987.0
45.8467 13017.0
45.8467 13102.0
45.8467 13192.0
45.8467 13191.0
45.8467 12882.0
45.8467 13093.0
45.8467 13018.0
45.8467 13097.0
45.8467 13126.0
45.8467 13200.0
45.8467 13092.0
45.8467 12963.0
45.8467 12989.0
45.8467 13111.0
45.8467 12998.0
45.8467 12958.0
45.8467 13193.0
45.8467 13067.0
45.8467 12903.0
45.8467 13006.0
45.8467 12987.0
45.8467 13132.0
45.8467 12932.0
45.8467 13391.0
45.8467 12999.0
45.8467 13160.0
45.8467 12987.0
45.8467 13004.0
45.8467 13011.0
45.8467 13000.0
45.8467 12929.0
45.8467 13129.0
45.8467 12895.0
45.8467 12989.0
45.8467 12928.0
45.8467 13007.0
45.8467 12881.0
45.8467 12955.0
45.8467 13068.0
45.8467 12865.0
45.8467 12836.0
45.8467 12914.0
45.8467 12945.0
45.8467 12966.0
45.8467 12888.0
45.8467 12926.0
45.8467 13265.0
